0 0.0 0.0 0.277416666667
1 0.0 0.0 0.278416666667
2 0.0 0.0 0.2785
3 0.0 0.0 0.272583333333
4 0.0 0.0 0.264833333333
5 0.0 0.0 0.26375
6 0.0 0.0 0.262666666667
7 0.0 0.0 0.2535
8 0.0 0.0 0.24
9 0.0 0.0 0.24075
10 0.0 0.0 0.23975
11 0.0 0.0 0.241333333333
12 0.0 0.0 0.242416666667
13 0.0 0.0 0.241666666667
14 0.0 -0.05 0.242333333333
15 0.0 -0.1 0.243083333333
16 0.0 -0.1 0.243
17 0.0 -0.1 0.243
18 0.0 -0.1 0.243166666667
19 0.0 -0.1 0.243333333333
20 0.0 -0.1 0.243583333333
21 0.0 -0.1 0.244166666667
22 0.0 -0.1 0.243916666667
23 0.0 -0.1 0.244
24 0.0 -0.1 0.24425
25 0.0 -0.1 0.24475
26 0.0 -0.1 0.245
27 0.0 -0.1 0.246
28 0.0 -0.1 0.24625
29 0.0 -0.1 0.2465
30 0.0 0.0 0.247583333333
31 0.0 0.0 0.248166666667
32 0.0 0.0 0.249666666667
33 0.0 0.0 0.24975
34 0.0 0.0 0.25075
35 0.0 0.0 0.252083333333
36 0.0 0.0 0.252916666667
37 0.0 0.0 0.254166666667
38 0.0 0.0 0.254166666667
39 0.0 0.0 0.255
40 0.0 0.0 0.2555
41 -0.01 0.0 0.255
42 -0.01 0.0 0.256083333333
43 -0.01 0.0 0.256583333333
44 -0.01 0.0 0.256833333333
45 -0.01 0.0 0.255583333333
46 -0.01 0.0 0.255166666667
47 -0.01 0.0 0.255666666667
48 -0.01 0.0 0.253666666667
49 -0.01 0.0 0.251166666667
50 -0.01 0.0 0.248333333333
51 -0.01 0.0 0.245583333333
52 -0.01 0.0 0.245666666667
53 -0.01 0.0 0.243083333333
54 -0.01 0.0 0.241583333333
55 -0.01 0.0 0.240833333333
56 -0.01 0.0 0.240833333333
57 -0.01 0.0 0.24075
58 0.0 0.0 0.241416666667
59 0.0 0.0 0.242666666667
60 0.0 0.0 0.242666666667
61 0.0 0.0 0.24425
62 0.0 0.0 0.245166666667
63 0.0 0.0 0.246583333333
64 0.0 0.0 0.246916666667
65 0.0 0.0 0.2465
66 0.0 0.0 0.247333333333
67 0.0 0.0 0.2465
68 0.0 0.0 0.24625
69 0.0 0.0 0.245666666667
70 0.0 0.0 0.245666666667
71 0.0 0.0 0.245083333333
72 0.0 0.0 0.244916666667
73 0.0 0.0 0.245416666667
74 0.0 0.0 0.244666666667
75 0.0 0.0 0.24525
76 0.0 0.0 0.2455
77 0.0 0.0 0.245083333333
78 0.0 0.0 0.24425
79 0.0 0.0 0.243833333333
80 0.0 0.0 0.24375
81 0.0 0.0 0.244083333333
82 0.0 0.0 0.244083333333
83 0.0 0.0 0.243583333333
84 0.0 0.0 0.24225
85 0.0 0.0 0.242833333333
86 0.0 0.0 0.24275
87 0.0 0.0 0.243083333333
88 0.0 0.0 0.2435
89 0.0 0.0 0.243416666667
90 0.0 0.0 0.243833333333
91 0.0 0.0 0.243666666667
92 0.0 0.0 0.244166666667
93 0.0 0.0 0.243833333333
94 0.0 0.0 0.24375
95 0.0 0.0 0.243
96 0.0 0.0 0.244083333333
97 0.0 0.0 0.243416666667
98 0.0 0.0 0.244416666667
99 0.0 0.0 0.244083333333
100 0.0 0.0 0.244333333333
101 0.0 0.0 0.244333333333
102 0.0 0.0 0.24425
103 0.0 0.0 0.245166666667
104 0.0 0.0 0.245666666667
105 0.0 0.0 0.245583333333
106 0.0 0.0 0.24575
107 0.0 0.0 0.24575
108 0.0 0.0 0.246333333333
109 0.0 0.0 0.246333333333
110 0.0 0.0 0.2455
111 0.0 0.0 0.246083333333
112 0.0 0.0 0.24625
113 0.0 0.0 0.24675
114 0.0 0.0 0.24625
115 0.0 0.0 0.246333333333
116 0.0 0.0 0.245916666667
117 0.0 0.0 0.245833333333
118 0.0 0.0 0.245833333333
119 0.0 0.0 0.246166666667
120 0.0 0.0 0.246166666667
121 0.0 0.0 0.246083333333
122 0.0 0.0 0.246083333333
123 0.0 0.0 0.246083333333
124 0.0 0.0 0.246416666667
125 0.0 0.0 0.2465
126 0.0 0.0 0.24625
127 0.0 0.0 0.2465
128 0.0 0.0 0.247083333333
129 0.0 0.0 0.246916666667
130 0.0 0.0 0.2465
131 0.0 0.0 0.246583333333
132 0.0 0.0 0.246666666667
133 0.0 0.0 0.24625
134 0.0 0.0 0.246916666667
135 0.0 0.0 0.24675
136 0.0 0.0 0.2465
137 0.0 0.0 0.24625
138 0.0 0.0 0.247
139 0.0 0.0 0.247083333333
140 0.0 0.0 0.247333333333
141 0.0 0.0 0.248083333333
142 0.0 0.0 0.247916666667
143 0.0 0.0 0.247
144 0.0 0.0 0.247
145 0.0 0.0 0.247833333333
146 0.0 0.0 0.247583333333
147 0.0 0.0 0.247666666667
148 0.0 0.0 0.24875
149 0.005 0.0 0.248583333333
150 0.01 0.0 0.248583333333
151 0.01 0.0 0.280916666667
152 0.01 0.0 0.280833333333
153 0.01 0.0 0.280833333333
154 0.01 0.0 0.280916666667
155 0.01 0.0 0.280833333333
156 0.01 0.0 0.280583333333
157 0.01 0.0 0.2805
158 0.01 0.0 0.280583333333
159 0.01 0.0 0.280583333333
160 0.02 0.0 0.280666666667
161 0.02 0.0 0.280666666667
162 0.02 0.0 0.280666666667
163 0.025 0.0 0.280666666667
164 0.03 0.0 0.28075
165 0.03 0.0 0.280583333333
166 0.03 0.0 0.280833333333
167 0.03 0.0 0.280333333333
168 0.03 0.0 0.280916666667
169 0.03 0.0 0.280916666667
170 0.035 0.0 0.280583333333
171 0.04 0.0 0.280583333333
172 0.04 0.0 0.280166666667
173 0.04 0.0 0.280916666667
174 0.065 0.0 0.280833333333
175 0.09 0.0 0.280916666667
176 0.115 0.0 0.28
177 0.135 0.0 0.28
178 0.16 0.0 0.27925
179 0.185 0.0 0.278833333333
180 0.205 0.0 0.279083333333
181 0.23 0.0 0.278583333333
182 0.255 0.0 0.27825
183 0.26 0.0 0.27625
184 0.26 0.0 0.275583333333
185 0.26 0.0 0.274583333333
186 0.26 0.0 0.274583333333
187 0.26 0.0 0.27525
188 0.26 0.0 0.275083333333
189 0.26 0.0 0.275416666667
190 0.26 0.0 0.275833333333
191 0.26 0.0 0.2755
192 0.26 0.0 0.276
193 0.26 0.0 0.2765
194 0.26 0.0 0.276333333333
195 0.26 0.05 0.276666666667
196 0.26 0.1 0.277083333333
197 0.26 0.1 0.277083333333
198 0.26 0.15 0.27725
199 0.26 0.2 0.278
200 0.26 0.2 0.27875
201 0.26 0.25 0.285333333333
202 0.26 0.3 0.290333333333
203 0.26 0.3 0.291666666667
204 0.26 0.35 0.291666666667
205 0.26 0.4 0.291666666667
206 0.26 0.4 0.291666666667
207 0.26 0.4 0.291666666667
208 0.26 0.4 0.291666666667
209 0.26 0.4 0.291666666667
210 0.26 0.4 0.291666666667
211 0.26 0.4 0.291666666667
212 0.26 0.4 0.291666666667
213 0.26 0.4 0.291666666667
214 0.26 0.4 0.291666666667
215 0.26 0.4 0.291666666667
216 0.26 0.4 0.291666666667
217 0.26 0.4 0.291666666667
218 0.26 0.4 0.291666666667
219 0.26 0.4 0.291666666667
220 0.26 0.4 0.291666666667
221 0.26 0.4 0.291666666667
222 0.26 0.35 0.291666666667
223 0.26 0.3 0.291666666667
224 0.26 0.25 0.291666666667
225 0.26 0.2 0.291666666667
226 0.26 0.2 0.291666666667
227 0.26 0.1 0.291666666667
228 0.26 0.1 0.291666666667
229 0.26 0.1 0.291666666667
230 0.26 0.1 0.291666666667
231 0.26 0.1 0.291666666667
232 0.26 0.1 0.291666666667
233 0.26 0.1 0.291666666667
234 0.26 0.05 0.291666666667
235 0.26 2.77555756156e-17 0.291666666667
236 0.26 2.77555756156e-17 0.291666666667
237 0.26 2.77555756156e-17 0.291666666667
238 0.26 2.77555756156e-17 0.291666666667
239 0.26 2.77555756156e-17 0.291666666667
240 0.26 2.77555756156e-17 0.291666666667
241 0.26 2.77555756156e-17 0.291666666667
242 0.26 2.77555756156e-17 0.291666666667
243 0.26 2.77555756156e-17 0.291666666667
244 0.26 2.77555756156e-17 0.291666666667
245 0.26 2.77555756156e-17 0.291666666667
246 0.26 2.77555756156e-17 0.291666666667
247 0.26 2.77555756156e-17 0.291666666667
248 0.26 2.77555756156e-17 0.291666666667
249 0.26 2.77555756156e-17 0.291666666667
250 0.26 2.77555756156e-17 0.291666666667
251 0.26 2.77555756156e-17 0.291666666667
252 0.26 2.77555756156e-17 0.291666666667
253 0.26 2.77555756156e-17 0.291666666667
254 0.26 2.77555756156e-17 0.291666666667
255 0.26 2.77555756156e-17 0.291666666667
256 0.26 2.77555756156e-17 0.291666666667
257 0.26 2.77555756156e-17 0.291666666667
258 0.26 2.77555756156e-17 0.291666666667
259 0.26 2.77555756156e-17 0.291666666667
260 0.26 2.77555756156e-17 0.291666666667
261 0.26 2.77555756156e-17 0.291666666667
262 0.26 2.77555756156e-17 0.291666666667
263 0.26 2.77555756156e-17 0.291666666667
264 0.26 2.77555756156e-17 0.291666666667
265 0.26 2.77555756156e-17 0.291666666667
266 0.26 2.77555756156e-17 0.291666666667
267 0.26 2.77555756156e-17 0.291666666667
268 0.26 2.77555756156e-17 0.291666666667
269 0.26 2.77555756156e-17 0.291666666667
270 0.26 2.77555756156e-17 0.291666666667
271 0.26 2.77555756156e-17 0.291666666667
272 0.26 2.77555756156e-17 0.291666666667
273 0.26 2.77555756156e-17 0.291666666667
274 0.26 2.77555756156e-17 0.291666666667
275 0.26 2.77555756156e-17 0.291666666667
276 0.26 2.77555756156e-17 0.291666666667
277 0.26 2.77555756156e-17 0.291666666667
278 0.26 2.77555756156e-17 0.291666666667
279 0.26 2.77555756156e-17 0.291666666667
280 0.26 2.77555756156e-17 0.291666666667
281 0.26 2.77555756156e-17 0.291666666667
282 0.26 2.77555756156e-17 0.291666666667
283 0.26 2.77555756156e-17 0.291666666667
284 0.26 2.77555756156e-17 0.291666666667
285 0.26 2.77555756156e-17 0.291666666667
286 0.26 2.77555756156e-17 0.291666666667
287 0.26 2.77555756156e-17 0.291666666667
288 0.26 2.77555756156e-17 0.291666666667
289 0.26 2.77555756156e-17 0.291666666667
290 0.26 2.77555756156e-17 0.291666666667
291 0.26 2.77555756156e-17 0.291666666667
292 0.26 2.77555756156e-17 0.291666666667
293 0.26 2.77555756156e-17 0.291666666667
294 0.26 2.77555756156e-17 0.291666666667
295 0.26 2.77555756156e-17 0.291666666667
296 0.26 2.77555756156e-17 0.291666666667
297 0.26 2.77555756156e-17 0.291666666667
298 0.26 2.77555756156e-17 0.291666666667
299 0.26 2.77555756156e-17 0.291666666667
300 0.26 2.77555756156e-17 0.291666666667
301 0.26 2.77555756156e-17 0.291666666667
302 0.26 2.77555756156e-17 0.291666666667
303 0.26 2.77555756156e-17 0.291666666667
304 0.26 2.77555756156e-17 0.291666666667
305 0.26 2.77555756156e-17 0.291666666667
306 0.26 2.77555756156e-17 0.291666666667
307 0.26 2.77555756156e-17 0.291666666667
308 0.26 2.77555756156e-17 0.291666666667
309 0.26 2.77555756156e-17 0.291666666667
310 0.26 2.77555756156e-17 0.291666666667
311 0.26 2.77555756156e-17 0.291666666667
312 0.26 2.77555756156e-17 0.291666666667
313 0.26 -0.05 0.291666666667
314 0.26 -0.1 0.291666666667
315 0.26 -0.1 0.291666666667
316 0.26 -0.1 0.28975
317 0.26 -0.1 0.28975
318 0.26 -0.1 0.287833333333
319 0.26 -0.1 0.287833333333
320 0.26 -0.1 0.285916666667
321 0.26 -0.1 0.285916666667
322 0.26 -0.1 0.285916666667
323 0.26 -0.1 0.284
324 0.26 -0.1 0.284
325 0.26 -0.1 0.284
326 0.26 -0.1 0.282083333333
327 0.26 -0.1 0.282083333333
328 0.26 -0.1 0.282083333333
329 0.26 -0.1 0.282083333333
330 0.26 -0.1 0.282083333333
331 0.26 -0.1 0.282083333333
332 0.26 -0.1 0.282083333333
333 0.26 -0.1 0.282083333333
334 0.26 -0.1 0.282083333333
335 0.26 -0.1 0.282083333333
336 0.26 -0.1 0.282083333333
337 0.26 -0.15 0.282083333333
338 0.26 -0.2 0.282083333333
339 0.26 -0.2 0.284
340 0.26 -0.2 0.285916666667
341 0.26 -0.2 0.28975
342 0.26 -0.2 0.291666666667
343 0.26 -0.2 0.291666666667
344 0.26 -0.2 0.291666666667
345 0.26 -0.2 0.291666666667
346 0.26 -0.2 0.291666666667
347 0.26 -0.2 0.291666666667
348 0.26 -0.2 0.291666666667
349 0.26 -0.2 0.291666666667
350 0.26 -0.2 0.291666666667
351 0.26 -0.2 0.291666666667
352 0.26 -0.2 0.291666666667
353 0.26 -0.2 0.291666666667
354 0.26 -0.2 0.291666666667
355 0.26 -0.2 0.291666666667
356 0.26 -0.2 0.291666666667
357 0.26 -0.2 0.291666666667
358 0.26 -0.2 0.291666666667
359 0.26 -0.2 0.290166666667
360 0.26 -0.2 0.2845
361 0.26 -0.2 0.282
362 0.26 -0.2 0.277
363 0.26 -0.2 0.270416666667
364 0.26 -0.2 0.270083333333
365 0.26 -0.2 0.26975
366 0.26 -0.2 0.269416666667
367 0.26 -0.3 0.268416666667
368 0.26 -0.3 0.268166666667
369 0.26 -0.4 0.25575
370 0.26 -0.4 0.255833333333
371 0.26 -0.45 0.255
372 0.26 -0.5 0.243583333333
373 0.26 -0.55 0.240833333333
374 0.26 -0.6 0.240833333333
375 0.26 -0.6 0.240916666667
376 0.26 -0.6 0.236583333333
377 0.26 -0.6 0.241166666667
378 0.26 -0.6 0.239916666667
379 0.26 -0.6 0.252083333333
380 0.26 -0.6 0.252
381 0.26 -0.6 0.2495
382 0.26 -0.6 0.23975
383 0.26 -0.6 0.24575
384 0.26 -0.6 0.254583333333
385 0.26 -0.6 0.265833333333
386 0.26 -0.6 0.266333333333
387 0.26 -0.6 0.25025
388 0.26 -0.6 0.249583333333
389 0.26 -0.6 0.260833333333
390 0.26 -0.6 0.274083333333
391 0.26 -0.6 0.275666666667
392 0.26 -0.6 0.275166666667
393 0.26 -0.6 0.274583333333
394 0.26 -0.6 0.273916666667
395 0.26 -0.6 0.28875
396 0.26 -0.6 0.291666666667
397 0.26 -0.5 0.291666666667
398 0.26 -0.5 0.291666666667
399 0.26 -0.5 0.291666666667
400 0.26 -0.5 0.291666666667
401 0.26 -0.5 0.291666666667
402 0.26 -0.4 0.291666666667
403 0.26 -0.4 0.291333333333
404 0.26 -0.4 0.2855
405 0.26 -0.35 0.274333333333
406 0.26 -0.3 0.274166666667
407 0.26 -0.3 0.275416666667
408 0.26 -0.3 0.276416666667
409 0.26 -0.3 0.2765
410 0.26 -0.3 0.276416666667
411 0.26 -0.3 0.275
412 0.26 -0.3 0.272833333333
413 0.26 -0.2 0.27275
414 0.26 -0.2 0.267666666667
415 0.26 -0.1 0.259416666667
416 0.26 -0.1 0.25425
417 0.26 -0.05 0.25275
418 0.26 -2.77555756156e-17 0.25225
419 0.26 -2.77555756156e-17 0.252416666667
420 0.26 0.05 0.253166666667
421 0.26 0.1 0.253333333333
422 0.26 0.1 0.255
423 0.26 0.1 0.25675
424 0.26 0.1 0.259333333333
425 0.26 0.15 0.261
426 0.26 0.2 0.26025
427 0.26 0.2 0.258583333333
428 0.26 0.2 0.2575
429 0.26 0.2 0.255583333333
430 0.26 0.2 0.254333333333
431 0.26 0.2 0.252666666667
432 0.26 0.2 0.251333333333
433 0.26 0.2 0.25175
434 0.26 0.2 0.254416666667
435 0.26 0.2 0.261666666667
436 0.26 0.2 0.267
437 0.26 0.2 0.2755
438 0.26 0.2 0.277166666667
439 0.26 0.2 0.277
440 0.26 0.15 0.276833333333
441 0.26 0.1 0.277583333333
442 0.26 0.1 0.278583333333
443 0.26 0.1 0.281583333333
444 0.26 0.1 0.286166666667
445 0.26 0.1 0.289583333333
446 0.26 0.1 0.291416666667
447 0.26 0.1 0.291666666667
448 0.26 0.1 0.291666666667
449 0.26 0.1 0.291666666667
450 0.26 0.1 0.291666666667
451 0.26 0.1 0.291666666667
452 0.26 0.1 0.291666666667
453 0.26 0.1 0.291666666667
454 0.26 0.1 0.291666666667
455 0.26 0.1 0.291666666667
456 0.26 0.05 0.291666666667
457 0.26 -2.77555756156e-17 0.291666666667
458 0.26 -2.77555756156e-17 0.291666666667
459 0.26 -2.77555756156e-17 0.291666666667
460 0.26 -2.77555756156e-17 0.291666666667
461 0.26 -2.77555756156e-17 0.291666666667
462 0.26 -2.77555756156e-17 0.291666666667
463 0.26 -2.77555756156e-17 0.291666666667
464 0.26 -2.77555756156e-17 0.291666666667
465 0.26 -2.77555756156e-17 0.291666666667
466 0.26 -2.77555756156e-17 0.291666666667
467 0.26 -2.77555756156e-17 0.291666666667
468 0.26 -2.77555756156e-17 0.291666666667
469 0.26 -2.77555756156e-17 0.291666666667
470 0.26 -2.77555756156e-17 0.291666666667
471 0.26 -2.77555756156e-17 0.2915
472 0.26 -2.77555756156e-17 0.2915
473 0.26 -2.77555756156e-17 0.29125
474 0.26 -2.77555756156e-17 0.290916666667
475 0.26 -2.77555756156e-17 0.29075
476 0.26 -2.77555756156e-17 0.290333333333
477 0.26 -2.77555756156e-17 0.286
478 0.26 -2.77555756156e-17 0.283916666667
479 0.26 -2.77555756156e-17 0.283083333333
480 0.26 -2.77555756156e-17 0.28175
481 0.26 -2.77555756156e-17 0.280583333333
482 0.26 -2.77555756156e-17 0.280583333333
483 0.26 -2.77555756156e-17 0.280416666667
484 0.26 -2.77555756156e-17 0.275833333333
485 0.26 -2.77555756156e-17 0.275166666667
486 0.26 -2.77555756156e-17 0.27525
487 0.26 -2.77555756156e-17 0.274833333333
488 0.26 -2.77555756156e-17 0.273916666667
489 0.26 -2.77555756156e-17 0.27375
490 0.26 -2.77555756156e-17 0.274333333333
491 0.26 -2.77555756156e-17 0.273916666667
492 0.26 -2.77555756156e-17 0.272833333333
493 0.26 -2.77555756156e-17 0.274
494 0.26 -2.77555756156e-17 0.27375
495 0.26 -2.77555756156e-17 0.27375
496 0.26 -2.77555756156e-17 0.274166666667
497 0.26 -2.77555756156e-17 0.2745
498 0.26 -2.77555756156e-17 0.274916666667
499 0.26 -2.77555756156e-17 0.275833333333
500 0.26 -2.77555756156e-17 0.276916666667
501 0.26 -2.77555756156e-17 0.277666666667
502 0.26 -2.77555756156e-17 0.278333333333
503 0.26 -2.77555756156e-17 0.278666666667
504 0.26 -2.77555756156e-17 0.278833333333
505 0.26 -2.77555756156e-17 0.278666666667
506 0.26 -2.77555756156e-17 0.278083333333
507 0.26 -2.77555756156e-17 0.276666666667
508 0.26 -2.77555756156e-17 0.275333333333
509 0.26 -2.77555756156e-17 0.274083333333
510 0.26 -2.77555756156e-17 0.273333333333
511 0.26 -2.77555756156e-17 0.273
512 0.26 -2.77555756156e-17 0.271916666667
513 0.26 -2.77555756156e-17 0.2715
514 0.26 -2.77555756156e-17 0.269916666667
515 0.26 -2.77555756156e-17 0.269666666667
516 0.26 -2.77555756156e-17 0.26925
517 0.26 -2.77555756156e-17 0.269166666667
518 0.26 -2.77555756156e-17 0.268333333333
519 0.26 -2.77555756156e-17 0.267583333333
520 0.26 -2.77555756156e-17 0.266916666667
521 0.26 -2.77555756156e-17 0.26675
522 0.26 -2.77555756156e-17 0.266166666667
523 0.26 -2.77555756156e-17 0.265916666667
524 0.26 -2.77555756156e-17 0.26575
525 0.26 -2.77555756156e-17 0.265333333333
526 0.26 -2.77555756156e-17 0.26475
527 0.26 -2.77555756156e-17 0.264666666667
528 0.26 -2.77555756156e-17 0.264583333333
529 0.26 -2.77555756156e-17 0.264666666667
530 0.26 -2.77555756156e-17 0.264416666667
531 0.26 -2.77555756156e-17 0.264083333333
532 0.26 -2.77555756156e-17 0.264333333333
533 0.26 -2.77555756156e-17 0.263833333333
534 0.26 -2.77555756156e-17 0.264083333333
535 0.26 -2.77555756156e-17 0.264
536 0.26 -2.77555756156e-17 0.263666666667
537 0.26 -2.77555756156e-17 0.263666666667
538 0.26 -2.77555756156e-17 0.264083333333
539 0.26 -2.77555756156e-17 0.26325
540 0.26 -2.77555756156e-17 0.264333333333
541 0.26 -2.77555756156e-17 0.264
542 0.26 -2.77555756156e-17 0.264083333333
543 0.26 -2.77555756156e-17 0.26425
544 0.26 -2.77555756156e-17 0.26425
545 0.26 -2.77555756156e-17 0.263833333333
546 0.26 -2.77555756156e-17 0.263833333333
547 0.26 -2.77555756156e-17 0.264416666667
548 0.26 -2.77555756156e-17 0.264166666667
549 0.26 -2.77555756156e-17 0.264
550 0.26 -2.77555756156e-17 0.263916666667
551 0.26 -2.77555756156e-17 0.264166666667
552 0.26 -2.77555756156e-17 0.26375
553 0.26 -2.77555756156e-17 0.263833333333
554 0.26 -2.77555756156e-17 0.264333333333
555 0.26 -2.77555756156e-17 0.263
556 0.26 -2.77555756156e-17 0.264166666667
557 0.26 -2.77555756156e-17 0.264083333333
558 0.26 -2.77555756156e-17 0.263416666667
559 0.26 -2.77555756156e-17 0.264333333333
560 0.26 -2.77555756156e-17 0.263666666667
561 0.26 -2.77555756156e-17 0.264583333333
562 0.26 -2.77555756156e-17 0.2645
563 0.26 -2.77555756156e-17 0.263916666667
564 0.26 -2.77555756156e-17 0.264916666667
565 0.26 -2.77555756156e-17 0.265166666667
566 0.26 -2.77555756156e-17 0.26575
567 0.26 -2.77555756156e-17 0.267166666667
568 0.26 -2.77555756156e-17 0.266833333333
569 0.26 -2.77555756156e-17 0.269
570 0.26 -2.77555756156e-17 0.27025
571 0.26 -2.77555756156e-17 0.271666666667
572 0.26 -2.77555756156e-17 0.271583333333
573 0.26 -2.77555756156e-17 0.273333333333
574 0.26 -2.77555756156e-17 0.273333333333
575 0.26 -2.77555756156e-17 0.272833333333
576 0.26 -2.77555756156e-17 0.271416666667
577 0.26 -2.77555756156e-17 0.269916666667
578 0.26 -2.77555756156e-17 0.267666666667
579 0.26 -2.77555756156e-17 0.264833333333
580 0.26 -2.77555756156e-17 0.265166666667
581 0.26 -2.77555756156e-17 0.26225
582 0.26 -2.77555756156e-17 0.2605
583 0.26 -2.77555756156e-17 0.25925
584 0.26 -2.77555756156e-17 0.257833333333
585 0.26 -2.77555756156e-17 0.257
586 0.26 -2.77555756156e-17 0.2565
587 0.26 -2.77555756156e-17 0.256583333333
588 0.26 -2.77555756156e-17 0.255583333333
589 0.26 -2.77555756156e-17 0.255166666667
590 0.26 -2.77555756156e-17 0.255333333333
591 0.26 -2.77555756156e-17 0.254333333333
592 0.26 -2.77555756156e-17 0.254083333333
593 0.26 -2.77555756156e-17 0.254
