0 0.12 0.0 0.289083333333
1 0.14 0.0 0.289666666667
2 0.165 0.0 0.29
3 0.19 0.0 0.2855
4 0.21 0.0 0.281083333333
5 0.235 0.0 0.28125
6 0.255 0.0 0.281166666667
7 0.26 0.0 0.281166666667
8 0.26 0.0 0.28075
9 0.26 0.0 0.279916666667
10 0.26 0.0 0.278583333333
11 0.26 0.0 0.276916666667
12 0.26 0.0 0.275416666667
13 0.26 0.0 0.274083333333
14 0.26 0.0 0.273166666667
15 0.26 0.0 0.272666666667
16 0.26 0.0 0.272166666667
17 0.26 0.0 0.271333333333
18 0.26 0.0 0.272
19 0.26 0.0 0.271833333333
20 0.26 0.0 0.271666666667
21 0.26 0.0 0.27175
22 0.26 0.0 0.270916666667
23 0.26 0.0 0.272416666667
24 0.26 -0.05 0.272166666667
25 0.26 -0.1 0.272166666667
26 0.26 -0.15 0.272083333333
27 0.26 -0.2 0.271916666667
28 0.26 -0.25 0.272333333333
29 0.26 -0.3 0.27175
30 0.26 -0.35 0.2715
31 0.26 -0.4 0.27125
32 0.26 -0.4 0.271
33 0.26 -0.4 0.266916666667
34 0.26 -0.4 0.257666666667
35 0.26 -0.4 0.25725
36 0.26 -0.4 0.257333333333
37 0.26 -0.4 0.256833333333
38 0.26 -0.4 0.258083333333
39 0.26 -0.4 0.270333333333
40 0.26 -0.4 0.27025
41 0.26 -0.4 0.25875
42 0.26 -0.4 0.257583333333
43 0.26 -0.4 0.2575
44 0.26 -0.4 0.25725
45 0.26 -0.4 0.256833333333
46 0.26 -0.4 0.260833333333
47 0.26 -0.4 0.267583333333
48 0.26 -0.4 0.264083333333
49 0.26 -0.4 0.253583333333
50 0.26 -0.4 0.251166666667
51 0.26 -0.4 0.250833333333
52 0.26 -0.4 0.249583333333
53 0.26 -0.4 0.25825
54 0.26 -0.4 0.270833333333
55 0.26 -0.4 0.264916666667
56 0.26 -0.4 0.261
57 0.26 -0.4 0.251583333333
58 0.26 -0.4 0.25025
59 0.26 -0.4 0.24925
60 0.26 -0.4 0.254916666667
61 0.26 -0.4 0.261166666667
62 0.26 -0.4 0.27075
63 0.26 -0.3 0.269666666667
64 0.26 -0.3 0.269166666667
65 0.26 -0.25 0.26875
66 0.26 -0.2 0.268166666667
67 0.26 -0.15 0.267666666667
68 0.26 -0.1 0.267166666667
69 0.26 -0.1 0.266833333333
70 0.26 -0.05 0.267166666667
71 0.26 -2.77555756156e-17 0.267416666667
72 0.26 -2.77555756156e-17 0.268
73 0.26 -2.77555756156e-17 0.270166666667
74 0.26 -2.77555756156e-17 0.27125
75 0.26 -2.77555756156e-17 0.27275
76 0.26 -2.77555756156e-17 0.273666666667
77 0.26 -2.77555756156e-17 0.273916666667
78 0.26 -2.77555756156e-17 0.274666666667
79 0.26 -2.77555756156e-17 0.274083333333
80 0.26 -2.77555756156e-17 0.274
81 0.26 -2.77555756156e-17 0.273166666667
82 0.26 -2.77555756156e-17 0.272
83 0.26 -2.77555756156e-17 0.270416666667
84 0.26 -2.77555756156e-17 0.268416666667
85 0.26 -2.77555756156e-17 0.267083333333
86 0.26 -2.77555756156e-17 0.265083333333
87 0.26 -2.77555756156e-17 0.264
88 0.26 -2.77555756156e-17 0.263166666667
89 0.26 -2.77555756156e-17 0.262
90 0.26 -2.77555756156e-17 0.262
91 0.26 -2.77555756156e-17 0.260583333333
92 0.26 -2.77555756156e-17 0.260333333333
93 0.26 -2.77555756156e-17 0.260666666667
94 0.26 -2.77555756156e-17 0.26125
95 0.26 -2.77555756156e-17 0.261666666667
96 0.26 -2.77555756156e-17 0.262416666667
97 0.26 -2.77555756156e-17 0.262333333333
98 0.26 -2.77555756156e-17 0.263833333333
99 0.26 -2.77555756156e-17 0.2655
100 0.26 -2.77555756156e-17 0.26625
101 0.26 -2.77555756156e-17 0.266583333333
102 0.26 -2.77555756156e-17 0.268083333333
103 0.26 -2.77555756156e-17 0.269
104 0.26 -2.77555756156e-17 0.269416666667
105 0.26 -2.77555756156e-17 0.270833333333
106 0.26 -2.77555756156e-17 0.270666666667
107 0.26 -2.77555756156e-17 0.271833333333
108 0.26 -2.77555756156e-17 0.271833333333
109 0.26 -2.77555756156e-17 0.272916666667
110 0.26 -2.77555756156e-17 0.274166666667
111 0.26 -2.77555756156e-17 0.276
112 0.26 -2.77555756156e-17 0.27625
113 0.26 -2.77555756156e-17 0.27825
114 0.26 -2.77555756156e-17 0.279833333333
115 0.26 -2.77555756156e-17 0.28025
116 0.26 -2.77555756156e-17 0.282
117 0.26 -2.77555756156e-17 0.284
118 0.26 -2.77555756156e-17 0.285833333333
119 0.26 -2.77555756156e-17 0.286583333333
120 0.26 -2.77555756156e-17 0.288
121 0.26 -2.77555756156e-17 0.289916666667
122 0.26 -2.77555756156e-17 0.291416666667
123 0.26 -2.77555756156e-17 0.291583333333
124 0.26 -2.77555756156e-17 0.291666666667
125 0.26 -2.77555756156e-17 0.291666666667
126 0.26 -2.77555756156e-17 0.291666666667
127 0.26 -2.77555756156e-17 0.291666666667
128 0.26 -2.77555756156e-17 0.291666666667
129 0.26 -2.77555756156e-17 0.291666666667
130 0.26 -2.77555756156e-17 0.2915
131 0.26 -2.77555756156e-17 0.290916666667
132 0.26 -2.77555756156e-17 0.289666666667
133 0.26 -2.77555756156e-17 0.288416666667
134 0.26 -2.77555756156e-17 0.284833333333
135 0.26 -2.77555756156e-17 0.279
136 0.26 -2.77555756156e-17 0.277333333333
137 0.26 -2.77555756156e-17 0.275333333333
138 0.26 -2.77555756156e-17 0.275333333333
139 0.26 -2.77555756156e-17 0.276333333333
140 0.26 -2.77555756156e-17 0.277
141 0.26 -2.77555756156e-17 0.277916666667
142 0.26 -2.77555756156e-17 0.278833333333
143 0.26 -2.77555756156e-17 0.27925
144 0.26 -2.77555756156e-17 0.27925
145 0.26 -2.77555756156e-17 0.2795
146 0.26 -2.77555756156e-17 0.279833333333
147 0.26 -2.77555756156e-17 0.27925
148 0.26 -2.77555756156e-17 0.278916666667
149 0.26 -0.05 0.278416666667
150 0.26 -0.1 0.27825
151 0.26 -0.1 0.276916666667
152 0.26 -0.1 0.27475
153 0.26 -0.1 0.269916666667
154 0.26 -0.1 0.268916666667
155 0.26 -0.1 0.273166666667
156 0.26 -0.1 0.27525
157 0.26 -0.1 0.278666666667
158 0.26 -0.1 0.280916666667
159 0.26 -0.1 0.281416666667
160 0.26 -0.1 0.281166666667
161 0.26 -0.1 0.281333333333
162 0.26 -0.1 0.28075
163 0.26 -0.1 0.279916666667
164 0.26 -0.1 0.276166666667
165 0.26 -0.1 0.27275
166 0.26 -0.1 0.27075
167 0.26 -0.2 0.269666666667
168 0.26 -0.2 0.268166666667
169 0.26 -0.2 0.273083333333
170 0.26 -0.2 0.269666666667
171 0.26 -0.2 0.273333333333
172 0.26 -0.2 0.2795
173 0.26 -0.2 0.280416666667
174 0.26 -0.2 0.280166666667
175 0.26 -0.2 0.279833333333
176 0.26 -0.2 0.279416666667
177 0.26 -0.2 0.279333333333
178 0.26 -0.2 0.278416666667
179 0.26 -0.2 0.278333333333
180 0.26 -0.2 0.279
181 0.26 -0.2 0.28275
182 0.26 -0.2 0.29
183 0.26 -0.2 0.291083333333
184 0.26 -0.2 0.291666666667
185 0.26 -0.2 0.291666666667
186 0.26 -0.2 0.291666666667
187 0.26 -0.2 0.291666666667
188 0.26 -0.2 0.291666666667
189 0.26 -0.2 0.291666666667
190 0.26 -0.2 0.291666666667
191 0.26 -0.2 0.291666666667
192 0.26 -0.2 0.291666666667
193 0.26 -0.2 0.291666666667
194 0.26 -0.2 0.291666666667
195 0.26 -0.2 0.291666666667
196 0.26 -0.2 0.291666666667
197 0.26 -0.2 0.280166666667
198 0.26 -0.2 0.264833333333
199 0.26 -0.1 0.251416666667
200 0.26 -0.1 0.239833333333
201 0.26 -0.1 0.2265
202 0.26 0.05 0.213083333333
203 0.26 0.25 0.2035
204 0.26 0.5 0.201583333333
205 0.26 0.6 0.216916666667
206 0.26 0.7 0.238
207 0.26 0.75 0.2625
208 0.26 0.85 0.284
209 0.26 0.95 0.291666666667
210 0.26 1.0 0.291666666667
211 0.26 1.1 0.275916666667
212 0.26 1.0 0.272
213 0.26 0.95 0.265166666667
214 0.26 0.9 0.253083333333
215 0.26 0.9 0.253083333333
216 0.26 0.9 0.2455
217 0.26 0.9 0.243
218 0.26 0.9 0.244333333333
219 0.26 0.9 0.263083333333
220 0.26 0.9 0.25
221 0.26 0.9 0.2435
222 0.26 0.9 0.2655
223 0.26 0.9 0.2685
224 0.26 0.9 0.253916666667
225 0.26 0.9 0.250916666667
226 0.26 0.8 0.273166666667
227 0.26 0.8 0.273083333333
228 0.26 0.8 0.272333333333
229 0.26 0.8 0.271583333333
230 0.26 0.8 0.275
231 0.26 0.8 0.290833333333
232 0.26 0.8 0.291666666667
233 0.26 0.8 0.291666666667
234 0.26 0.8 0.291666666667
235 0.26 0.8 0.291666666667
236 0.26 0.8 0.283583333333
237 0.26 0.75 0.278083333333
238 0.26 0.7 0.254916666667
239 0.26 0.7 0.252916666667
240 0.26 0.7 0.254666666667
241 0.26 0.7 0.255416666667
242 0.26 0.65 0.258
243 0.26 0.6 0.26225
244 0.26 0.55 0.27175
245 0.26 0.5 0.270833333333
246 0.26 0.5 0.275666666667
247 0.26 0.45 0.283333333333
248 0.26 0.4 0.290833333333
249 0.26 0.35 0.291666666667
250 0.26 0.3 0.291666666667
251 0.26 0.3 0.291666666667
252 0.26 0.3 0.291666666667
253 0.26 0.2 0.291666666667
254 0.26 0.2 0.291666666667
255 0.26 0.2 0.291666666667
256 0.26 0.2 0.291666666667
257 0.26 0.2 0.291666666667
258 0.26 0.15 0.291666666667
259 0.26 0.1 0.291666666667
260 0.26 0.05 0.291666666667
261 0.26 -0.05 0.291666666667
262 0.26 -0.1 0.291666666667
263 0.26 -0.1 0.291666666667
264 0.26 -0.1 0.291666666667
265 0.26 -0.1 0.291666666667
266 0.26 -0.1 0.291666666667
267 0.26 -0.1 0.291666666667
268 0.26 -0.1 0.291666666667
269 0.26 -0.1 0.291666666667
270 0.26 -0.1 0.291666666667
271 0.26 -0.1 0.291416666667
272 0.26 -0.1 0.290833333333
273 0.26 -0.1 0.29025
274 0.26 -0.1 0.286916666667
275 0.26 -0.1 0.28375
276 0.26 -0.1 0.27975
277 0.26 -0.1 0.278916666667
278 0.26 -0.2 0.279166666667
279 0.26 -0.25 0.278916666667
280 0.26 -0.3 0.278666666667
281 0.26 -0.3 0.277916666667
282 0.26 -0.3 0.275666666667
283 0.26 -0.3 0.2715
284 0.26 -0.3 0.267083333333
285 0.26 -0.3 0.259416666667
286 0.26 -0.3 0.255833333333
287 0.26 -0.3 0.252
288 0.26 -0.3 0.243416666667
289 0.26 -0.3 0.237
290 0.26 -0.3 0.228833333333
291 0.26 -0.3 0.230666666667
292 0.26 -0.3 0.231833333333
293 0.26 -0.3 0.231666666667
294 0.26 -0.25 0.235166666667
295 0.26 -0.2 0.243583333333
296 0.26 -0.15 0.244666666667
297 0.26 -0.05 0.243083333333
298 0.26 2.77555756156e-17 0.241416666667
299 0.26 2.77555756156e-17 0.240583333333
300 0.26 2.77555756156e-17 0.24075
301 0.26 2.77555756156e-17 0.24175
302 0.26 2.77555756156e-17 0.243833333333
303 0.26 2.77555756156e-17 0.24425
304 0.26 2.77555756156e-17 0.247166666667
305 0.26 2.77555756156e-17 0.247583333333
306 0.26 2.77555756156e-17 0.247083333333
307 0.26 2.77555756156e-17 0.244083333333
308 0.26 2.77555756156e-17 0.239833333333
309 0.26 2.77555756156e-17 0.23525
310 0.26 2.77555756156e-17 0.2335
311 0.26 2.77555756156e-17 0.229916666667
312 0.26 2.77555756156e-17 0.22625
313 0.26 2.77555756156e-17 0.224833333333
314 0.26 2.77555756156e-17 0.224
315 0.26 2.77555756156e-17 0.224916666667
316 0.26 2.77555756156e-17 0.226833333333
317 0.26 0.05 0.231166666667
318 0.26 0.1 0.233
319 0.26 0.1 0.23475
320 0.26 0.1 0.23375
321 0.26 0.1 0.232666666667
322 0.26 0.1 0.23375
323 0.26 0.1 0.23325
324 0.26 0.1 0.232083333333
325 0.26 0.1 0.233166666667
326 0.26 0.05 0.231166666667
327 0.26 2.77555756156e-17 0.232416666667
328 0.26 2.77555756156e-17 0.23525
329 0.26 2.77555756156e-17 0.236416666667
330 0.26 2.77555756156e-17 0.2405
331 0.26 2.77555756156e-17 0.2445
332 0.26 2.77555756156e-17 0.246583333333
333 0.26 2.77555756156e-17 0.24675
334 0.26 2.77555756156e-17 0.24675
335 0.26 2.77555756156e-17 0.246916666667
336 0.26 2.77555756156e-17 0.24675
337 0.26 2.77555756156e-17 0.24625
338 0.26 2.77555756156e-17 0.245916666667
339 0.26 2.77555756156e-17 0.24575
340 0.26 2.77555756156e-17 0.24525
341 0.26 2.77555756156e-17 0.244833333333
342 0.26 2.77555756156e-17 0.244416666667
343 0.26 2.77555756156e-17 0.244083333333
344 0.26 2.77555756156e-17 0.244083333333
345 0.26 2.77555756156e-17 0.243666666667
346 0.26 2.77555756156e-17 0.243833333333
347 0.26 2.77555756156e-17 0.243083333333
348 0.26 2.77555756156e-17 0.24275
349 0.26 2.77555756156e-17 0.2435
350 0.26 2.77555756156e-17 0.243
351 0.26 2.77555756156e-17 0.243
352 0.26 2.77555756156e-17 0.243
353 0.26 2.77555756156e-17 0.24225
354 0.26 2.77555756156e-17 0.242666666667
355 0.26 2.77555756156e-17 0.24275
356 0.26 2.77555756156e-17 0.245166666667
357 0.26 2.77555756156e-17 0.245416666667
358 0.26 2.77555756156e-17 0.246916666667
359 0.26 2.77555756156e-17 0.24925
360 0.26 2.77555756156e-17 0.251583333333
361 0.26 2.77555756156e-17 0.2525
362 0.26 2.77555756156e-17 0.255083333333
363 0.26 2.77555756156e-17 0.25625
364 0.26 2.77555756156e-17 0.25925
365 0.26 2.77555756156e-17 0.263416666667
366 0.26 2.77555756156e-17 0.266833333333
367 0.26 2.77555756156e-17 0.268083333333
368 0.26 2.77555756156e-17 0.270833333333
369 0.26 2.77555756156e-17 0.273833333333
370 0.26 2.77555756156e-17 0.27775
371 0.26 2.77555756156e-17 0.281416666667
372 0.26 2.77555756156e-17 0.285333333333
373 0.26 2.77555756156e-17 0.288
374 0.26 2.77555756156e-17 0.290416666667
375 0.26 2.77555756156e-17 0.291666666667
376 0.26 2.77555756156e-17 0.291666666667
377 0.26 2.77555756156e-17 0.291666666667
378 0.26 2.77555756156e-17 0.291666666667
379 0.26 2.77555756156e-17 0.291666666667
380 0.26 2.77555756156e-17 0.291666666667
381 0.26 2.77555756156e-17 0.291666666667
382 0.26 2.77555756156e-17 0.291666666667
383 0.26 2.77555756156e-17 0.291666666667
384 0.26 2.77555756156e-17 0.291666666667
385 0.26 2.77555756156e-17 0.291666666667
386 0.26 2.77555756156e-17 0.291666666667
387 0.26 2.77555756156e-17 0.291666666667
388 0.26 2.77555756156e-17 0.291666666667
389 0.26 2.77555756156e-17 0.291666666667
390 0.26 2.77555756156e-17 0.291666666667
391 0.26 2.77555756156e-17 0.291666666667
392 0.26 2.77555756156e-17 0.291666666667
393 0.26 2.77555756156e-17 0.291666666667
394 0.26 2.77555756156e-17 0.291666666667
395 0.26 2.77555756156e-17 0.291666666667
396 0.26 2.77555756156e-17 0.291666666667
397 0.26 2.77555756156e-17 0.291666666667
398 0.26 2.77555756156e-17 0.291666666667
399 0.26 2.77555756156e-17 0.291666666667
400 0.26 2.77555756156e-17 0.291666666667
401 0.26 2.77555756156e-17 0.291666666667
402 0.26 2.77555756156e-17 0.291666666667
403 0.26 2.77555756156e-17 0.291666666667
404 0.26 2.77555756156e-17 0.291666666667
405 0.26 0.05 0.291666666667
406 0.26 0.1 0.291666666667
407 0.26 0.1 0.291666666667
408 0.26 0.1 0.291666666667
409 0.26 0.1 0.291666666667
410 0.26 0.1 0.291666666667
411 0.26 0.1 0.291666666667
412 0.26 0.1 0.291666666667
413 0.26 0.1 0.291666666667
414 0.26 0.1 0.291666666667
415 0.26 0.1 0.291666666667
416 0.26 0.1 0.291666666667
417 0.26 0.1 0.291666666667
418 0.26 0.1 0.291666666667
419 0.26 0.1 0.291666666667
420 0.26 0.05 0.291666666667
421 0.26 2.77555756156e-17 0.291666666667
422 0.26 2.77555756156e-17 0.291666666667
423 0.26 2.77555756156e-17 0.291666666667
424 0.26 2.77555756156e-17 0.291666666667
425 0.26 2.77555756156e-17 0.291666666667
426 0.26 2.77555756156e-17 0.291666666667
427 0.26 2.77555756156e-17 0.291666666667
428 0.26 2.77555756156e-17 0.291666666667
429 0.26 2.77555756156e-17 0.291666666667
430 0.26 2.77555756156e-17 0.291666666667
431 0.26 2.77555756156e-17 0.291666666667
432 0.26 2.77555756156e-17 0.291666666667
433 0.26 2.77555756156e-17 0.291666666667
434 0.26 2.77555756156e-17 0.291666666667
435 0.26 2.77555756156e-17 0.291666666667
436 0.26 2.77555756156e-17 0.291666666667
437 0.26 2.77555756156e-17 0.291666666667
438 0.26 2.77555756156e-17 0.291666666667
439 0.26 2.77555756156e-17 0.291666666667
440 0.26 2.77555756156e-17 0.291666666667
441 0.26 2.77555756156e-17 0.291666666667
442 0.26 2.77555756156e-17 0.291666666667
443 0.26 2.77555756156e-17 0.291666666667
444 0.26 2.77555756156e-17 0.291666666667
445 0.26 2.77555756156e-17 0.291666666667
446 0.26 2.77555756156e-17 0.291666666667
447 0.26 0.1 0.291666666667
448 0.26 0.1 0.291666666667
449 0.26 0.1 0.291666666667
450 0.26 0.1 0.291666666667
451 0.26 0.1 0.291666666667
452 0.26 0.1 0.291666666667
453 0.26 0.1 0.291666666667
454 0.26 0.1 0.291666666667
455 0.26 0.1 0.291666666667
456 0.26 0.1 0.291666666667
457 0.26 0.1 0.291666666667
458 0.26 0.05 0.291666666667
459 0.26 2.77555756156e-17 0.291666666667
460 0.26 2.77555756156e-17 0.291666666667
461 0.26 2.77555756156e-17 0.291666666667
462 0.26 2.77555756156e-17 0.291666666667
463 0.26 2.77555756156e-17 0.291666666667
464 0.26 2.77555756156e-17 0.291666666667
465 0.26 2.77555756156e-17 0.291666666667
466 0.26 2.77555756156e-17 0.291666666667
467 0.26 2.77555756156e-17 0.291666666667
468 0.26 2.77555756156e-17 0.291666666667
469 0.26 2.77555756156e-17 0.291666666667
470 0.26 2.77555756156e-17 0.291666666667
471 0.26 2.77555756156e-17 0.291666666667
472 0.26 2.77555756156e-17 0.291666666667
473 0.26 2.77555756156e-17 0.291666666667
474 0.26 2.77555756156e-17 0.291666666667
475 0.26 2.77555756156e-17 0.291666666667
476 0.26 2.77555756156e-17 0.291666666667
477 0.26 2.77555756156e-17 0.291666666667
478 0.26 2.77555756156e-17 0.291666666667
479 0.26 2.77555756156e-17 0.291666666667
480 0.26 2.77555756156e-17 0.291666666667
481 0.26 2.77555756156e-17 0.291666666667
482 0.26 2.77555756156e-17 0.291666666667
483 0.26 2.77555756156e-17 0.291666666667
484 0.26 2.77555756156e-17 0.291666666667
485 0.26 2.77555756156e-17 0.291666666667
486 0.26 2.77555756156e-17 0.291666666667
487 0.26 2.77555756156e-17 0.291666666667
488 0.26 2.77555756156e-17 0.291666666667
489 0.26 2.77555756156e-17 0.291666666667
490 0.26 2.77555756156e-17 0.291666666667
491 0.26 2.77555756156e-17 0.291666666667
492 0.26 2.77555756156e-17 0.291666666667
493 0.26 2.77555756156e-17 0.291666666667
494 0.26 2.77555756156e-17 0.291666666667
495 0.26 2.77555756156e-17 0.291666666667
496 0.26 2.77555756156e-17 0.291666666667
497 0.26 2.77555756156e-17 0.291666666667
498 0.26 2.77555756156e-17 0.291666666667
499 0.26 2.77555756156e-17 0.291666666667
500 0.26 2.77555756156e-17 0.291666666667
501 0.26 2.77555756156e-17 0.291666666667
502 0.26 2.77555756156e-17 0.291666666667
503 0.26 2.77555756156e-17 0.291666666667
504 0.26 2.77555756156e-17 0.291666666667
505 0.26 2.77555756156e-17 0.291666666667
506 0.26 2.77555756156e-17 0.291666666667
507 0.26 2.77555756156e-17 0.291666666667
508 0.26 2.77555756156e-17 0.291666666667
509 0.26 2.77555756156e-17 0.291666666667
510 0.26 2.77555756156e-17 0.291666666667
511 0.26 2.77555756156e-17 0.291666666667
512 0.26 2.77555756156e-17 0.291666666667
513 0.26 2.77555756156e-17 0.291666666667
514 0.26 2.77555756156e-17 0.291666666667
515 0.26 2.77555756156e-17 0.291666666667
516 0.26 2.77555756156e-17 0.291666666667
517 0.26 2.77555756156e-17 0.28975
518 0.26 2.77555756156e-17 0.287833333333
519 0.26 2.77555756156e-17 0.284166666667
520 0.26 2.77555756156e-17 0.282083333333
521 0.26 2.77555756156e-17 0.27825
522 0.26 2.77555756156e-17 0.276333333333
523 0.26 2.77555756156e-17 0.274416666667
524 0.26 2.77555756156e-17 0.2725
525 0.26 2.77555756156e-17 0.268666666667
526 0.26 2.77555756156e-17 0.26675
527 0.26 2.77555756156e-17 0.262916666667
528 0.26 2.77555756156e-17 0.261
529 0.26 2.77555756156e-17 0.259083333333
530 0.26 2.77555756156e-17 0.25525
531 0.26 2.77555756156e-17 0.253333333333
532 0.26 2.77555756156e-17 0.251416666667
533 0.26 2.77555756156e-17 0.2495
534 0.26 2.77555756156e-17 0.245666666667
535 0.26 2.77555756156e-17 0.24375
536 0.26 2.77555756156e-17 0.241833333333
537 0.26 2.77555756156e-17 0.238
538 0.26 2.77555756156e-17 0.236083333333
539 0.26 2.77555756156e-17 0.234166666667
540 0.26 2.77555756156e-17 0.230333333333
541 0.26 2.77555756156e-17 0.228416666667
542 0.26 2.77555756156e-17 0.2265
543 0.26 2.77555756156e-17 0.222666666667
544 0.26 2.77555756156e-17 0.22075
545 0.26 2.77555756156e-17 0.218833333333
546 0.26 2.77555756156e-17 0.215
547 0.26 2.77555756156e-17 0.213083333333
548 0.26 2.77555756156e-17 0.210916666667
549 0.26 2.77555756156e-17 0.207333333333
550 0.26 2.77555756156e-17 0.205416666667
551 0.26 2.77555756156e-17 0.201583333333
552 0.26 2.77555756156e-17 0.199666666667
553 0.26 2.77555756156e-17 0.19775
554 0.26 2.77555756156e-17 0.193916666667
555 0.26 2.77555756156e-17 0.192
556 0.26 2.77555756156e-17 0.18975
557 0.26 2.77555756156e-17 0.18625
558 0.26 2.77555756156e-17 0.184333333333
559 0.26 2.77555756156e-17 0.1805
560 0.26 2.77555756156e-17 0.178583333333
561 0.26 2.77555756156e-17 0.176666666667
562 0.26 2.77555756156e-17 0.172833333333
563 0.26 2.77555756156e-17 0.170916666667
564 0.26 2.77555756156e-17 0.167083333333
565 0.26 2.77555756156e-17 0.165166666667
566 0.26 2.77555756156e-17 0.16325
567 0.26 2.77555756156e-17 0.159416666667
568 0.26 2.77555756156e-17 0.159083333333
569 0.26 2.77555756156e-17 0.155583333333
570 0.26 2.77555756156e-17 0.15175
571 0.26 2.77555756156e-17 0.149833333333
572 0.26 2.77555756156e-17 0.147916666667
573 0.26 2.77555756156e-17 0.146
574 0.26 2.77555756156e-17 0.144083333333
575 0.26 2.77555756156e-17 0.14025
576 0.26 2.77555756156e-17 0.138333333333
577 0.26 2.77555756156e-17 0.136416666667
578 0.26 2.77555756156e-17 0.132583333333
579 0.26 2.77555756156e-17 0.130666666667
580 0.26 2.77555756156e-17 0.12875
581 0.26 2.77555756156e-17 0.124916666667
582 0.26 2.77555756156e-17 0.123
583 0.26 2.77555756156e-17 0.121083333333
584 0.26 2.77555756156e-17 0.11725
585 0.26 2.77555756156e-17 0.115333333333
586 0.26 2.77555756156e-17 0.113416666667
