0 0.26 0.0 0.0
1 0.26 0.0 0.0
2 0.26 0.0 0.0
3 0.26 0.05 0.0
4 0.26 0.1 0.0
5 0.26 0.15 0.0
6 0.26 0.2 0.0
7 0.26 0.3 0.0
8 0.26 0.3 0.0
9 0.26 0.4 0.0
10 0.26 0.45 0.0
11 0.26 0.5 0.0
12 0.26 0.5 0.0
13 0.26 0.5 0.0
14 0.26 0.5 0.0
15 0.26 0.5 0.0
16 0.26 0.5 0.0
17 0.26 0.5 0.0
18 0.26 0.5 0.0
19 0.26 0.5 0.0
20 0.26 0.5 0.0
21 0.26 0.5 0.0
22 0.26 0.5 0.0
23 0.0 0.0 0.0
24 0.0 0.0 0.0
25 0.005 0.0 0.0
26 0.01 0.0 0.0
27 0.01 0.0 0.0
28 0.01 0.0 0.0
29 0.035 0.0 0.0
30 0.065 0.0 0.0
31 0.09 0.0 0.0
32 0.115 0.0 0.0
33 0.145 0.0 0.0
34 0.17 0.0 0.0
35 0.195 0.0 0.0
36 0.225 0.0 0.0
37 0.25 0.0 0.0
38 0.26 0.0 0.0
39 0.26 0.0 0.0
40 0.26 0.0 0.0
41 0.26 0.0 0.0
42 0.26 0.0 0.0
43 0.26 -0.1 0.0
44 0.26 -0.1 0.0
45 0.26 -0.1 0.0
46 0.26 -0.2 0.0
47 0.26 -0.2 0.0
48 0.26 -0.2 0.0
49 0.26 -0.25 0.0
50 0.26 -0.3 0.0
51 0.26 -0.3 0.0
52 0.26 -0.4 0.0
53 0.26 -0.4 0.0
54 0.26 -0.4 0.0
55 0.26 -0.45 0.0
56 0.26 -0.5 0.0
57 0.26 -0.5 0.0
58 0.26 -0.5 0.0
59 0.26 -0.5 0.0
60 0.26 -0.5 0.0
61 0.26 -0.5 0.0
62 0.26 -0.5 0.0
63 0.26 -0.5 0.04375
64 0.26 -0.5 0.175
65 0.26 -0.5 0.3
66 0.26 -0.5 0.425
67 0.26 -0.5 0.5875
68 0.0 0.0 0.71875
69 0.0 0.0 0.75
70 0.0 0.0 0.75
71 0.01 0.0 0.7125
72 0.01 0.0 0.70625
73 0.01 0.0 0.70625
74 0.03 0.0 0.7
75 0.055 0.0 0.7
76 0.08 0.0 0.70625
77 0.11 0.0 0.725
78 0.13 0.0 0.7375
79 0.135 0.0 0.7375
80 0.15 0.1 0.7375
81 0.16 0.1 0.75
82 0.165 0.1 0.75
83 0.175 0.1 0.75
84 0.18 0.1 0.75
85 0.19 0.1 0.75
86 0.2 0.1 0.75
87 0.205 0.1 0.73125
88 0.22 0.1 0.70625
89 0.25 0.1 0.68125
90 0.26 0.1 0.65625
91 0.26 0.1 0.63125
92 0.26 0.1 0.60625
93 0.26 0.0 0.575
94 0.26 0.0 0.56875
95 0.26 0.0 0.56875
96 0.26 0.0 0.56875
97 0.26 0.0 0.56875
98 0.26 0.0 0.56875
99 0.26 0.0 0.56875
100 0.26 0.0 0.575
101 0.26 0.0 0.575
102 0.26 0.0 0.575
103 0.26 0.0 0.575
104 0.26 0.0 0.575
105 0.26 0.0 0.575
106 0.26 0.0 0.575
107 0.26 0.0 0.575
108 0.26 0.0 0.575
109 0.26 0.0 0.575
110 0.26 0.0 0.575
111 0.26 0.0 0.575
112 0.26 0.0 0.575
113 0.26 0.0 0.575
114 0.26 0.0 0.575
115 0.26 0.0 0.58125
116 0.26 0.0 0.58125
117 0.26 0.0 0.58125
118 0.26 0.0 0.58125
119 0.26 0.0 0.58125
120 0.26 0.0 0.58125
121 0.26 0.0 0.58125
122 0.26 0.0 0.58125
123 0.26 0.0 0.58125
124 0.26 0.0 0.58125
125 0.26 0.0 0.58125
126 0.26 0.0 0.58125
127 0.26 0.0 0.58125
128 0.26 0.0 0.58125
129 0.26 0.0 0.58125
130 0.26 0.0 0.58125
131 0.26 0.0 0.58125
132 0.26 0.0 0.5875
133 0.26 0.0 0.5875
134 0.26 0.0 0.5875
135 0.26 0.0 0.5875
136 0.26 0.0 0.5875
137 0.26 0.0 0.5875
138 0.26 0.0 0.5875
139 0.26 0.0 0.5875
140 0.26 0.0 0.5875
141 0.26 0.0 0.5875
142 0.26 0.0 0.5875
143 0.26 0.0 0.5875
144 0.26 0.0 0.5875
145 0.26 0.0 0.5875
146 0.26 0.0 0.59375
147 0.26 0.0 0.59375
148 0.26 0.0 0.59375
149 0.26 0.0 0.59375
150 0.26 0.0 0.59375
151 0.26 0.0 0.59375
152 0.26 0.0 0.59375
153 0.26 0.0 0.59375
154 0.26 0.0 0.59375
155 0.26 0.0 0.59375
156 0.26 0.0 0.59375
157 0.26 0.0 0.59375
158 0.26 0.0 0.59375
159 0.26 0.0 0.59375
160 0.26 0.0 0.59375
161 0.26 0.0 0.6
162 0.26 0.0 0.6
163 0.26 0.0 0.6
164 0.26 0.0 0.6
165 0.26 0.0 0.6
166 0.26 0.0 0.6
167 0.26 0.0 0.6
168 0.26 0.0 0.6
169 0.26 0.0 0.6
170 0.26 0.0 0.6
171 0.26 0.0 0.6
172 0.26 0.0 0.6
173 0.26 0.0 0.60625
174 0.26 0.0 0.60625
175 0.26 0.0 0.60625
176 0.26 0.0 0.6125
177 0.26 0.0 0.6125
178 0.26 0.0 0.61875
179 0.26 0.0 0.61875
180 0.26 0.0 0.625
181 0.26 0.0 0.63125
182 0.26 0.0 0.63125
183 0.26 0.0 0.6375
184 0.26 0.0 0.6375
185 0.26 0.0 0.64375
186 0.26 0.0 0.64375
187 0.26 0.0 0.65
188 0.26 0.0 0.65625
189 0.26 0.0 0.6605
190 0.26 0.0 0.6625
191 0.26 0.0 0.66875
192 0.26 0.0 0.67475
193 0.26 0.0 0.675
194 0.26 0.0 0.68125
195 0.26 0.0 0.6875
196 0.26 0.0 0.69375
197 0.26 0.0 0.69375
198 0.26 0.0 0.7
199 0.26 0.0 0.70625
200 0.26 0.0 0.711333333333
201 0.26 0.0 0.7125
202 0.26 0.0 0.71875
203 0.26 0.0 0.725
204 0.26 0.0 0.73125
205 0.26 0.0 0.7375
206 0.26 0.0 0.74375
207 0.26 0.0 0.75
208 0.26 0.0 0.75
209 0.26 0.0 0.75
210 0.26 0.0 0.75
211 0.26 0.0 0.75
212 0.26 0.0 0.75
213 0.26 0.0 0.75
