0 0.26 0.0 0.0
1 0.26 0.0 0.0
2 0.26 0.05 0.0
3 0.26 0.1 0.0
4 0.26 0.15 0.0
5 0.26 0.2 0.0
6 0.26 0.3 0.0
7 0.26 0.3 0.0
8 0.26 0.4 0.0
9 0.26 0.4 0.0
10 0.26 0.45 0.0
11 0.26 0.5 0.0
12 0.26 0.5 0.0
13 0.26 0.5 0.0
14 0.26 0.5 0.0
15 0.26 0.5 0.0
16 0.26 0.5 0.0
17 0.26 0.5 0.0
18 0.26 0.5 0.0
19 0.26 0.5 0.0
20 0.0 0.0 0.0
21 0.0 0.0 0.0
22 0.0 0.0 0.0
23 0.005 0.0 0.0
24 0.01 0.0 0.0
25 0.01 0.0 0.0
26 0.015 0.0 0.0
27 0.045 0.0 0.0
28 0.075 0.0 0.0
29 0.105 0.0 0.0
30 0.135 0.0 0.0
31 0.165 0.0 0.0
32 0.195 0.0 0.0
33 0.22 0.0 0.0
34 0.245 0.0 0.0
35 0.26 0.0 0.0
36 0.26 0.0 0.0
37 0.26 0.0 0.0
38 0.26 0.0 0.0
39 0.26 0.0 0.0
40 0.26 0.0 0.0
41 0.26 0.0 0.0
42 0.26 0.0 0.0
43 0.26 0.0 0.0
44 0.26 0.0 0.0
45 0.26 0.0 0.0
46 0.26 0.0 0.0
47 0.26 0.0 0.0
48 0.26 0.0 0.0
49 0.26 0.0 0.0
50 0.26 0.0 0.0
51 0.26 0.0 0.0
52 0.26 0.0 0.0
53 0.26 0.0 0.0
54 0.26 0.0 0.0
55 0.26 0.0 0.0
56 0.26 0.0 0.0
57 0.26 -0.1 0.0
58 0.26 -0.1 0.0
59 0.26 -0.1 0.0
60 0.26 -0.2 0.0
61 0.26 -0.2 0.0
62 0.26 -0.3 0.0
63 0.26 -0.3 0.0
64 0.26 -0.35 0.0
65 0.26 -0.4 0.0
66 0.26 -0.4 0.0
67 0.26 -0.45 0.0
68 0.26 -0.5 0.0
69 0.26 -0.5 0.0
70 0.26 -0.5 0.09375
71 0.26 -0.5 0.21875
72 0.26 -0.5 0.38125
73 0.26 -0.5 0.5375
74 0.0 0.0 0.66875
75 0.0 0.0 0.75
76 0.0 0.0 0.75
77 0.0 0.0 0.75
78 0.005 0.0 0.75
79 0.01 0.0 0.75
80 0.01 0.0 0.75
81 0.025 0.0 0.75
82 0.05 0.0 0.75
83 0.08 0.0 0.75
84 0.105 0.0 0.75
85 0.13 0.0 0.75
86 0.155 0.0 0.75
87 0.185 0.0 0.75
88 0.19 0.0 0.75
89 0.205 0.1 0.75
90 0.21 0.1 0.75
91 0.22 0.15 0.75
92 0.23 0.2 0.75
93 0.24 0.2 0.725
94 0.25 0.2 0.66875
95 0.255 0.2 0.60625
96 0.26 0.2 0.5625
97 0.26 0.1 0.5
98 0.26 0.05 0.4625
99 0.26 0.0 0.44375
100 0.26 0.0 0.44375
101 0.26 0.0 0.44375
102 0.26 0.0 0.44375
103 0.26 0.0 0.44375
104 0.26 0.0 0.44375
105 0.26 0.0 0.44375
106 0.26 0.0 0.4375
107 0.26 0.0 0.4375
108 0.26 0.0 0.4375
109 0.26 0.0 0.4375
110 0.26 0.0 0.4375
111 0.26 0.0 0.43125
112 0.26 0.0 0.43125
113 0.26 0.0 0.43125
114 0.26 0.0 0.43125
115 0.26 0.0 0.43125
116 0.26 0.0 0.43125
117 0.26 0.0 0.425
118 0.26 0.0 0.425
119 0.26 0.0 0.425
120 0.26 0.0 0.425
121 0.26 0.0 0.425
122 0.26 0.0 0.41875
123 0.26 0.0 0.41875
124 0.26 0.0 0.41875
125 0.26 0.0 0.41875
126 0.26 0.0 0.41875
127 0.26 0.0 0.41875
128 0.26 0.0 0.41875
129 0.26 0.0 0.4125
130 0.26 0.0 0.4125
131 0.26 0.0 0.4125
132 0.26 0.0 0.4125
133 0.26 0.0 0.40625
134 0.26 0.0 0.40625
135 0.26 0.0 0.40625
136 0.26 0.0 0.40625
137 0.26 0.0 0.40625
138 0.26 0.0 0.40625
139 0.26 0.0 0.405083333333
140 0.26 0.0 0.4
141 0.26 0.0 0.4
142 0.26 0.0 0.4
143 0.26 0.0 0.398333333333
144 0.26 0.0 0.397833333333
145 0.26 0.0 0.39375
146 0.26 0.0 0.39375
147 0.26 0.0 0.39375
148 0.26 0.0 0.39375
149 0.26 0.0 0.39375
150 0.26 0.0 0.3875
151 0.26 0.0 0.3875
152 0.26 0.0 0.3875
153 0.26 0.0 0.3875
154 0.26 0.0 0.38125
155 0.26 0.0 0.38125
156 0.26 0.0 0.38125
157 0.26 0.0 0.38125
158 0.26 0.0 0.38125
159 0.26 0.0 0.38125
160 0.26 0.0 0.38125
161 0.26 0.0 0.375
162 0.26 0.0 0.375
163 0.26 0.0 0.375
164 0.26 0.0 0.375
165 0.26 0.0 0.375
166 0.26 0.0 0.375
167 0.26 0.0 0.38125
168 0.26 0.0 0.38125
169 0.26 0.0 0.38125
170 0.26 0.0 0.38125
171 0.26 0.0 0.38125
172 0.26 0.0 0.38125
173 0.26 0.0 0.38125
174 0.26 0.0 0.3875
175 0.26 0.0 0.38125
176 0.26 0.0 0.3875
177 0.26 0.0 0.3875
178 0.26 0.0 0.3875
179 0.26 0.0 0.3875
180 0.26 0.0 0.39375
181 0.26 0.0 0.39375
182 0.26 0.0 0.39375
183 0.26 0.0 0.39375
184 0.26 0.0 0.39375
185 0.26 0.0 0.4
186 0.26 0.0 0.4
187 0.26 0.0 0.4
188 0.26 0.0 0.4
189 0.26 0.0 0.4
190 0.26 0.0 0.40625
191 0.26 0.0 0.40625
192 0.26 0.0 0.40625
193 0.26 0.0 0.40625
194 0.26 0.0 0.4125
195 0.26 0.0 0.4125
196 0.26 0.0 0.4125
197 0.26 0.0 0.41875
198 0.26 0.0 0.41875
199 0.26 0.0 0.41875
200 0.26 0.0 0.41875
201 0.26 0.0 0.425
