0 0.115 0.0 0.274
1 0.125 -0.05 0.27275
2 0.13 -0.1 0.271583333333
3 0.14 -0.15 0.268833333333
4 0.145 -0.2 0.2665
5 0.16 -0.25 0.265083333333
6 0.165 -0.3 0.263916666667
7 0.17 -0.3 0.260833333333
8 0.185 -0.4 0.258166666667
9 0.19 -0.4 0.250083333333
10 0.2 -0.4 0.247833333333
11 0.205 -0.4 0.257
12 0.215 -0.4 0.256
13 0.22 -0.4 0.255833333333
14 0.225 -0.4 0.255583333333
15 0.245 -0.4 0.24875
16 0.26 -0.4 0.247166666667
17 0.26 -0.4 0.254833333333
18 0.26 -0.4 0.25575
19 0.26 -0.4 0.25475
20 0.26 -0.4 0.254583333333
21 0.26 -0.4 0.253833333333
22 0.26 -0.4 0.253416666667
23 0.26 -0.4 0.254833333333
24 0.26 -0.4 0.255083333333
25 0.26 -0.4 0.260333333333
26 0.26 -0.4 0.260333333333
27 0.26 -0.4 0.260333333333
28 0.26 -0.4 0.2605
29 0.26 -0.4 0.260333333333
30 0.26 -0.4 0.26675
31 0.26 -0.4 0.279166666667
32 0.26 -0.4 0.278916666667
33 0.26 -0.4 0.278666666667
34 0.26 -0.4 0.27825
35 0.26 -0.4 0.277583333333
36 0.26 -0.4 0.277416666667
37 0.26 -0.3 0.28575
38 0.26 -0.3 0.291666666667
39 0.26 -0.3 0.291666666667
40 0.26 -0.3 0.291666666667
41 0.26 -0.3 0.291666666667
42 0.26 -0.3 0.291666666667
43 0.26 -0.3 0.291666666667
44 0.26 -0.3 0.291666666667
45 0.26 -0.3 0.291666666667
46 0.26 -0.3 0.291666666667
47 0.26 -0.25 0.291666666667
48 0.26 -0.2 0.291666666667
49 0.26 -0.2 0.291666666667
50 0.26 -0.2 0.291666666667
51 0.26 -0.2 0.291666666667
52 0.26 -0.2 0.291666666667
53 0.26 -0.2 0.291666666667
54 0.26 -0.2 0.291666666667
55 0.26 -0.2 0.291666666667
56 0.26 -0.2 0.291666666667
57 0.26 -0.2 0.291666666667
58 0.26 -0.2 0.291666666667
59 0.26 -0.2 0.291666666667
60 0.26 -0.2 0.291666666667
61 0.26 -0.2 0.291666666667
62 0.26 -0.2 0.291666666667
63 0.26 -0.2 0.291666666667
64 0.26 -0.2 0.291666666667
65 0.26 -0.2 0.291666666667
66 0.26 -0.1 0.291666666667
67 0.26 -0.05 0.291666666667
68 0.26 -2.77555756156e-17 0.291666666667
69 0.26 0.05 0.291666666667
70 0.26 0.1 0.291666666667
71 0.26 0.1 0.291666666667
72 0.26 0.1 0.291666666667
73 0.26 0.1 0.291666666667
74 0.26 0.1 0.291666666667
75 0.26 0.1 0.291666666667
76 0.26 0.1 0.291666666667
77 0.26 0.1 0.291666666667
78 0.26 0.1 0.291666666667
79 0.26 0.1 0.291666666667
80 0.26 0.1 0.291666666667
81 0.26 0.1 0.291666666667
82 0.26 0.1 0.291666666667
83 0.26 0.1 0.291666666667
84 0.26 0.1 0.291666666667
85 0.26 0.1 0.291666666667
86 0.26 0.1 0.291666666667
87 0.26 0.1 0.291666666667
88 0.26 0.1 0.291666666667
89 0.26 0.1 0.291666666667
90 0.26 0.1 0.291666666667
91 0.26 0.1 0.291666666667
92 0.26 0.1 0.291666666667
93 0.26 0.1 0.291666666667
94 0.26 0.1 0.291666666667
95 0.26 0.1 0.291666666667
96 0.26 0.1 0.291666666667
97 0.26 0.1 0.291666666667
98 0.26 0.1 0.291666666667
99 0.26 0.15 0.291666666667
100 0.26 0.2 0.291666666667
101 0.26 0.2 0.291666666667
102 0.26 0.2 0.291666666667
103 0.26 0.2 0.291666666667
104 0.26 0.2 0.291666666667
105 0.26 0.2 0.291666666667
106 0.26 0.2 0.291666666667
107 0.26 0.2 0.291666666667
108 0.26 0.2 0.291666666667
109 0.26 0.2 0.291666666667
110 0.26 0.2 0.291666666667
111 0.26 0.2 0.291666666667
112 0.26 0.2 0.291666666667
113 0.26 0.2 0.291666666667
114 0.26 0.2 0.291666666667
115 0.26 0.2 0.291666666667
116 0.26 0.2 0.291666666667
117 0.26 0.2 0.291666666667
118 0.26 0.2 0.291666666667
119 0.26 0.2 0.291666666667
120 0.26 0.2 0.291666666667
121 0.26 0.2 0.291666666667
122 0.26 0.2 0.291666666667
123 0.26 0.15 0.291666666667
124 0.26 0.1 0.291666666667
125 0.26 -2.77555756156e-17 0.291666666667
126 0.26 -2.77555756156e-17 0.291666666667
127 0.26 -2.77555756156e-17 0.291666666667
128 0.26 -2.77555756156e-17 0.291666666667
129 0.26 -2.77555756156e-17 0.291666666667
130 0.26 -2.77555756156e-17 0.291666666667
131 0.26 -2.77555756156e-17 0.291666666667
132 0.26 -2.77555756156e-17 0.291666666667
133 0.26 -2.77555756156e-17 0.291666666667
134 0.26 -2.77555756156e-17 0.291666666667
135 0.26 -2.77555756156e-17 0.291666666667
136 0.26 -2.77555756156e-17 0.291666666667
137 0.26 -2.77555756156e-17 0.291416666667
138 0.26 -2.77555756156e-17 0.29025
139 0.26 -2.77555756156e-17 0.288833333333
140 0.26 -2.77555756156e-17 0.288666666667
141 0.26 -2.77555756156e-17 0.288333333333
142 0.26 -2.77555756156e-17 0.288333333333
143 0.26 -2.77555756156e-17 0.288333333333
144 0.26 -2.77555756156e-17 0.288333333333
145 0.26 -2.77555756156e-17 0.288833333333
146 0.26 -2.77555756156e-17 0.289
147 0.26 -2.77555756156e-17 0.28925
148 0.26 -2.77555756156e-17 0.289416666667
149 0.26 -2.77555756156e-17 0.28975
150 0.26 -2.77555756156e-17 0.28975
151 0.26 -2.77555756156e-17 0.289916666667
152 0.26 -2.77555756156e-17 0.289916666667
153 0.26 -2.77555756156e-17 0.290583333333
154 0.26 -2.77555756156e-17 0.291083333333
155 0.26 -2.77555756156e-17 0.291
156 0.26 -2.77555756156e-17 0.290916666667
157 0.26 -2.77555756156e-17 0.290416666667
158 0.26 -2.77555756156e-17 0.290166666667
159 0.26 -2.77555756156e-17 0.290083333333
160 0.26 -2.77555756156e-17 0.28975
161 0.26 -2.77555756156e-17 0.285833333333
162 0.26 -2.77555756156e-17 0.283416666667
163 0.26 -2.77555756156e-17 0.283416666667
164 0.26 -2.77555756156e-17 0.282166666667
165 0.26 -2.77555756156e-17 0.2825
166 0.26 -2.77555756156e-17 0.28225
167 0.26 -2.77555756156e-17 0.282166666667
168 0.26 -2.77555756156e-17 0.282083333333
169 0.26 -2.77555756156e-17 0.282916666667
170 0.26 -2.77555756156e-17 0.2825
171 0.26 -2.77555756156e-17 0.282916666667
172 0.26 -2.77555756156e-17 0.282916666667
173 0.26 -2.77555756156e-17 0.282583333333
174 0.26 -2.77555756156e-17 0.282416666667
175 0.26 -2.77555756156e-17 0.28175
176 0.26 -2.77555756156e-17 0.280833333333
177 0.26 -2.77555756156e-17 0.2795
178 0.26 -2.77555756156e-17 0.279
179 0.26 -2.77555756156e-17 0.27825
180 0.26 -2.77555756156e-17 0.2765
181 0.26 -2.77555756156e-17 0.273916666667
182 0.26 -2.77555756156e-17 0.273083333333
183 0.26 -2.77555756156e-17 0.273333333333
184 0.26 -2.77555756156e-17 0.269083333333
185 0.26 -2.77555756156e-17 0.265833333333
186 0.26 -2.77555756156e-17 0.26575
187 0.26 -2.77555756156e-17 0.26525
188 0.26 -2.77555756156e-17 0.265916666667
189 0.26 -2.77555756156e-17 0.26575
190 0.26 -2.77555756156e-17 0.265833333333
191 0.26 -2.77555756156e-17 0.26575
192 0.26 -2.77555756156e-17 0.266083333333
193 0.26 -2.77555756156e-17 0.265083333333
194 0.26 -2.77555756156e-17 0.264083333333
195 0.26 -2.77555756156e-17 0.263833333333
196 0.26 -2.77555756156e-17 0.263
197 0.26 -2.77555756156e-17 0.26175
198 0.26 -2.77555756156e-17 0.2585
199 0.26 -2.77555756156e-17 0.257666666667
200 0.26 -2.77555756156e-17 0.257166666667
201 0.26 -2.77555756156e-17 0.25675
202 0.26 -2.77555756156e-17 0.256416666667
203 0.26 -2.77555756156e-17 0.256333333333
204 0.26 -2.77555756156e-17 0.255833333333
205 0.26 -2.77555756156e-17 0.25575
206 0.26 -2.77555756156e-17 0.25575
207 0.26 0.05 0.255416666667
208 0.26 0.1 0.255
209 0.26 0.15 0.25625
210 0.26 0.2 0.255583333333
211 0.26 0.25 0.25775
212 0.26 0.3 0.257833333333
213 0.26 0.35 0.258
214 0.26 0.4 0.259333333333
215 0.26 0.4 0.259333333333
216 0.26 0.4 0.256666666667
217 0.26 0.4 0.257416666667
218 0.26 0.4 0.25825
219 0.26 0.4 0.257833333333
220 0.26 0.4 0.258
221 0.26 0.4 0.261416666667
222 0.26 0.4 0.273583333333
223 0.26 0.4 0.267583333333
224 0.26 0.4 0.261166666667
225 0.26 0.4 0.249416666667
226 0.26 0.4 0.249583333333
227 0.26 0.4 0.249
228 0.26 0.4 0.251416666667
229 0.26 0.5 0.265166666667
230 0.26 0.5 0.266333333333
231 0.26 0.5 0.266083333333
232 0.26 0.5 0.251916666667
233 0.26 0.5 0.25275
234 0.26 0.5 0.2495
235 0.26 0.5 0.23875
236 0.26 0.5 0.248833333333
237 0.26 0.5 0.262166666667
238 0.26 0.5 0.263416666667
239 0.26 0.5 0.264083333333
240 0.26 0.5 0.2635
241 0.26 0.5 0.264166666667
242 0.26 0.5 0.267666666667
243 0.26 0.5 0.27725
244 0.26 0.5 0.278
245 0.26 0.5 0.287166666667
246 0.26 0.5 0.291666666667
247 0.26 0.5 0.291666666667
248 0.26 0.5 0.291666666667
249 0.26 0.5 0.291666666667
250 0.26 0.5 0.28725
251 0.26 0.5 0.278583333333
252 0.26 0.5 0.279
253 0.26 0.5 0.27775
254 0.26 0.45 0.265
255 0.26 0.4 0.265166666667
256 0.26 0.4 0.265333333333
257 0.26 0.4 0.265
258 0.26 0.35 0.266416666667
259 0.26 0.3 0.266333333333
260 0.26 0.3 0.267083333333
261 0.26 0.3 0.267416666667
262 0.26 0.3 0.267416666667
263 0.26 0.3 0.267666666667
264 0.26 0.3 0.271916666667
265 0.26 0.3 0.277416666667
266 0.26 0.3 0.278416666667
267 0.26 0.25 0.27875
268 0.26 0.2 0.278333333333
269 0.26 0.2 0.285333333333
270 0.26 0.2 0.290666666667
271 0.26 0.2 0.291666666667
272 0.26 0.2 0.291583333333
273 0.26 0.2 0.291333333333
274 0.26 0.15 0.291083333333
275 0.26 0.1 0.291666666667
276 0.26 0.05 0.291666666667
277 0.26 2.77555756156e-17 0.291666666667
278 0.26 2.77555756156e-17 0.291666666667
279 0.26 2.77555756156e-17 0.291666666667
280 0.26 2.77555756156e-17 0.291666666667
281 0.26 2.77555756156e-17 0.291666666667
282 0.26 2.77555756156e-17 0.291666666667
283 0.26 2.77555756156e-17 0.291666666667
284 0.26 -0.05 0.291666666667
285 0.26 -0.1 0.291666666667
286 0.26 -0.1 0.291666666667
287 0.26 -0.05 0.291666666667
288 0.26 2.77555756156e-17 0.291583333333
289 0.26 2.77555756156e-17 0.2915
290 0.26 2.77555756156e-17 0.2915
291 0.26 2.77555756156e-17 0.2915
292 0.26 2.77555756156e-17 0.2915
293 0.26 2.77555756156e-17 0.2915
294 0.26 -0.1 0.2915
295 0.26 -0.1 0.290416666667
296 0.26 -0.1 0.282666666667
297 0.26 -0.1 0.276833333333
298 0.26 -0.15 0.269583333333
299 0.26 -0.2 0.264666666667
300 0.26 -0.2 0.259416666667
301 0.26 -0.2 0.256666666667
302 0.26 -0.2 0.244166666667
303 0.26 -0.2 0.23225
304 0.26 -0.2 0.225083333333
305 0.26 -0.2 0.220833333333
306 0.26 -0.2 0.216583333333
307 0.26 -0.2 0.213583333333
308 0.26 -0.1 0.213916666667
309 0.26 -0.1 0.216
310 0.26 -0.1 0.220416666667
311 0.26 -0.1 0.218583333333
312 0.26 -0.1 0.219833333333
313 0.26 -0.1 0.2185
314 0.26 -0.05 0.218666666667
315 0.26 2.77555756156e-17 0.21775
316 0.26 2.77555756156e-17 0.217916666667
317 0.26 2.77555756156e-17 0.217916666667
318 0.26 2.77555756156e-17 0.218083333333
319 0.26 2.77555756156e-17 0.218666666667
320 0.26 2.77555756156e-17 0.218333333333
321 0.26 2.77555756156e-17 0.220416666667
322 0.26 2.77555756156e-17 0.220416666667
323 0.26 2.77555756156e-17 0.221666666667
324 0.26 2.77555756156e-17 0.222333333333
325 0.26 2.77555756156e-17 0.222583333333
326 0.26 2.77555756156e-17 0.22225
327 0.26 2.77555756156e-17 0.223583333333
328 0.26 2.77555756156e-17 0.223833333333
329 0.26 2.77555756156e-17 0.224583333333
330 0.26 2.77555756156e-17 0.224333333333
331 0.26 0.1 0.222416666667
332 0.26 0.1 0.223666666667
333 0.26 0.1 0.222166666667
334 0.26 0.1 0.219583333333
335 0.26 0.1 0.219083333333
336 0.26 0.1 0.21675
337 0.26 0.05 0.217416666667
338 0.26 2.77555756156e-17 0.216416666667
339 0.26 2.77555756156e-17 0.216083333333
340 0.26 2.77555756156e-17 0.217416666667
341 0.26 2.77555756156e-17 0.2185
342 0.26 2.77555756156e-17 0.218833333333
343 0.26 2.77555756156e-17 0.220166666667
344 0.26 2.77555756156e-17 0.22475
345 0.26 2.77555756156e-17 0.225
346 0.26 2.77555756156e-17 0.227416666667
347 0.26 2.77555756156e-17 0.23175
348 0.26 2.77555756156e-17 0.232916666667
349 0.26 2.77555756156e-17 0.23625
350 0.26 2.77555756156e-17 0.238583333333
351 0.26 2.77555756156e-17 0.239166666667
352 0.26 2.77555756156e-17 0.242666666667
353 0.26 2.77555756156e-17 0.245166666667
354 0.26 2.77555756156e-17 0.24825
355 0.26 2.77555756156e-17 0.251416666667
356 0.26 2.77555756156e-17 0.253166666667
357 0.26 2.77555756156e-17 0.252666666667
358 0.26 2.77555756156e-17 0.253333333333
359 0.26 2.77555756156e-17 0.253416666667
360 0.26 2.77555756156e-17 0.255
361 0.26 2.77555756156e-17 0.258916666667
362 0.26 2.77555756156e-17 0.259666666667
363 0.26 2.77555756156e-17 0.260083333333
364 0.26 2.77555756156e-17 0.260666666667
365 0.26 2.77555756156e-17 0.262083333333
366 0.26 2.77555756156e-17 0.263833333333
367 0.26 2.77555756156e-17 0.2665
368 0.26 2.77555756156e-17 0.270166666667
369 0.26 2.77555756156e-17 0.275416666667
370 0.26 2.77555756156e-17 0.279
371 0.26 2.77555756156e-17 0.2805
372 0.26 2.77555756156e-17 0.282416666667
373 0.26 2.77555756156e-17 0.283333333333
374 0.26 2.77555756156e-17 0.282833333333
375 0.26 2.77555756156e-17 0.282333333333
376 0.26 2.77555756156e-17 0.28375
377 0.26 2.77555756156e-17 0.287583333333
378 0.26 2.77555756156e-17 0.29
379 0.26 2.77555756156e-17 0.291166666667
380 0.26 2.77555756156e-17 0.291666666667
381 0.26 2.77555756156e-17 0.291666666667
382 0.26 2.77555756156e-17 0.291666666667
383 0.26 2.77555756156e-17 0.291666666667
384 0.26 2.77555756156e-17 0.291666666667
385 0.26 2.77555756156e-17 0.291666666667
386 0.26 2.77555756156e-17 0.291666666667
387 0.26 2.77555756156e-17 0.291666666667
388 0.26 2.77555756156e-17 0.291666666667
389 0.26 2.77555756156e-17 0.291666666667
390 0.26 2.77555756156e-17 0.291666666667
391 0.26 2.77555756156e-17 0.291666666667
392 0.26 2.77555756156e-17 0.291666666667
393 0.26 2.77555756156e-17 0.291666666667
394 0.26 2.77555756156e-17 0.291666666667
395 0.26 2.77555756156e-17 0.291666666667
396 0.26 2.77555756156e-17 0.291666666667
397 0.26 2.77555756156e-17 0.291666666667
398 0.26 2.77555756156e-17 0.291666666667
399 0.26 2.77555756156e-17 0.291666666667
400 0.26 2.77555756156e-17 0.291666666667
401 0.26 2.77555756156e-17 0.291666666667
402 0.26 2.77555756156e-17 0.291666666667
403 0.26 2.77555756156e-17 0.291666666667
404 0.26 2.77555756156e-17 0.291666666667
405 0.26 2.77555756156e-17 0.291666666667
406 0.26 2.77555756156e-17 0.291666666667
407 0.26 2.77555756156e-17 0.291666666667
408 0.26 2.77555756156e-17 0.291666666667
409 0.26 2.77555756156e-17 0.291666666667
410 0.26 2.77555756156e-17 0.291666666667
411 0.26 2.77555756156e-17 0.291666666667
412 0.26 2.77555756156e-17 0.291666666667
413 0.26 2.77555756156e-17 0.291666666667
414 0.26 2.77555756156e-17 0.291666666667
415 0.26 2.77555756156e-17 0.291666666667
416 0.26 2.77555756156e-17 0.291666666667
417 0.26 2.77555756156e-17 0.291666666667
418 0.26 2.77555756156e-17 0.291666666667
419 0.26 2.77555756156e-17 0.291666666667
420 0.26 2.77555756156e-17 0.291666666667
421 0.26 2.77555756156e-17 0.291666666667
422 0.26 2.77555756156e-17 0.291666666667
423 0.26 2.77555756156e-17 0.291666666667
424 0.26 2.77555756156e-17 0.291666666667
425 0.26 2.77555756156e-17 0.291666666667
426 0.26 2.77555756156e-17 0.291666666667
427 0.26 2.77555756156e-17 0.291666666667
428 0.26 2.77555756156e-17 0.291666666667
429 0.26 2.77555756156e-17 0.291666666667
430 0.26 2.77555756156e-17 0.291666666667
431 0.26 0.1 0.291666666667
432 0.26 0.1 0.291666666667
433 0.26 0.1 0.291666666667
434 0.26 0.1 0.291666666667
435 0.26 0.1 0.291666666667
436 0.26 0.1 0.291666666667
437 0.26 0.1 0.291666666667
438 0.26 0.1 0.291666666667
439 0.26 0.1 0.291666666667
440 0.26 0.1 0.291666666667
441 0.26 0.1 0.291666666667
442 0.26 0.1 0.291666666667
443 0.26 0.1 0.291666666667
444 0.26 0.1 0.291666666667
445 0.26 0.05 0.291666666667
446 0.26 2.77555756156e-17 0.291666666667
447 0.26 2.77555756156e-17 0.291666666667
448 0.26 2.77555756156e-17 0.291666666667
449 0.26 2.77555756156e-17 0.291666666667
450 0.26 2.77555756156e-17 0.291666666667
451 0.26 2.77555756156e-17 0.291666666667
452 0.26 2.77555756156e-17 0.291666666667
453 0.26 2.77555756156e-17 0.291666666667
454 0.26 2.77555756156e-17 0.291666666667
455 0.26 2.77555756156e-17 0.291666666667
456 0.26 2.77555756156e-17 0.291666666667
457 0.26 2.77555756156e-17 0.291666666667
458 0.26 2.77555756156e-17 0.291666666667
459 0.26 2.77555756156e-17 0.291666666667
460 0.26 2.77555756156e-17 0.291666666667
461 0.26 2.77555756156e-17 0.291666666667
462 0.26 2.77555756156e-17 0.291666666667
463 0.26 2.77555756156e-17 0.291666666667
464 0.26 2.77555756156e-17 0.291666666667
465 0.26 2.77555756156e-17 0.291666666667
466 0.26 2.77555756156e-17 0.291666666667
467 0.26 2.77555756156e-17 0.291666666667
468 0.26 2.77555756156e-17 0.291666666667
469 0.26 2.77555756156e-17 0.291666666667
470 0.26 2.77555756156e-17 0.291666666667
471 0.26 2.77555756156e-17 0.291666666667
472 0.26 2.77555756156e-17 0.291666666667
473 0.26 2.77555756156e-17 0.291666666667
474 0.26 2.77555756156e-17 0.291666666667
475 0.26 2.77555756156e-17 0.291666666667
476 0.26 2.77555756156e-17 0.291666666667
477 0.26 2.77555756156e-17 0.291666666667
478 0.26 2.77555756156e-17 0.291666666667
479 0.26 2.77555756156e-17 0.291666666667
480 0.26 2.77555756156e-17 0.291666666667
481 0.26 2.77555756156e-17 0.291666666667
482 0.26 2.77555756156e-17 0.291666666667
483 0.26 2.77555756156e-17 0.291666666667
484 0.26 2.77555756156e-17 0.291666666667
485 0.26 2.77555756156e-17 0.291666666667
486 0.26 2.77555756156e-17 0.291666666667
487 0.26 2.77555756156e-17 0.291666666667
488 0.26 2.77555756156e-17 0.291666666667
489 0.26 2.77555756156e-17 0.291666666667
490 0.26 2.77555756156e-17 0.291666666667
491 0.26 2.77555756156e-17 0.291666666667
492 0.26 2.77555756156e-17 0.291666666667
493 0.26 2.77555756156e-17 0.291666666667
494 0.26 2.77555756156e-17 0.291666666667
495 0.26 2.77555756156e-17 0.291666666667
496 0.26 2.77555756156e-17 0.291666666667
497 0.26 2.77555756156e-17 0.291666666667
498 0.26 2.77555756156e-17 0.291666666667
499 0.26 2.77555756156e-17 0.291666666667
500 0.26 2.77555756156e-17 0.291666666667
501 0.26 2.77555756156e-17 0.291666666667
502 0.26 2.77555756156e-17 0.291666666667
503 0.26 2.77555756156e-17 0.291666666667
504 0.26 2.77555756156e-17 0.291666666667
505 0.26 2.77555756156e-17 0.291666666667
506 0.26 2.77555756156e-17 0.291666666667
507 0.26 2.77555756156e-17 0.291666666667
508 0.26 2.77555756156e-17 0.291666666667
509 0.26 2.77555756156e-17 0.291666666667
510 0.26 2.77555756156e-17 0.291666666667
511 0.26 2.77555756156e-17 0.291666666667
512 0.26 2.77555756156e-17 0.291666666667
513 0.26 2.77555756156e-17 0.291666666667
514 0.26 2.77555756156e-17 0.291666666667
515 0.26 2.77555756156e-17 0.291666666667
516 0.26 2.77555756156e-17 0.291666666667
517 0.26 2.77555756156e-17 0.291666666667
518 0.26 2.77555756156e-17 0.291666666667
519 0.26 2.77555756156e-17 0.291666666667
520 0.26 2.77555756156e-17 0.291666666667
521 0.26 2.77555756156e-17 0.291666666667
522 0.26 0.05 0.291666666667
523 0.26 0.1 0.291666666667
524 0.26 0.15 0.291666666667
525 0.26 0.2 0.291666666667
526 0.26 0.2 0.291666666667
527 0.26 0.2 0.291666666667
528 0.26 0.2 0.291666666667
529 0.26 0.2 0.291666666667
530 0.26 0.2 0.291666666667
531 0.26 0.2 0.291666666667
532 0.26 0.2 0.291666666667
533 0.26 0.2 0.291666666667
534 0.26 0.2 0.291666666667
535 0.26 0.2 0.291666666667
536 0.26 0.2 0.291666666667
537 0.26 0.2 0.285916666667
538 0.26 0.2 0.280166666667
539 0.26 0.2 0.276333333333
540 0.26 0.2 0.270583333333
541 0.26 0.2 0.264833333333
542 0.26 0.15 0.261
543 0.26 0.05 0.25525
544 0.26 2.77555756156e-17 0.251416666667
545 0.26 2.77555756156e-17 0.245666666667
546 0.26 2.77555756156e-17 0.241833333333
547 0.26 2.77555756156e-17 0.236083333333
548 0.26 2.77555756156e-17 0.230333333333
549 0.26 2.77555756156e-17 0.2265
550 0.26 2.77555756156e-17 0.22075
551 0.26 2.77555756156e-17 0.215
552 0.26 2.77555756156e-17 0.211166666667
553 0.26 2.77555756156e-17 0.207
554 0.26 2.77555756156e-17 0.201583333333
555 0.26 2.77555756156e-17 0.1965
556 0.26 2.77555756156e-17 0.190083333333
557 0.26 2.77555756156e-17 0.18625
558 0.26 2.77555756156e-17 0.182416666667
559 0.26 2.77555756156e-17 0.178583333333
560 0.26 2.77555756156e-17 0.172833333333
561 0.26 2.77555756156e-17 0.167083333333
562 0.26 2.77555756156e-17 0.16325
563 0.26 2.77555756156e-17 0.1575
564 0.26 2.77555756156e-17 0.152083333333
565 0.26 2.77555756156e-17 0.147916666667
566 0.26 2.77555756156e-17 0.144083333333
567 0.26 2.77555756156e-17 0.138333333333
568 0.26 2.77555756156e-17 0.133583333333
569 0.26 2.77555756156e-17 0.12875
570 0.26 2.77555756156e-17 0.123
571 0.26 2.77555756156e-17 0.118416666667
572 0.26 -0.05 0.115333333333
573 0.26 -0.1 0.11075
574 0.26 -0.1 0.1095
575 0.26 -0.1 0.106083333333
576 0.26 2.77555756156e-17 0.105
577 0.26 2.77555756156e-17 0.101916666667
578 0.26 2.77555756156e-17 0.1
579 0.26 2.77555756156e-17 0.1
580 0.26 2.77555756156e-17 0.1
581 0.26 2.77555756156e-17 0.1
582 0.26 2.77555756156e-17 0.1
583 0.26 2.77555756156e-17 0.1
584 0.26 2.77555756156e-17 0.1
585 0.26 2.77555756156e-17 0.1
586 0.26 2.77555756156e-17 0.1
587 0.26 2.77555756156e-17 0.1
