0 0.26 0.0 0.4375
1 0.26 0.0 0.0696666666667
2 0.26 0.0 0.1375
3 0.26 0.0 0.1625
4 0.26 0.0 0.14375
5 0.26 0.0 0.15
6 0.26 0.0 0.15
7 0.26 0.0 0.14375
8 0.26 0.0 0.1375
9 0.26 0.0 0.13125
10 0.26 0.0 0.13125
11 0.26 0.0 0.125
12 0.26 0.0 0.11875
13 0.26 0.0 0.1125
14 0.26 0.0 0.10625
15 0.26 0.0 0.1
16 0.26 0.0 0.09375
17 0.26 0.05 0.0875
18 0.26 0.1 0.0875
19 0.26 0.1 0.09375
20 0.26 0.1 0.1
21 0.26 0.15 0.1125
22 0.26 0.2 0.125
23 0.26 0.2 0.15
24 0.26 0.25 0.1625
25 0.26 0.3 0.15625
26 0.26 0.3 0.15
27 0.26 0.35 0.15625
28 0.26 0.4 0.15
29 0.26 0.4 0.15625
30 0.26 0.4 0.15625
31 0.26 0.4 0.15625
32 0.26 0.4 0.15625
33 0.26 0.4 0.15625
34 0.26 0.4 0.14375
35 0.26 0.4 0.06875
36 0.26 0.4 0.0
37 0.26 0.4 0.0
38 0.26 0.4 0.0
39 0.26 0.4 0.0
40 0.26 0.4 0.0
41 0.26 0.4 0.0
42 0.26 0.4 0.0
43 0.26 0.4 0.0
44 0.0 0.0 0.0
45 0.0 0.0 0.0
46 0.0 0.0 0.0
47 0.0 0.0 0.0
48 0.0 0.0 0.0
49 0.0 0.0 0.0
50 0.0 0.0 0.0
51 0.0 0.0 0.0
52 0.0 0.0 0.0
53 0.005 0.0 0.0
54 0.01 0.0 0.0
55 0.01 0.0 0.0
56 0.01 0.0 0.0
57 0.01 0.0 0.0
58 0.025 0.0 0.0
59 0.04 0.0 0.0
60 0.055 0.0 0.0
61 0.07 0.0 0.0
62 0.09 0.0 0.0
63 0.105 0.0 0.0
64 0.12 0.0 0.0
65 0.135 0.0 0.0
66 0.15 0.0 0.0
67 0.165 0.0 0.0
68 0.185 0.0 0.0
69 0.2 0.0 0.0
70 0.215 0.0 0.0
71 0.22 0.0 0.0
72 0.225 0.0 0.0
73 0.23 0.0 0.0
74 0.24 0.0 0.0
75 0.24 0.0 0.0
76 0.245 0.0 0.0
77 0.25 0.0 0.0
78 0.255 0.0 0.0
79 0.26 0.0 0.0
80 0.26 0.0 0.0
81 0.26 0.0 0.0
82 0.26 0.0 0.0
83 0.26 0.0 0.0
84 0.26 0.0 0.0
85 0.26 0.0 0.0
86 0.26 0.0 0.0
87 0.26 0.0 0.0
88 0.26 0.0 0.0
89 0.26 0.0 0.0
90 0.26 0.0 0.0
91 0.26 0.0 0.0
92 0.26 0.0 0.0
93 0.26 0.0 0.0
94 0.26 0.0 0.0
95 0.26 0.0 0.0
96 0.26 0.0 0.0
97 0.26 0.0 0.0
98 0.26 0.0 0.0
99 0.26 0.0 0.0
100 0.26 0.0 0.0
101 0.26 -0.05 0.0
102 0.26 -0.1 0.0
103 0.26 -0.1 0.0
104 0.26 -0.1 0.0
105 0.26 -0.15 0.0
106 0.26 -0.2 0.0
107 0.26 -0.25 0.0
108 0.26 -0.3 0.0
109 0.26 -0.3 0.0
110 0.26 -0.3 0.0
111 0.26 -0.35 0.0
112 0.26 -0.4 0.0
113 0.26 -0.4 0.0
114 0.26 -0.4 0.0
115 0.26 -0.4 0.0
116 0.26 -0.4 0.0
117 0.26 -0.4 0.0
118 0.26 -0.4 0.0
119 0.26 -0.4 0.0
120 0.26 -0.4 0.0
121 0.26 -0.4 0.0
122 0.26 -0.4 0.0
123 0.26 -0.4 0.0
124 0.26 -0.4 0.0
125 0.26 -0.4 0.0
126 0.26 -0.4 0.025
127 0.26 -0.4 0.0879166666667
128 0.26 -0.4 0.1525
129 0.26 -0.4 0.21875
130 0.26 -0.4 0.28125
131 0.26 -0.4 0.34375
132 0.26 -0.4 0.40625
133 0.26 -0.4 0.46875
134 0.0 0.0 0.53125
135 0.0 0.0 0.59375
136 0.0 0.0 0.65625
137 0.0 0.0 0.71875
138 0.0 0.0 0.75
139 0.0 0.0 0.75
140 0.0 0.0 0.75
141 0.0 0.0 0.75
142 0.0 0.0 0.75
143 0.0 0.0 0.75
144 0.005 0.0 0.75
145 0.01 0.0 0.75
146 0.01 0.0 0.75
147 0.01 0.0 0.75
148 0.01 0.0 0.75
149 0.015 0.0 0.75
150 0.03 0.0 0.75
151 0.045 0.0 0.75
152 0.06 0.0 0.75
153 0.08 0.0 0.75
154 0.095 0.0 0.75
