0 0.26 0.0 0.038
1 0.26 0.0 0.0316666666667
2 0.26 0.0 0.03125
3 0.26 0.0 0.03125
4 0.26 0.0 0.025
5 0.26 0.0 0.01875
6 0.26 0.0 0.00625
7 0.26 0.0 0.0
8 0.26 0.0 0.0
9 0.26 0.0 0.0
10 0.26 0.0 0.0
11 0.26 0.0 0.0
12 0.26 0.0 0.0
13 0.26 0.0 0.0
14 0.26 0.0 0.0
15 0.26 0.0 0.0
16 0.26 0.0 0.0
17 0.26 0.0 0.0
18 0.26 0.0 0.0
19 0.26 0.0 0.0
20 0.26 0.0 0.0
21 0.26 0.0 0.0
22 0.26 0.0 0.0
23 0.26 0.0 0.0
24 0.26 0.0 0.0
25 0.26 0.05 0.0
26 0.26 0.1 0.0
27 0.26 0.1 0.0
28 0.26 0.15 0.0
29 0.26 0.2 0.0
30 0.26 0.2 0.0
31 0.26 0.25 0.0
32 0.26 0.3 0.0
33 0.26 0.3 0.0
34 0.26 0.35 0.0
35 0.26 0.4 0.0
36 0.26 0.4 0.0
37 0.26 0.4 0.0
38 0.26 0.4 0.0
39 0.26 0.4 0.0
40 0.26 0.4 0.0
41 0.26 0.4 0.0
42 0.26 0.4 0.0
43 0.26 0.4 0.0
44 0.26 0.4 0.0
45 0.26 0.4 0.0
46 0.26 0.4 0.0
47 0.26 0.4 0.0
48 0.26 0.4 0.0
49 0.26 0.4 0.0
50 0.26 0.4 0.0
51 0.0 0.0 0.0
52 0.0 0.0 0.0
53 0.0 0.0 0.0
54 0.0 0.0 0.0
55 0.0 0.0 0.0
56 0.005 0.0 0.0
57 0.01 0.0 0.0
58 0.01 0.0 0.0
59 0.01 0.0 0.0
60 0.01 0.0 0.0
61 0.015 0.0 0.0
62 0.03 0.0 0.0
63 0.05 0.0 0.0
64 0.065 0.0 0.0
65 0.08 0.0 0.0
66 0.1 0.0 0.0
67 0.115 0.0 0.0
68 0.13 0.0 0.0
69 0.135 -0.05 0.0
70 0.14 -0.1 0.0
71 0.145 -0.1 0.0
72 0.15 -0.1 0.0
73 0.155 -0.1 0.0
74 0.165 -0.2 0.0
75 0.18 -0.35 0.0
76 0.195 -0.5 0.0
77 0.21 -0.65 0.0
78 0.225 -0.8 0.0
79 0.23 -0.85 0.0
80 0.235 -0.9 0.0
81 0.24 -0.95 0.0
82 0.245 -1.0 0.0
83 0.25 -1.05 0.0
84 0.25 -1.05 0.0
85 0.25 -1.1 0.0
86 0.25 -1.15 0.0
87 0.25 -1.2 0.0
88 0.25 -1.25 0.0
89 0.25 -1.3 0.0
90 0.25 -1.35 0.04375
91 0.25 -1.4 0.34375
92 0.0 0.0 0.5625
93 0.0 0.0 0.74375
94 0.0 0.0 0.5375
95 0.0 0.0 0.39375
96 0.0 0.0 0.2875
97 0.0 0.0 0.25
98 0.0 0.0 0.251
99 0.0 0.0 0.25625
100 0.0 0.05 0.25625
101 0.0 0.1 0.25625
102 0.0 0.1 0.2625
103 0.0 0.1 0.28125
104 0.0 0.1 0.30625
105 0.0 0.15 0.31875
106 0.0 0.3 0.3375
107 0.0 0.4 0.3625
108 0.0 0.45 0.425
109 0.0 0.5 0.49375
110 0.0 0.55 0.5625
111 0.0 0.6 0.6375
112 0.0 0.0 0.75
113 0.0 0.0 0.7125
114 0.0 0.0 0.70625
115 0.005 0.0 0.70625
116 0.01 0.0 0.70625
117 0.01 0.0 0.70625
118 0.01 0.0 0.7125
119 0.01 0.0 0.7125
120 0.02 0.0 0.7125
121 0.035 0.0 0.7125
122 0.055 0.0 0.70625
123 0.07 0.0 0.6875
124 0.085 0.0 0.66875
125 0.105 0.0 0.65
126 0.12 0.0 0.6375
127 0.14 0.0 0.6375
128 0.155 0.0 0.63125
129 0.17 0.0 0.63125
130 0.19 0.0 0.6375
131 0.205 0.0 0.6375
132 0.22 0.0 0.63125
133 0.235 0.0 0.63125
134 0.25 0.0 0.63125
135 0.26 0.0 0.63125
136 0.26 0.0 0.63125
137 0.26 0.0 0.63125
138 0.26 0.0 0.63125
139 0.26 0.0 0.63125
140 0.26 0.0 0.63125
141 0.26 0.0 0.63125
142 0.26 0.0 0.625
143 0.26 0.0 0.625
144 0.26 0.0 0.625
145 0.26 0.0 0.625
146 0.26 0.0 0.625
147 0.26 0.0 0.625
148 0.26 0.0 0.625
149 0.26 0.0 0.625
