0 0.26 0.0 0.0
1 0.26 0.0 0.0
2 0.26 0.0 0.0
3 0.26 0.0 0.0
4 0.26 0.0 0.0
5 0.26 0.0 0.0
6 0.26 0.0 0.0
7 0.26 0.0 0.0
8 0.26 0.0 0.0
9 0.26 0.0 0.0
10 0.26 0.0 0.0
11 0.26 0.0 0.0
12 0.26 -0.05 0.0
13 0.26 -0.15 0.0
14 0.26 -0.2 0.0
15 0.26 -0.25 0.0
16 0.26 -0.3 0.0
17 0.26 -0.4 0.0
18 0.26 -0.45 0.0
19 0.26 -0.5 0.0
20 0.26 -0.5 0.0
21 0.26 -0.5 0.04375
22 0.26 -0.5 0.0875
23 0.26 -0.5 0.0875
24 0.26 -0.5 0.10025
25 0.26 -0.5 0.1125
26 0.0 0.0 0.03125
27 0.0 0.0 0.0
28 0.0 0.0 0.0
29 0.0 0.0 0.0
30 0.01 0.0 0.0
31 0.01 0.0 0.0
32 0.01 0.0 0.0
33 0.03 0.0 0.0
34 0.055 0.0 0.0
35 0.085 0.0 0.0
36 0.11 0.0 0.0
37 0.135 0.0 0.0
38 0.16 0.0 0.0
39 0.19 0.0 0.0
40 0.22 0.0 0.0
41 0.245 0.0 0.0
42 0.26 0.0 0.0
43 0.26 0.0 0.0
44 0.26 0.0 0.0
45 0.26 0.0 0.0
46 0.26 0.0 0.0
47 0.26 0.0 0.0
48 0.26 0.0 0.0
49 0.26 0.0 0.0
50 0.26 0.0 0.0
51 0.26 0.05 0.0
52 0.26 0.1 0.0
53 0.26 0.15 0.0
54 0.26 0.2 0.0
55 0.26 0.2 0.0
56 0.26 0.2 0.0
57 0.26 0.25 0.0
58 0.26 0.3 0.0
59 0.26 0.4 0.0625
60 0.26 0.4 0.167916666667
61 0.26 0.5 0.275
62 0.26 0.5 0.2875
63 0.26 0.5 0.284
64 0.26 0.5 0.275
65 0.26 0.5 0.23125
66 0.26 0.5 0.10625
67 0.0 0.0 0.0
68 0.0 0.0 0.104333333333
69 0.005 0.0 0.10625
70 0.01 0.0 0.10625
71 0.01 0.0 0.10625
72 0.02 0.0 0.10625
73 0.05 0.0 0.10625
74 0.075 0.0 0.10625
75 0.1 0.0 0.103083333333
76 0.125 0.0 0.1
77 0.13 0.0 0.10625
78 0.14 0.0 0.10625
79 0.15 0.0 0.1
80 0.16 0.0 0.1
81 0.165 0.0 0.1
82 0.175 0.0 0.09375
83 0.18 0.0 0.09375
84 0.19 0.0 0.0875
85 0.2 0.0 0.0875
86 0.21 0.0 0.08125
87 0.215 0.0 0.075
88 0.225 0.0 0.075
89 0.235 0.0 0.06875
90 0.245 0.0 0.0625
91 0.255 0.0 0.05625
92 0.26 0.0 0.05
93 0.26 0.0 0.04375
94 0.26 0.0 0.0375
95 0.26 0.0 0.03125
96 0.26 0.0 0.025
97 0.26 0.0 0.0125
98 0.26 0.0 0.00625
99 0.26 0.0 0.0
100 0.26 0.0 0.0
101 0.26 0.0 0.0
102 0.26 0.0 0.0
103 0.26 0.0 0.0
104 0.26 0.0 0.0
105 0.26 0.0 0.0
106 0.26 0.0 0.0
107 0.26 0.0 0.0
108 0.26 0.0 0.0
109 0.26 0.0 0.0
110 0.26 0.0 0.0
111 0.26 0.0 0.0
112 0.26 0.0 0.0
113 0.26 0.0 0.0
114 0.26 0.0 0.0
115 0.26 0.0 0.0
116 0.26 0.0 0.0
117 0.26 0.0 0.0
118 0.26 0.0 0.0
119 0.26 0.0 0.0
120 0.26 0.0 0.0
121 0.26 0.0 0.0
122 0.26 0.0 0.0
123 0.26 0.05 0.0
124 0.26 0.1 0.0
125 0.26 0.2 0.0
126 0.26 0.25 0.0
127 0.26 0.3 0.0
128 0.26 0.35 0.0
129 0.26 0.4 0.0
130 0.26 0.4 0.0
131 0.26 0.45 0.0
132 0.26 0.5 0.0
133 0.26 0.5 0.0
134 0.26 0.5 0.0
135 0.26 0.5 0.0
136 0.26 0.5 0.0
137 0.0 0.0 0.0
138 0.0 0.0 0.0
139 0.0 0.0 0.0
140 0.005 0.0 0.0
141 0.01 0.0 0.0
142 0.01 0.0 0.0
143 0.01 0.0 0.0
144 0.04 0.0 0.0
145 0.065 0.0 0.0
146 0.09 0.0 0.0
147 0.115 0.0 0.0
148 0.145 0.0 0.0
149 0.175 0.0 0.0
150 0.205 0.0 0.0
151 0.235 0.0 0.0
152 0.26 0.0 0.0
153 0.26 0.0 0.0
154 0.26 0.0 0.0
155 0.26 0.0 0.0
156 0.26 0.0 0.0
157 0.26 0.0 0.0
158 0.26 0.0 0.0
159 0.26 0.0 0.0
160 0.26 0.0 0.0
161 0.26 0.0 0.0
162 0.26 0.0 0.0
163 0.26 0.0 0.0
164 0.26 0.0 0.0
165 0.26 0.0 0.0
166 0.26 0.0 0.0
167 0.26 0.0 0.0
168 0.26 0.0 0.0
169 0.26 0.0 0.0
170 0.26 0.0 0.0
171 0.26 0.0 0.0
172 0.26 0.0 0.0
173 0.26 0.0 0.0
174 0.26 -0.1 0.0
175 0.26 -0.15 0.0
176 0.26 -0.2 0.0
177 0.26 -0.3 0.0
178 0.26 -0.35 0.0
179 0.26 -0.4 0.0
180 0.26 -0.4 0.0
181 0.26 -0.4 0.00625
182 0.26 -0.4 0.1125
183 0.26 -0.4 0.2375
184 0.0 0.0 0.3625
185 0.0 0.0 0.4125
186 0.0 0.0 0.40625
187 0.01 0.0 0.39375
188 0.01 0.0 0.39375
189 0.015 0.0 0.39375
190 0.045 0.0 0.4
191 0.075 0.0 0.4
192 0.105 0.0 0.4
193 0.13 0.0 0.4
194 0.16 0.0 0.4
195 0.19 0.0 0.39375
196 0.215 0.0 0.4
197 0.24 0.0 0.4
198 0.26 0.0 0.4
199 0.26 0.0 0.4
200 0.26 0.0 0.4
201 0.26 0.0 0.4
202 0.26 0.0 0.40625
203 0.26 0.0 0.40625
204 0.26 0.0 0.40625
