0 0.26 0.0 0.0696666666667
1 0.26 0.0 0.1
2 0.26 0.0 0.08125
3 0.26 0.0 0.0875
4 0.26 0.0 0.075
5 0.26 0.0 0.06875
6 0.26 0.0 0.05625
7 0.26 0.0 0.04375
8 0.26 0.0 0.03125
9 0.26 0.0 0.01875
10 0.26 0.05 0.00625
11 0.26 0.1 0.00625
12 0.26 0.15 0.01875
13 0.26 0.25 0.05625
14 0.26 0.3 0.10625
15 0.26 0.4 0.1875
16 0.26 0.45 0.28125
17 0.26 0.5 0.40625
18 0.26 0.5 0.54375
19 0.26 0.5 0.69375
20 0.26 0.5 0.58125
21 0.26 0.5 0.45
22 0.26 0.5 0.3125
23 0.26 0.5 0.175
24 0.26 0.5 0.0375
25 0.26 0.5 0.0
26 0.0 0.0 0.0
27 0.0 0.0 0.0
28 0.0 0.0 0.0
29 0.01 0.0 0.0
30 0.01 0.0 0.0
31 0.01 0.0 0.0
32 0.03 0.0 0.0
33 0.06 0.0 0.0
34 0.09 0.0 0.0
35 0.12 0.0 0.0
36 0.15 0.0 0.0
37 0.165 -0.05 0.0
38 0.18 -0.1 0.0
39 0.185 -0.1 0.0
40 0.195 -0.1 0.0
41 0.205 -0.15 0.0
42 0.215 -0.2 0.0
43 0.225 -0.2 0.0
44 0.235 -0.2 0.0
45 0.245 -0.3 0.0
46 0.25 -0.3 0.0
47 0.26 -0.3 0.0
48 0.26 -0.3 0.0
49 0.26 -0.3 0.0
50 0.26 -0.3 0.0
51 0.26 -0.3 0.0
52 0.26 -0.3 0.0
53 0.26 -0.3 0.0
54 0.26 -0.3 0.0
55 0.26 -0.3 0.0
56 0.26 -0.3 0.0
57 0.26 -0.3 0.0
58 0.26 -0.3 0.0
59 0.26 -0.3 0.0
60 0.26 -0.3 0.0
61 0.26 -0.35 0.0
62 0.26 -0.4 0.0
63 0.26 -0.4 0.05625
64 0.26 -0.4 0.1625
65 0.26 -0.4 0.275
66 0.26 -0.4 0.3875
67 0.26 -0.4 0.5
68 0.26 -0.4 0.625
69 0.26 -0.4 0.75
70 0.26 -0.4 0.75
71 0.0 0.0 0.75
72 0.0 0.0 0.75
73 0.005 0.0 0.75
74 0.01 0.0 0.75
75 0.01 0.0 0.75
76 0.015 0.0 0.75
77 0.04 0.0 0.75
78 0.065 0.0 0.75
79 0.09 0.0 0.75
80 0.11 0.1 0.75
81 0.115 0.1 0.75
82 0.125 0.1 0.75
83 0.13 0.1 0.75
84 0.14 0.1 0.75
85 0.15 0.1 0.75
86 0.155 0.15 0.75
87 0.165 0.2 0.75
88 0.175 0.15 0.75
89 0.185 0.1 0.75
90 0.19 0.1 0.75
91 0.19 0.05 0.75
92 0.19 0.0 0.75
93 0.19 0.0 0.75
94 0.19 0.0 0.75
95 0.19 0.0 0.75
96 0.19 0.0 0.75
97 0.19 0.0 0.75
98 0.19 0.0 0.75
99 0.19 0.0 0.75
100 0.19 0.0 0.75
101 0.19 0.0 0.75
102 0.19 0.0 0.75
103 0.19 0.0 0.75
104 0.19 0.0 0.75
105 0.19 0.0 0.75
106 0.19 0.0 0.75
107 0.19 0.0 0.75
108 0.19 0.0 0.75
109 0.19 0.0 0.75
