0 0.26 0.0 0.0
1 0.26 0.0 0.0
2 0.26 0.0 0.0
3 0.26 0.0 0.0
4 0.26 0.0 0.0
5 0.26 0.0 0.0
6 0.26 0.0 0.0
7 0.26 0.0 0.0
8 0.26 0.0 0.0
9 0.26 0.0 0.0
10 0.26 0.0 0.0
11 0.26 0.0 0.0
12 0.26 0.0 0.0
13 0.26 0.0 0.0
14 0.26 0.0 0.0
15 0.26 0.0 0.0
16 0.26 0.0 0.0
17 0.26 0.0 0.0
18 0.26 0.0 0.0
19 0.26 -0.1 0.0
20 0.26 -0.15 0.0
21 0.26 -0.2 0.0
22 0.26 -0.2 0.0
23 0.26 -0.4 0.0
24 0.26 -0.7 0.0
25 0.26 -0.75 0.0
26 0.26 -0.85 0.0
27 0.26 -0.9 0.1155
28 0.26 -1.0 0.241666666667
29 0.0 0.0 0.194666666667
30 0.0 0.0 0.133333333333
31 0.0 0.0 0.125
32 0.0 0.0 0.258333333333
33 0.0 0.0 0.325
34 0.005 0.0 0.325
35 0.01 0.0 0.325
36 0.01 0.0 0.325
37 0.01 0.0 0.325
38 0.01 -0.1 0.325
39 0.01 -0.1 0.291666666667
40 0.01 -0.1 0.266666666667
41 0.01 -0.25 0.233333333333
42 0.01 -0.5 0.175
43 0.01 -0.7 0.0583333333333
44 0.0 0.0 0.0
45 0.0 0.0 0.0
46 0.0 0.0 0.0
47 0.01 0.0 0.0
48 0.01 0.0 0.0
49 0.01 0.0 0.0
50 0.035 0.0 0.0
51 0.06 0.0 0.0
52 0.09 0.0 0.0
53 0.115 0.0 0.0
54 0.14 0.0 0.0
55 0.165 0.0 0.0
56 0.195 0.0 0.0
57 0.22 0.0 0.0
58 0.245 0.0 0.0
59 0.26 0.0 0.0
60 0.26 0.0 0.0
61 0.26 0.0 0.0
62 0.26 0.0 0.0
63 0.26 0.0 0.0
64 0.26 0.0 0.0
65 0.26 0.0 0.0
66 0.26 0.0 0.0
67 0.26 0.0 0.0
68 0.26 0.1 0.0
69 0.26 0.15 0.0
70 0.26 0.2 0.0
71 0.26 0.3 0.0
72 0.26 0.3 0.0
73 0.26 0.3 0.0
74 0.26 0.3 0.0
75 0.26 0.3 0.0
76 0.26 0.3 0.0
77 0.26 0.3 0.0
78 0.26 0.3 0.0695
79 0.26 0.3 0.15625
80 0.26 0.3 0.233833333333
81 0.26 0.3 0.29375
82 0.26 0.3 0.29375
83 0.26 0.3 0.29375
84 0.26 0.3 0.2865
85 0.26 0.3 0.28125
86 0.26 0.3 0.279416666667
87 0.26 0.3 0.25625
88 0.26 0.3 0.175
89 0.26 0.3 0.09375
90 0.26 0.3 0.0
91 0.26 0.3 0.0
92 0.0 0.0 0.0125
93 0.0 0.0 0.0875
94 0.0 0.0 0.121666666667
95 0.0 0.0 0.13125
96 0.01 0.0 0.13125
97 0.01 0.0 0.13125
98 0.01 0.0 0.1375
99 0.04 0.0 0.1375
100 0.07 0.0 0.1375
101 0.1 0.0 0.1375
102 0.125 0.0 0.13125
103 0.155 0.0 0.10625
104 0.185 0.0 0.1
105 0.21 0.0 0.10625
106 0.24 0.0 0.1
107 0.26 0.0 0.09375
108 0.26 0.0 0.09375
109 0.26 0.0 0.0875
110 0.26 0.0 0.08125
111 0.26 0.0 0.075
112 0.26 0.0 0.06875
113 0.26 0.0 0.0625
114 0.26 0.0 0.05625
115 0.26 0.0 0.0478333333333
116 0.26 0.0 0.0375
117 0.26 0.0 0.03125
118 0.26 0.0 0.025
119 0.26 0.0 0.0125
120 0.26 0.0 0.00625
121 0.26 0.0 0.0
122 0.26 0.0 0.0
123 0.26 0.0 0.0
124 0.26 0.0 0.0
125 0.26 0.0 0.0
126 0.26 0.0 0.0
127 0.26 0.0 0.0
128 0.26 0.0 0.0
129 0.26 0.0 0.0
130 0.26 0.0 0.0
131 0.26 0.0 0.0
132 0.26 0.0 0.0
133 0.26 0.0 0.0
134 0.26 0.0 0.0
135 0.26 0.0 0.0
136 0.26 0.05 0.0
137 0.26 0.1 0.0
138 0.26 0.2 0.0
139 0.26 0.25 0.0
140 0.26 0.3 0.0
141 0.26 0.4 0.0
142 0.26 0.4 0.0
143 0.26 0.4 0.0
144 0.26 0.4 0.0
145 0.26 0.4 0.0
146 0.26 0.4 0.0
147 0.26 0.4 0.0
148 0.26 0.4 0.0
149 0.26 0.4 0.0
150 0.0 0.0 0.0
151 0.0 0.0 0.0
152 0.0 0.0 0.0
153 0.005 0.0 0.0
154 0.01 0.0 0.0
155 0.01 0.0 0.0
156 0.015 0.0 0.0
157 0.045 0.0 0.0
158 0.07 0.0 0.0
159 0.095 0.0 0.0
160 0.125 0.0 0.0
161 0.155 0.0 0.0
162 0.185 0.0 0.0
163 0.21 0.0 0.0
164 0.235 0.0 0.0
165 0.26 0.0 0.0
166 0.26 0.0 0.0
167 0.26 0.0 0.0
168 0.26 0.0 0.0
169 0.26 0.0 0.0
170 0.26 0.0 0.0
171 0.26 0.0 0.0
172 0.26 0.0 0.0
173 0.26 0.0 0.0
174 0.26 -0.05 0.0
175 0.26 -0.1 0.0
176 0.26 -0.1 0.0
177 0.26 -0.15 0.0
178 0.26 -0.2 0.0
179 0.26 -0.25 0.0
180 0.26 -0.3 0.0
181 0.26 -0.35 0.0
182 0.26 -0.4 0.0
183 0.26 -0.4 0.0
184 0.26 -0.4 0.0
185 0.26 -0.4 0.025
186 0.26 -0.4 0.125
187 0.0 0.0 0.25625
188 0.0 0.0 0.3375
189 0.005 0.0 0.375
190 0.01 0.0 0.3875
191 0.01 0.0 0.3875
192 0.03 0.0 0.3875
193 0.06 0.0 0.3875
194 0.09 0.0 0.3875
195 0.115 0.0 0.38125
196 0.145 0.0 0.36875
197 0.175 0.0 0.36875
198 0.2 0.0 0.36875
199 0.23 0.0 0.36875
200 0.26 0.0 0.36875
201 0.26 0.0 0.35625
202 0.26 0.0 0.35625
203 0.26 0.0 0.3625
204 0.26 0.0 0.3625
205 0.26 0.0 0.3625
206 0.26 0.0 0.3625
207 0.26 0.0 0.3625
