0 0.26 0.0 0.75
1 0.26 0.0 0.0253333333333
2 0.26 0.0 0.0625
3 0.26 0.0 0.13125
4 0.26 0.0 0.15
5 0.26 0.0 0.1375
6 0.26 0.0 0.13125
7 0.26 0.0 0.13125
8 0.26 0.0 0.125
9 0.26 0.0 0.11875
10 0.26 0.0 0.1125
11 0.26 0.0 0.10625
12 0.26 0.0 0.1
13 0.26 0.0 0.0875
14 0.26 0.0 0.0844166666667
15 0.26 0.0 0.08125
16 0.26 0.0 0.075
17 0.26 0.0 0.0625
18 0.26 0.0 0.05625
19 0.26 0.0 0.05
20 0.26 0.0 0.0375
21 0.26 0.0 0.03125
22 0.26 0.0 0.025
23 0.26 0.0 0.0125
24 0.26 0.0 0.003
25 0.26 0.0 0.0
26 0.26 0.0 0.0
27 0.26 -0.05 0.0
28 0.26 -0.1 0.0
29 0.26 -0.15 0.0
30 0.26 -0.2 0.0
31 0.26 -0.2 0.0
32 0.26 -0.25 0.0
33 0.26 -0.3 0.0
34 0.26 -0.3 0.0
35 0.26 -0.35 0.0
36 0.26 -0.4 0.0
37 0.26 -0.4 0.0
38 0.26 -0.4 0.0
39 0.26 -0.4 0.0
40 0.26 -0.4 0.0
41 0.26 -0.4 0.0
42 0.26 -0.4 0.0
43 0.26 -0.4 0.0
44 0.26 -0.4 0.0
45 0.26 -0.4 0.0
46 0.26 -0.4 0.0
47 0.26 -0.4 0.0
48 0.26 -0.4 0.0
49 0.26 -0.4 0.0
50 0.26 -0.4 0.0
51 0.26 -0.4 0.0
52 0.26 -0.4 0.0
53 0.0 0.0 0.0
54 0.0 0.0 0.0
55 0.0 0.0 0.0
56 0.0 0.0 0.0
57 0.0 0.0 0.0
58 0.005 0.0 0.0
59 0.01 0.0 0.0
60 0.01 0.0 0.0
61 0.01 0.0 0.0
62 0.01 0.0 0.0
63 0.02 0.0 0.0
64 0.035 0.0 0.0
65 0.05 0.0 0.0
66 0.065 0.0 0.0
67 0.08 0.0 0.0
68 0.1 0.0 0.0
69 0.115 0.0 0.0
70 0.135 0.0 0.0
71 0.15 0.0 0.0
72 0.17 0.0 0.0
73 0.185 0.0 0.0
74 0.2 0.0 0.0
75 0.22 0.0 0.0
76 0.235 0.0 0.0
77 0.255 0.0 0.0
78 0.26 0.0 0.0
79 0.26 0.0 0.0
80 0.26 0.0 0.0
81 0.26 0.0 0.0
82 0.26 0.0 0.0
83 0.26 0.0 0.0
84 0.26 0.0 0.0
85 0.26 0.0 0.0
86 0.26 0.0 0.0
87 0.26 0.0 0.0
88 0.26 0.0 0.0
89 0.26 0.0 0.0
90 0.26 0.0 0.0
91 0.26 0.0 0.0
92 0.26 0.0 0.0
93 0.26 0.0 0.0
94 0.26 0.0 0.0
95 0.26 0.0 0.0
96 0.26 0.0 0.0
97 0.26 0.0 0.0
98 0.26 0.05 0.0
99 0.26 0.1 0.0
100 0.26 0.1 0.0
101 0.26 0.15 0.0
102 0.26 0.2 0.0
103 0.26 0.25 0.0
104 0.26 0.3 0.0
105 0.26 0.3 0.0
106 0.26 0.35 0.0
107 0.26 0.4 0.0
108 0.26 0.4 0.0
109 0.26 0.4 0.0
110 0.26 0.4 0.0
111 0.26 0.4 0.0
112 0.26 0.4 0.0
113 0.26 0.4 0.0
114 0.26 0.4 0.0
115 0.26 0.4 0.0
116 0.26 0.4 0.0
117 0.26 0.4 0.0
118 0.26 0.4 0.0
119 0.26 0.4 0.029
120 0.26 0.4 0.09375
121 0.26 0.4 0.15625
122 0.26 0.4 0.24375
123 0.26 0.4 0.30625
124 0.26 0.4 0.36875
125 0.26 0.4 0.43125
126 0.26 0.4 0.49375
127 0.26 0.4 0.575
128 0.26 0.4 0.6375
129 0.26 0.4 0.69375
130 0.26 0.4 0.75
131 0.0 0.0 0.75
132 0.0 0.0 0.75
133 0.0 0.0 0.75
134 0.0 0.0 0.75
135 0.0 0.0 0.75
136 0.0 0.0 0.75
137 0.0 0.0 0.6375
138 0.0 -0.05 0.525
139 0.0 -0.1 0.4265
140 0.0 -0.1 0.3375
141 0.0 -0.1 0.2625
142 0.0 -0.1 0.1875
143 0.0 -0.1 0.11875
144 0.0 -0.3 0.05425
145 0.0 -0.45 0.00625
146 0.0 -0.6 0.0
147 0.0 -0.75 0.00366666666667
148 0.0 -0.9 0.05625
149 0.0 -1.05 0.1625
