0 0.12 0.0 0.291666666667
1 0.145 0.0 0.291666666667
2 0.155 0.0 0.291666666667
3 0.16 0.0 0.291666666667
4 0.17 0.0 0.291666666667
5 0.175 0.0 0.291666666667
6 0.185 0.0 0.291666666667
7 0.19 0.0 0.291666666667
8 0.2 0.0 0.291666666667
9 0.205 0.0 0.291666666667
10 0.215 0.0 0.291666666667
11 0.22 0.0 0.291666666667
12 0.23 0.0 0.291666666667
13 0.235 0.0 0.291666666667
14 0.24 0.0 0.291666666667
15 0.24 0.0 0.291666666667
16 0.24 0.0 0.291666666667
17 0.24 0.0 0.291666666667
18 0.24 0.0 0.291666666667
19 0.24 0.0 0.291666666667
20 0.24 0.0 0.291666666667
21 0.24 0.0 0.291666666667
22 0.24 0.0 0.291666666667
23 0.24 0.0 0.291666666667
24 0.24 0.0 0.291666666667
25 0.24 0.0 0.291666666667
26 0.24 0.0 0.291666666667
27 0.24 0.0 0.291666666667
28 0.24 0.0 0.291666666667
29 0.24 0.0 0.291666666667
30 0.24 -0.1 0.291666666667
31 0.24 -0.1 0.291666666667
32 0.24 -0.1 0.291666666667
33 0.24 -0.15 0.291666666667
34 0.24 -0.2 0.286833333333
35 0.24 -0.2 0.225916666667
36 0.24 -0.2 0.227166666667
37 0.24 -0.2 0.2285
38 0.24 -0.2 0.2375
39 0.24 -0.2 0.263583333333
40 0.24 -0.2 0.288833333333
41 0.24 -0.2 0.291666666667
42 0.24 -0.2 0.291666666667
43 0.24 -0.25 0.291666666667
44 0.24 -0.3 0.291666666667
45 0.24 -0.35 0.291666666667
46 0.24 -0.4 0.291666666667
47 0.24 -0.4 0.291666666667
48 0.24 -0.4 0.291666666667
49 0.24 -0.35 0.291666666667
50 0.24 -0.3 0.291666666667
51 0.24 -0.2 0.291666666667
52 0.24 -0.15 0.291666666667
53 0.24 -0.1 0.291666666667
54 0.24 -0.1 0.291666666667
55 0.24 -0.1 0.290416666667
56 0.24 -0.1 0.26
57 0.24 -0.1 0.23975
58 0.24 -0.1 0.2215
59 0.24 -0.1 0.207416666667
60 0.24 -0.1 0.208583333333
61 0.24 -0.1 0.2105
62 0.24 -0.1 0.210166666667
63 0.24 -0.05 0.219083333333
64 0.24 -2.77555756156e-17 0.231
65 0.24 0.05 0.2435
66 0.24 0.1 0.246583333333
67 0.24 0.1 0.248416666667
68 0.24 0.1 0.245666666667
69 0.24 0.1 0.237166666667
70 0.25 0.1 0.22
71 0.25 0.1 0.20975
72 0.25 0.1 0.196333333333
73 0.26 0.1 0.22
74 0.26 0.1 0.202
75 0.26 0.1 0.237083333333
76 0.26 0.1 0.231583333333
77 0.26 0.1 0.208166666667
78 0.26 0.1 0.2105
79 0.26 0.1 0.234916666667
80 0.26 0.1 0.25125
81 0.26 0.1 0.250333333333
82 0.26 0.1 0.249583333333
83 0.26 0.1 0.24875
84 0.26 0.1 0.247583333333
85 0.26 0.1 0.245916666667
86 0.26 0.1 0.244083333333
87 0.26 0.1 0.2405
88 0.26 0.1 0.238916666667
89 0.26 0.1 0.246916666667
90 0.26 0.1 0.25225
91 0.26 0.1 0.25525
92 0.26 0.1 0.25875
93 0.26 0.1 0.259666666667
94 0.26 0.1 0.259166666667
95 0.26 0.1 0.258333333333
96 0.26 0.1 0.257666666667
97 0.26 0.1 0.255666666667
98 0.26 0.1 0.264416666667
99 0.26 0.1 0.275916666667
100 0.26 0.1 0.290916666667
101 0.26 0.1 0.291666666667
102 0.26 0.1 0.291666666667
103 0.26 0.1 0.291666666667
104 0.26 0.1 0.291666666667
105 0.26 0.1 0.291666666667
106 0.26 0.1 0.291666666667
107 0.26 0.1 0.291666666667
108 0.26 0.1 0.291666666667
109 0.26 0.1 0.291666666667
110 0.26 0.1 0.291666666667
111 0.26 0.1 0.291666666667
112 0.26 0.1 0.291666666667
113 0.26 0.1 0.291666666667
114 0.26 0.1 0.291666666667
115 0.26 0.1 0.291666666667
116 0.26 0.1 0.291666666667
117 0.26 0.1 0.291666666667
118 0.26 0.1 0.291666666667
119 0.26 0.1 0.291666666667
120 0.26 0.1 0.291666666667
121 0.26 0.1 0.291666666667
122 0.26 0.1 0.291666666667
123 0.26 0.1 0.291666666667
124 0.26 0.1 0.291666666667
125 0.26 0.1 0.291666666667
126 0.26 0.1 0.291666666667
127 0.26 0.1 0.291666666667
128 0.26 -2.77555756156e-17 0.291666666667
129 0.26 -0.05 0.291666666667
130 0.26 -0.1 0.291666666667
131 0.26 -0.1 0.291666666667
132 0.26 -0.1 0.291666666667
133 0.26 -0.1 0.291666666667
134 0.26 -0.1 0.291666666667
135 0.26 -0.1 0.291666666667
136 0.26 -0.1 0.291666666667
137 0.26 -0.1 0.291666666667
138 0.26 -0.1 0.291666666667
139 0.26 -0.1 0.291666666667
140 0.26 -0.1 0.291666666667
141 0.26 -0.1 0.291666666667
142 0.26 -0.1 0.291666666667
143 0.26 -0.1 0.291666666667
144 0.26 -0.1 0.291666666667
145 0.26 -0.1 0.291666666667
146 0.26 -0.1 0.291666666667
147 0.26 -0.1 0.291666666667
148 0.26 -0.1 0.291666666667
149 0.26 -0.1 0.291666666667
150 0.26 -0.1 0.291666666667
151 0.26 -0.1 0.291666666667
152 0.26 -0.1 0.291666666667
153 0.26 -0.1 0.291666666667
154 0.26 -0.1 0.291666666667
155 0.26 -0.1 0.291666666667
156 0.26 -0.1 0.291666666667
157 0.26 -0.1 0.291666666667
158 0.26 -2.77555756156e-17 0.291666666667
159 0.26 -2.77555756156e-17 0.291666666667
160 0.26 -2.77555756156e-17 0.291666666667
161 0.26 -2.77555756156e-17 0.291666666667
162 0.26 -2.77555756156e-17 0.291666666667
163 0.26 -2.77555756156e-17 0.291666666667
164 0.26 -2.77555756156e-17 0.291666666667
165 0.26 -2.77555756156e-17 0.291666666667
166 0.26 -2.77555756156e-17 0.291666666667
167 0.26 -2.77555756156e-17 0.291666666667
168 0.26 -2.77555756156e-17 0.291666666667
169 0.26 -2.77555756156e-17 0.291666666667
170 0.26 -2.77555756156e-17 0.291666666667
171 0.26 -2.77555756156e-17 0.291666666667
172 0.26 -2.77555756156e-17 0.291666666667
173 0.26 -2.77555756156e-17 0.291666666667
174 0.26 -2.77555756156e-17 0.291666666667
175 0.26 -2.77555756156e-17 0.291666666667
176 0.26 -2.77555756156e-17 0.291666666667
177 0.26 -2.77555756156e-17 0.291666666667
178 0.26 -2.77555756156e-17 0.291666666667
179 0.26 -2.77555756156e-17 0.291666666667
180 0.26 -2.77555756156e-17 0.291666666667
181 0.26 -2.77555756156e-17 0.291666666667
182 0.26 -2.77555756156e-17 0.291666666667
183 0.26 -2.77555756156e-17 0.291666666667
184 0.26 -2.77555756156e-17 0.291666666667
185 0.26 -2.77555756156e-17 0.291666666667
186 0.26 -2.77555756156e-17 0.291666666667
187 0.26 -2.77555756156e-17 0.291666666667
188 0.26 -2.77555756156e-17 0.291666666667
