0 0.21 0.0 0.0256666666667
1 0.225 0.0 0.0
2 0.245 0.0 0.0
3 0.26 0.0 0.0
4 0.26 0.0 0.0
5 0.26 0.0 0.0
6 0.26 0.0 0.0
7 0.26 0.0 0.0
8 0.26 0.0 0.0
9 0.26 0.0 0.0
10 0.26 0.0 0.0
11 0.26 0.0 0.0
12 0.26 0.0 0.0
13 0.26 0.0 0.0
14 0.26 0.0 0.0
15 0.26 0.0 0.0
16 0.26 0.0 0.0
17 0.26 0.0 0.0
18 0.26 0.0 0.0
19 0.26 0.0 0.0
20 0.26 0.0 0.0
21 0.26 0.0 0.0
22 0.26 0.0 0.0
23 0.26 -0.05 0.0
24 0.26 -0.1 0.0
25 0.26 -0.15 0.0
26 0.26 -0.2 0.0
27 0.26 -0.25 0.0
28 0.26 -0.3 0.0
29 0.26 -0.3 0.00625
30 0.26 -0.35 0.05625
31 0.26 -0.4 0.10625
32 0.26 -0.4 0.16875
33 0.26 -0.4 0.2
34 0.26 -0.4 0.2
35 0.26 -0.4 0.20625
36 0.26 -0.4 0.209083333333
37 0.26 -0.4 0.21875
38 0.26 -0.4 0.225
39 0.26 -0.4 0.23125
40 0.26 -0.4 0.18125
41 0.26 -0.4 0.1
42 0.26 -0.4 0.01875
43 0.26 -0.4 0.0
44 0.26 -0.4 0.0
45 0.26 -0.4 0.0
46 0.26 -0.4 0.0
47 0.0 0.0 0.0
48 0.0 0.0 0.0
49 0.0 0.0 0.0
50 0.0 0.0 0.0
51 0.005 0.0 0.0
52 0.01 0.0 0.0
53 0.01 0.0 0.0
54 0.01 0.0 0.0
55 0.01 0.0 0.0
56 0.01 0.05 0.0
57 0.01 0.1 0.0
58 0.01 0.1 0.0
59 0.01 0.1 0.0
60 0.01 0.1 0.0
61 0.01 0.2 0.0
62 0.01 0.35 0.0
63 0.01 0.5 0.0
64 0.01 0.65 0.0
65 0.01 0.8 0.0
66 0.01 1.0 0.0
67 0.01 1.15 0.0
68 0.01 1.2 0.0
69 0.01 1.25 0.0
70 0.01 1.3 0.0
71 0.01 1.3 0.0
72 0.0 0.0 0.0
73 0.0 0.0 0.0
74 0.0 0.0 0.0
75 0.0 0.0 0.0
76 0.005 0.0 0.0
77 0.01 0.0 0.0
78 0.01 0.0 0.0226666666667
79 0.01 0.0 0.06875
80 0.01 0.0 0.1125
81 0.02 0.0 0.14375
82 0.035 0.0 0.1625
83 0.055 0.0 0.15625
84 0.07 0.0 0.154666666667
85 0.085 0.0 0.1625
86 0.1 0.0 0.18125
87 0.115 0.0 0.1875
88 0.13 0.0 0.1875
89 0.145 0.0 0.18125
90 0.165 0.0 0.1875
91 0.18 0.0 0.185666666667
92 0.195 0.0 0.18125
93 0.21 0.0 0.175
94 0.225 0.0 0.16875
95 0.24 0.0 0.16875
96 0.255 0.0 0.16875
97 0.26 0.0 0.1625
98 0.26 0.0 0.15625
99 0.26 0.0 0.15
100 0.26 0.0 0.149916666667
101 0.26 0.0 0.14375
102 0.26 0.0 0.1375
103 0.26 0.0 0.13125
104 0.26 0.0 0.13
105 0.26 0.0 0.125
106 0.26 0.0 0.11875
107 0.26 0.0 0.1125
108 0.26 0.0 0.10625
109 0.26 0.0 0.10625
110 0.26 0.0 0.1
111 0.26 0.0 0.09375
112 0.26 0.0 0.0875
113 0.26 0.0 0.08125
114 0.26 0.0 0.08125
115 0.26 0.0 0.075
116 0.26 0.0 0.06875
117 0.26 0.0 0.0625
118 0.26 0.0 0.0614166666667
119 0.26 0.0 0.05625
120 0.26 0.0 0.05
121 0.26 0.0 0.04375
122 0.26 0.05 0.0408333333333
123 0.26 0.1 0.0375
124 0.26 0.1 0.04375
125 0.26 0.15 0.05625
126 0.26 0.2 0.08125
127 0.26 0.25 0.10625
128 0.26 0.3 0.14375
129 0.26 0.3 0.19375
130 0.26 0.35 0.243416666667
131 0.26 0.4 0.29375
132 0.26 0.4 0.35625
133 0.26 0.4 0.41875
134 0.26 0.4 0.48125
135 0.26 0.4 0.5455
136 0.26 0.4 0.60625
137 0.26 0.4 0.6625
138 0.26 0.4 0.74375
139 0.0 0.0 0.75
140 0.0 0.0 0.75
141 0.0 0.0 0.75
142 0.0 0.0 0.75
143 0.0 0.0 0.75
144 0.0 0.0 0.75
145 0.0 0.0 0.75
146 0.0 0.0 0.66875
147 0.0 -0.05 0.567333333333
148 0.0 -0.05 0.468666666667
149 0.0 -0.1 0.38125
150 0.0 -0.1 0.30625
151 0.0 -0.1 0.241
152 0.0 -0.1 0.19375
