0 0.26 0.0 0.0385
1 0.26 0.0 0.0633333333333
2 0.26 0.0 0.125
3 0.26 0.0 0.14375
4 0.26 0.0 0.125
5 0.26 0.0 0.13125
6 0.26 0.0 0.13125
7 0.26 0.0 0.125
8 0.26 0.0 0.11875
9 0.26 0.0 0.1125
10 0.26 0.0 0.10625
11 0.26 0.0 0.10625
12 0.26 0.0 0.09375
13 0.26 0.0 0.0875
14 0.26 0.0 0.08125
15 0.26 0.0 0.075
16 0.26 0.0 0.06875
17 0.26 0.0 0.0625
18 0.26 0.0 0.05625
19 0.26 0.0 0.05
20 0.26 0.0 0.04375
21 0.26 0.0 0.03125
22 0.26 0.05 0.025
23 0.26 0.1 0.01875
24 0.26 0.1 0.01875
25 0.26 0.1 0.0261666666667
26 0.26 0.15 0.0375
27 0.26 0.2 0.05
28 0.26 0.2 0.06875
29 0.26 0.25 0.09375
30 0.26 0.3 0.09375
31 0.26 0.3 0.0875
32 0.26 0.3 0.0875
33 0.26 0.35 0.08125
34 0.26 0.4 0.08125
35 0.26 0.4 0.08125
36 0.26 0.4 0.08125
37 0.26 0.4 0.08125
38 0.26 0.4 0.0863333333333
39 0.26 0.4 0.0875
40 0.26 0.4 0.0875
41 0.26 0.4 0.025
42 0.26 0.4 0.0
43 0.26 0.4 0.0
44 0.26 0.4 0.0
45 0.26 0.4 0.0
46 0.26 0.4 0.0
47 0.26 0.4 0.0
48 0.0 0.0 0.0
49 0.0 0.0 0.0
50 0.0 0.0 0.0
51 0.0 0.0 0.0
52 0.005 0.0 0.0
53 0.01 0.0 0.0
54 0.01 0.0 0.0
55 0.01 0.0 0.0
56 0.01 0.0 0.0
57 0.01 0.0 0.0
58 0.02 0.0 0.0
59 0.04 0.0 0.0
60 0.055 0.0 0.0
61 0.07 0.0 0.0
62 0.09 0.0 0.0
63 0.105 0.0 0.0
64 0.125 0.0 0.0
65 0.14 0.0 0.0
66 0.16 0.0 0.0
67 0.175 0.0 0.0
68 0.195 0.0 0.0
69 0.21 0.0 0.0
70 0.23 0.0 0.0
71 0.24 0.0 0.0
72 0.245 0.0 0.0
73 0.25 0.0 0.0
74 0.255 0.0 0.0
75 0.26 0.0 0.0
76 0.26 0.0 0.0
77 0.26 0.0 0.0
78 0.26 0.0 0.0
79 0.26 0.0 0.0
80 0.26 0.0 0.0
81 0.26 0.0 0.0
82 0.26 0.0 0.0
83 0.26 0.0 0.0
84 0.26 0.0 0.0
85 0.26 0.0 0.0
86 0.26 0.0 0.0
87 0.26 -0.05 0.0
88 0.26 -0.1 0.0
89 0.26 -0.1 0.0
90 0.26 -0.1 0.0
91 0.26 -0.15 0.0
92 0.26 -0.2 0.0
93 0.26 -0.2 0.0
94 0.26 -0.25 0.0
95 0.26 -0.3 0.0
96 0.26 -0.3 0.0
97 0.26 -0.35 0.0
98 0.26 -0.4 0.0
99 0.26 -0.4 0.0
100 0.26 -0.4 0.0
101 0.26 -0.4 0.0
102 0.26 -0.4 0.0
103 0.26 -0.4 0.0
104 0.26 -0.4 0.0
105 0.26 -0.4 0.0
106 0.26 -0.4 0.00933333333333
107 0.26 -0.4 0.075
108 0.26 -0.4 0.1375
109 0.0 0.0 0.2
110 0.0 0.0 0.24375
111 0.0 0.0 0.2875
112 0.0 0.0 0.31875
113 0.005 0.0 0.325
114 0.01 0.0 0.325
115 0.01 0.0 0.325
116 0.01 0.0 0.325
117 0.01 0.0 0.325
118 0.02 0.0 0.325
119 0.035 0.0 0.325
120 0.055 0.0 0.325
121 0.07 0.0 0.325
122 0.09 0.0 0.325
123 0.105 0.0 0.319916666667
124 0.12 0.0 0.31875
125 0.135 0.0 0.31875
126 0.15 0.0 0.325
127 0.165 0.0 0.325
128 0.185 0.0 0.31875
129 0.2 0.0 0.3125
130 0.215 0.0 0.30625
131 0.235 0.0 0.30625
132 0.25 0.0 0.30625
133 0.26 0.0 0.30625
134 0.26 0.0 0.3
135 0.26 0.0 0.29375
136 0.26 0.0 0.29375
137 0.26 0.0 0.29375
138 0.26 0.0 0.29375
139 0.26 0.0 0.2875
140 0.26 0.0 0.2875
141 0.26 0.0 0.2875
142 0.26 0.0 0.28125
143 0.26 0.0 0.28125
144 0.26 0.0 0.28125
145 0.26 0.0 0.279666666667
146 0.26 0.0 0.275
147 0.26 0.0 0.275
148 0.26 0.0 0.275
149 0.26 0.0 0.275
150 0.26 0.0 0.275
151 0.26 0.0 0.275
