0 0.26 0.0 0.0
1 0.26 0.0 0.0
2 0.26 0.05 0.0
3 0.26 0.15 0.0
4 0.26 0.2 0.0
5 0.26 0.25 0.0
6 0.26 0.35 0.0
7 0.26 0.4 0.0
8 0.26 0.4 0.05625
9 0.26 0.4 0.18125
10 0.26 0.4 0.28125
11 0.26 0.4 0.39375
12 0.26 0.4 0.49375
13 0.26 0.4 0.60625
14 0.26 0.4 0.6875
15 0.26 0.4 0.59375
16 0.26 0.4 0.48125
17 0.0 0.0 0.3625
18 0.0 0.0 0.31875
19 0.0 0.0 0.46875
20 0.01 0.0 0.61875
21 0.01 0.0 0.64375
22 0.01 0.0 0.5875
23 0.03 0.0 0.55625
24 0.06 0.0 0.5625
25 0.085 0.0 0.5625
26 0.115 0.0 0.56875
27 0.13 0.05 0.56875
28 0.14 0.1 0.575
29 0.145 0.1 0.59375
30 0.16 0.2 0.6125
31 0.19 0.5 0.61875
32 0.195 0.55 0.575
33 0.205 0.65 0.41425
34 0.0 0.0 0.20625
35 0.0 0.0 0.0250833333333
36 0.0 0.0 0.08125
37 0.01 0.0 0.225166666667
38 0.01 0.0 0.2915
39 0.01 0.0 0.368666666667
40 0.03 0.0 0.42475
41 0.055 0.0 0.419666666667
42 0.085 0.0 0.412583333333
43 0.115 0.0 0.404833333333
44 0.145 0.0 0.391416666667
45 0.17 0.0 0.389333333333
46 0.2 0.0 0.3815
47 0.23 0.0 0.348166666667
48 0.26 0.0 0.33125
49 0.26 0.0 0.310583333333
50 0.26 0.0 0.29475
51 0.26 0.0 0.281666666667
52 0.26 0.0 0.245583333333
53 0.26 0.0 0.21675
54 0.26 0.0 0.1805
55 0.26 0.0 0.133416666667
56 0.26 0.0 0.108166666667
57 0.26 0.0 0.0619166666667
58 0.26 0.0 0.0404166666667
59 0.26 0.0 0.02575
60 0.26 0.0 0.0110833333333
61 0.26 0.0 0.00291666666667
62 0.26 0.0 0.00116666666667
63 0.26 0.0 0.000333333333333
64 0.26 0.0 0.0
65 0.26 0.0 0.0
66 0.26 0.0 0.0
67 0.26 0.0 0.0
68 0.26 0.0 0.0
69 0.26 0.0 0.0
70 0.26 0.0 0.0
71 0.26 0.0 0.0
72 0.26 0.0 0.0
73 0.26 0.0 0.0
74 0.26 0.0 0.0
75 0.26 0.0 0.0
76 0.26 0.0 0.0
77 0.26 0.0 0.0
78 0.26 0.0 0.0
79 0.26 0.0 0.0
80 0.26 0.0 0.0
81 0.26 0.0 0.0
82 0.26 0.0 0.0
83 0.26 0.0 0.0
84 0.26 0.0 0.0
85 0.26 0.0 0.0
86 0.26 0.0 0.0
87 0.26 0.0 0.0
88 0.26 0.0 0.0
89 0.26 0.0 0.0
90 0.26 0.0 0.0
91 0.26 0.0 0.0
92 0.26 0.0 0.0
93 0.26 0.0 0.0
94 0.26 0.0 0.0
95 0.26 0.0 0.0
96 0.26 0.0 0.0
97 0.26 0.0 0.0
98 0.26 0.0 0.0
99 0.26 0.0 0.0
100 0.26 0.0 0.0
101 0.26 0.0 0.0
102 0.26 0.0 0.0
103 0.26 0.0 0.0
104 0.26 0.0 0.0
105 0.26 0.0 0.0
106 0.26 0.0 0.0
107 0.26 0.0 0.0
108 0.26 0.0 0.0
109 0.26 0.0 0.0
110 0.26 0.0 0.0
111 0.26 0.0 0.0
112 0.26 0.0 0.0
113 0.26 0.0 0.0
114 0.26 0.0 0.0
115 0.26 0.0 0.0
116 0.26 0.0 0.0
117 0.26 -0.05 0.0
118 0.26 -0.1 0.0
119 0.26 -0.1 0.0
120 0.26 -0.1 0.0
121 0.26 -0.15 0.0
122 0.26 -0.2 0.0
123 0.26 -0.2 0.0
124 0.26 -0.25 0.0
125 0.26 -0.3 0.0
126 0.26 -0.3 0.0
127 0.26 -0.35 0.0
128 0.26 -0.4 0.0
129 0.26 -0.4 0.0
130 0.26 -0.4 0.0
131 0.26 -0.4 0.0
132 0.26 -0.4 0.0
133 0.26 -0.4 0.0
134 0.26 -0.4 0.0
135 0.26 -0.4 0.0
136 0.26 -0.4 0.0
137 0.26 -0.4 0.0
138 0.26 -0.4 0.0
139 0.26 -0.4 0.0
140 0.26 -0.4 0.0
141 0.26 -0.4 0.0
142 0.26 -0.4 0.0
143 0.26 -0.4 0.0
144 0.26 -0.4 0.0
145 0.26 -0.4 0.0
146 0.26 -0.4 0.0
147 0.26 -0.4 0.06875
148 0.26 -0.4 0.18125
149 0.26 -0.4 0.239583333333
150 0.26 -0.4 0.270666666667
151 0.26 -0.4 0.289
152 0.26 -0.4 0.342666666667
153 0.0 0.0 0.391333333333
154 0.0 0.0 0.376916666667
155 0.0 0.0 0.3705
156 0.005 0.0 0.301
157 0.01 0.0 0.2515
158 0.01 0.0 0.231666666667
159 0.03 0.0 0.22325
160 0.06 0.0 0.224583333333
161 0.08 0.0 0.236
162 0.115 0.0 0.232
163 0.14 0.0 0.23325
164 0.17 0.0 0.225666666667
165 0.2 0.0 0.2175
166 0.23 0.0 0.210416666667
167 0.255 0.0 0.202333333333
168 0.26 0.0 0.198833333333
169 0.26 -0.05 0.1835
170 0.26 -0.1 0.176916666667
171 0.26 -0.1 0.165833333333
172 0.26 -0.1 0.154916666667
173 0.26 -0.1 0.149083333333
174 0.26 -0.1 0.14375
175 0.26 -0.1 0.13775
176 0.26 -0.1 0.126083333333
177 0.26 -0.1 0.124
178 0.26 -0.1 0.139916666667
179 0.26 -0.1 0.148083333333
180 0.26 -0.1 0.113
181 0.26 -0.1 0.0555833333333
182 0.26 -0.1 0.03675
183 0.26 -0.1 0.0245833333333
184 0.26 -0.1 0.0168333333333
185 0.26 -0.1 0.00875
186 0.26 -0.1 0.00025
187 0.26 -0.1 0.0
188 0.26 -0.1 0.0
189 0.26 -0.1 0.0
190 0.26 -0.1 0.0
191 0.26 -0.1 0.0
192 0.26 -0.1 0.0
193 0.26 -0.1 0.0
194 0.26 -0.1 0.0
195 0.26 -0.1 0.0
196 0.26 -0.1 0.0
197 0.26 -0.1 0.0
198 0.26 -0.1 0.0
199 0.26 -0.1 0.0
200 0.26 -0.1 0.0
201 0.26 -0.1 0.0
202 0.26 -0.1 0.0
203 0.26 -0.1 0.0
204 0.26 -0.1 0.0
205 0.26 0.0 0.0
206 0.26 0.0 0.0
207 0.26 0.0 0.0
208 0.26 0.0 0.0
209 0.26 0.0 0.0
210 0.26 0.0 0.0
211 0.26 0.0 0.0
212 0.26 0.0 0.0
213 0.26 0.0 0.0
214 0.26 0.0 0.0
215 0.26 0.0 0.0
216 0.26 0.0 0.0
217 0.26 0.0 0.0
218 0.26 0.0 0.0
219 0.26 0.0 0.0
220 0.26 0.0 0.0
221 0.26 0.0 0.0
222 0.26 0.0 0.0
223 0.26 0.0 0.0
224 0.26 0.0 0.0
225 0.26 0.0 0.0
226 0.26 0.0 0.0
227 0.26 0.0 0.0
228 0.26 0.0 0.0
229 0.26 0.0 0.0
230 0.26 -0.05 0.0
231 0.26 -0.1 0.0
232 0.26 -0.1 0.0
233 0.26 -0.1 0.0
234 0.26 -0.1 0.0
235 0.26 -0.1 0.0
236 0.26 -0.2 0.0
237 0.26 -0.2 0.0
238 0.26 -0.2 0.0
239 0.26 -0.2 0.0
240 0.26 -0.25 0.0
241 0.26 -0.3 0.0
242 0.26 -0.3 0.0
243 0.26 -0.3 0.0
244 0.26 -0.3 0.0
245 0.26 -0.3 0.0
246 0.26 -0.3 0.0
247 0.26 -0.3 0.0
248 0.26 -0.3 0.0
249 0.26 -0.35 0.0
250 0.26 -0.4 0.0
251 0.26 -0.4 0.0
252 0.26 -0.4 0.03125
253 0.26 -0.4 0.14725
254 0.26 -0.4 0.208416666667
255 0.26 -0.4 0.217833333333
256 0.26 -0.4 0.322583333333
257 0.26 -0.4 0.422083333333
258 0.26 -0.4 0.54
259 0.26 -0.4 0.575583333333
260 0.0 0.0 0.578333333333
261 0.0 0.0 0.584833333333
262 0.0 0.0 0.57125
263 0.0 0.0 0.5485
264 0.005 0.0 0.346666666667
265 0.01 0.0 0.163083333333
266 0.01 0.0 0.148833333333
267 0.015 0.0 0.0
268 0.02 -0.1 0.0
269 0.02 -0.1 0.0
270 0.02 -0.15 0.0
271 0.02 -0.4 0.0
272 0.02 -0.6 0.0
273 0.02 -0.7 0.00625
274 0.02 -0.8 0.152083333333
275 0.02 -0.85 0.221083333333
276 0.0 0.0 0.438916666667
277 0.0 0.0 0.537666666667
278 0.0 0.0 0.529583333333
279 0.005 0.0 0.541916666667
280 0.01 0.0 0.536416666667
281 0.01 0.0 0.5365
282 0.02 0.0 0.536333333333
283 0.05 0.0 0.5295
284 0.075 0.0 0.535833333333
285 0.105 0.0 0.535583333333
286 0.13 0.0 0.52975
287 0.16 0.0 0.529416666667
288 0.185 0.0 0.523833333333
289 0.215 0.0 0.5235
290 0.24 0.0 0.52275
291 0.26 0.0 0.516333333333
292 0.26 0.0 0.509916666667
293 0.26 0.0 0.509666666667
294 0.26 0.0 0.502666666667
295 0.26 0.0 0.502333333333
296 0.26 0.0 0.496083333333
297 0.26 0.0 0.489666666667
298 0.26 0.0 0.495166666667
299 0.26 0.0 0.488916666667
300 0.26 0.0 0.48875
301 0.26 0.0 0.494583333333
302 0.26 0.0 0.494333333333
303 0.26 0.0 0.49425
304 0.26 0.0 0.50025
305 0.26 0.0 0.500166666667
306 0.26 0.0 0.50625
307 0.26 0.0 0.50625
308 0.26 0.0 0.50625
309 0.26 0.0 0.50625
310 0.26 0.0 0.5125
311 0.26 0.0 0.471583333333
312 0.26 0.0 0.317166666667
313 0.26 0.0 0.08325
314 0.26 0.0 0.0
315 0.26 0.0 0.0
316 0.26 0.0 0.0
317 0.26 0.0 0.0
318 0.26 0.0 0.0
319 0.26 0.0 0.0
320 0.26 0.0 0.0
321 0.26 0.0 0.0
322 0.26 0.0 0.0
323 0.26 0.0 0.0
324 0.26 -0.1 0.0
325 0.26 -0.1 0.0
326 0.26 -0.1 0.0
327 0.26 -0.1 0.0
328 0.26 -0.1 0.0
329 0.26 -0.1 0.0
330 0.26 -0.1 0.0
331 0.26 -0.1 0.0
332 0.26 0.0 0.0
333 0.26 0.0 0.0
334 0.26 0.0 0.0
335 0.26 0.0 0.0
336 0.26 0.0 0.0
337 0.26 0.0 0.0
338 0.26 0.0 0.0
339 0.26 0.0 0.0
340 0.26 0.0 0.0
341 0.26 0.0 0.0
342 0.26 0.0 0.0
343 0.26 0.0 0.0
344 0.26 0.0 0.0
345 0.26 0.0 0.0
346 0.26 0.0 0.0
347 0.26 0.0 0.0
348 0.26 0.0 0.0
349 0.26 0.0 0.0
350 0.26 0.0 0.0
351 0.26 0.0 0.0
352 0.26 0.0 0.0
