0 0.26 0.0 0.0
1 0.26 0.0 0.0
2 0.26 0.0 0.0
3 0.26 0.0 0.0
4 0.26 0.0 0.0
5 0.26 0.0 0.0
6 0.26 0.0 0.0
7 0.26 0.0 0.0
8 0.26 0.0 0.0
9 0.26 -0.05 0.0
10 0.26 -0.15 0.0
11 0.26 -0.25 0.0
12 0.26 -0.3 0.0
13 0.26 -0.3 0.0
14 0.26 -0.3 0.0
15 0.26 -0.4 0.0
16 0.26 -0.45 0.0
17 0.26 -0.5 0.0
18 0.26 -0.5 0.0
19 0.26 -0.5 0.1
20 0.26 -0.5 0.10625
21 0.26 -0.5 0.11875
22 0.26 -0.5 0.126166666667
23 0.26 -0.5 0.13125
24 0.26 -0.5 0.0
25 0.26 -0.5 0.0
26 0.0 0.0 0.0
27 0.0 0.0 0.0
28 0.0 0.0 0.0
29 0.0 0.0 0.0
30 0.01 0.0 0.0
31 0.01 0.0 0.0
32 0.01 0.0 0.0
33 0.03 0.0 0.0
34 0.055 0.0 0.0
35 0.085 0.0 0.0
36 0.115 0.0 0.0
37 0.14 0.0 0.0
38 0.165 0.0 0.0
39 0.19 0.0 0.0
40 0.195 0.0 0.0
41 0.21 0.1 0.0
42 0.22 0.1 0.0
43 0.23 0.2 0.0
44 0.24 0.2 0.0
45 0.25 0.25 0.0
46 0.26 0.3 0.0
47 0.26 0.3 0.0
48 0.26 0.3 0.0
49 0.26 0.3 0.0
50 0.26 0.3 0.0
51 0.26 0.3 0.0
52 0.26 0.3 0.0
53 0.26 0.3 0.0
54 0.26 0.3 0.0
55 0.26 0.3 0.0
56 0.26 0.3 0.0
57 0.26 0.3 0.0
58 0.26 0.4 0.0
59 0.26 0.4 0.0
60 0.26 0.4 0.0
61 0.26 0.4 0.0780833333333
62 0.26 0.4 0.19375
63 0.26 0.4 0.3
64 0.26 0.4 0.325
65 0.26 0.4 0.325
66 0.26 0.4 0.31875
67 0.0 0.0 0.3125
68 0.0 0.0 0.30625
69 0.0 0.0 0.3125
70 0.005 0.0 0.3125
71 0.01 0.0 0.3125
72 0.01 0.0 0.31875
73 0.015 0.0 0.31875
74 0.045 0.0 0.3125
75 0.07 0.0 0.3125
76 0.095 0.0 0.3125
77 0.12 0.0 0.3125
78 0.15 0.0 0.3125
79 0.175 0.0 0.3125
80 0.205 0.0 0.30625
81 0.23 0.0 0.30625
82 0.26 0.0 0.3125
83 0.26 0.0 0.3125
84 0.26 0.0 0.30625
85 0.26 0.0 0.312166666667
86 0.26 0.05 0.30625
87 0.26 0.1 0.30625
88 0.26 0.1 0.30625
89 0.26 0.1 0.3
90 0.26 0.1 0.3
91 0.26 0.1 0.3
92 0.26 0.1 0.29375
93 0.26 0.1 0.29375
94 0.26 0.1 0.29375
95 0.26 0.15 0.26875
96 0.26 0.2 0.23125
97 0.26 0.2 0.175
98 0.26 0.2 0.125
99 0.26 0.2 0.06875
100 0.26 0.2 0.0
101 0.26 0.2 0.0
102 0.26 0.2 0.0
103 0.26 0.2 0.0
104 0.26 0.2 0.0
105 0.26 0.2 0.0
106 0.26 0.1 0.01875
107 0.26 0.1 0.05
108 0.26 0.1 0.06875
109 0.26 0.1 0.09375
110 0.26 0.1 0.11875
111 0.26 0.1 0.1375
112 0.26 0.1 0.1375
113 0.26 0.1 0.125
114 0.26 0.1 0.11875
115 0.26 0.1 0.1125
116 0.26 0.1 0.100166666667
117 0.26 0.1 0.1
118 0.26 0.1 0.09375
119 0.26 0.05 0.08125
120 0.26 0.0 0.075
121 0.26 0.0 0.06875
122 0.26 0.0 0.05
123 0.26 0.0 0.04375
124 0.26 0.0 0.03125
125 0.26 0.0 0.01875
126 0.26 0.0 0.0125
127 0.26 0.0 0.0
128 0.26 0.0 0.0
129 0.26 0.0 0.0
130 0.26 0.0 0.0
131 0.26 -0.1 0.0
132 0.26 -0.1 0.0
133 0.26 -0.1 0.0
134 0.26 -0.05 0.0
135 0.26 0.0 0.0
136 0.26 0.0 0.0
137 0.26 0.0 0.0
138 0.26 0.0 0.0
139 0.26 0.1 0.0
140 0.26 0.15 0.0
141 0.26 0.2 0.0
142 0.26 0.2 0.0
143 0.26 0.2 0.0
144 0.26 0.45 0.0
145 0.26 0.75 0.0
146 0.26 0.95 0.0
147 0.26 1.0 0.0
148 0.0 0.0 0.0
149 0.0 0.0 0.0
150 0.005 0.0 0.0
151 0.01 0.0 0.0
152 0.01 0.0 0.0
153 0.02 0.0 0.0
154 0.045 0.0 0.0
155 0.07 0.0 0.0
156 0.095 0.0 0.0
157 0.125 0.0 0.0
158 0.15 0.0 0.0
159 0.175 0.0 0.0
160 0.2 0.0 0.0
161 0.23 0.0 0.0
162 0.255 0.0 0.0
163 0.26 0.0 0.0
164 0.26 0.0 0.0
165 0.26 0.0 0.0
166 0.26 0.0 0.0
167 0.26 -0.1 0.0
168 0.26 -0.1 0.0
169 0.26 -0.1 0.0
170 0.26 -0.1 0.0
171 0.26 -0.1 0.0
172 0.26 -0.1 0.0
173 0.26 -0.1 0.0
174 0.26 -0.15 0.0
175 0.26 -0.2 0.0
176 0.26 -0.2 0.0
177 0.26 -0.2 0.0
178 0.26 -0.2 0.0
179 0.26 -0.2 0.0
180 0.26 -0.2 0.0
181 0.26 -0.2 0.0
182 0.26 -0.2 0.0
183 0.26 -0.2 0.0
184 0.26 -0.2 0.0
185 0.26 -0.2 0.0
186 0.26 -0.2 0.0
187 0.26 -0.2 0.0
188 0.26 -0.2 0.0
189 0.26 -0.2 0.00625
190 0.26 -0.2 0.05625
191 0.26 -0.2 0.10625
192 0.26 -0.2 0.1625
193 0.26 -0.2 0.2125
194 0.26 -0.2 0.26875
195 0.26 -0.2 0.31875
196 0.26 -0.2 0.375
197 0.26 -0.15 0.43125
198 0.26 -0.05 0.475
199 0.26 0.0 0.5
200 0.26 0.0 0.50625
201 0.26 0.0 0.50625
202 0.26 0.0 0.50625
203 0.26 0.0 0.5125
204 0.26 0.0 0.5125
205 0.26 0.0 0.51875
206 0.26 0.0 0.51875
207 0.26 0.0 0.51875
208 0.26 0.0 0.525
209 0.26 0.0 0.525
210 0.26 0.0 0.53125
211 0.26 0.0 0.53125
212 0.26 0.0 0.53125
