0 0.26 0.0 0.0
1 0.26 0.0 0.0
2 0.26 0.0 0.0
3 0.26 0.05 0.0
4 0.26 0.1 0.0
5 0.26 0.1 0.0
6 0.26 0.2 0.0
7 0.26 0.2 0.0
8 0.26 0.3 0.0
9 0.26 0.35 0.0
10 0.26 0.4 0.0
11 0.26 0.4 0.0670833333333
12 0.26 0.4 0.16875
13 0.26 0.4 0.28125
14 0.26 0.4 0.3875
15 0.26 0.4 0.4875
16 0.26 0.4 0.63125
17 0.26 0.4 0.651833333333
18 0.0 0.0 0.567
19 0.0 0.0 0.496583333333
20 0.005 0.0 0.4875
21 0.01 0.0 0.4875
22 0.01 0.0 0.4875
23 0.02 0.0 0.4875
24 0.045 0.0 0.4875
25 0.075 0.0 0.484083333333
26 0.1 0.0 0.48125
27 0.125 0.0 0.462416666667
28 0.155 0.0 0.4625
29 0.185 0.0 0.4625
30 0.21 0.0 0.456166666667
31 0.24 0.0 0.4375
32 0.26 0.0 0.43125
33 0.26 0.0 0.412
34 0.26 0.0 0.3865
35 0.26 0.0 0.365
36 0.26 0.0 0.34325
37 0.26 0.0 0.3215
38 0.26 0.0 0.293083333333
39 0.26 0.0 0.2685
40 0.26 0.0 0.248666666667
41 0.26 0.0 0.227916666667
42 0.26 0.0 0.2135
43 0.26 0.0 0.182916666667
44 0.26 0.0 0.145166666667
45 0.26 0.0 0.10425
46 0.26 0.0 0.09025
47 0.26 0.0 0.0766666666667
48 0.26 0.0 0.0629166666667
49 0.26 0.0 0.0489166666667
50 0.26 0.0 0.03525
51 0.26 0.0 0.0216666666667
52 0.26 0.0 0.0141666666667
53 0.26 0.0 0.00125
54 0.26 0.0 0.000416666666667
55 0.26 0.0 8.33333333333e-05
56 0.26 0.0 0.0
57 0.26 0.0 0.0
58 0.26 0.0 0.0
59 0.26 0.0 0.0
60 0.26 0.0 0.0
61 0.26 0.0 0.0
62 0.26 0.0 0.0
63 0.26 0.0 0.0
64 0.26 0.0 0.0
65 0.26 0.0 0.0
66 0.26 0.0 0.0
67 0.26 0.0 0.0
68 0.26 0.0 0.0
69 0.26 0.0 0.0
70 0.26 0.0 0.0
71 0.26 0.0 0.0
72 0.26 0.0 0.0
73 0.26 0.0 0.0
74 0.26 -0.05 0.0
75 0.26 -0.1 0.0
76 0.26 -0.1 0.0
77 0.26 -0.1 0.0
78 0.26 -0.1 0.0
79 0.26 -0.1 0.0
80 0.26 -0.1 0.0
81 0.26 -0.1 0.0
82 0.26 -0.1 0.0
83 0.26 -0.1 0.0
84 0.26 -0.1 0.0
85 0.26 -0.2 0.0
86 0.26 -0.2 0.0
87 0.26 -0.2 0.0
88 0.26 -0.2 0.0
89 0.26 -0.3 0.0
90 0.26 -0.3 0.0
91 0.26 -0.3 0.0
92 0.26 -0.3 0.0
93 0.26 -0.3 0.0
94 0.26 -0.3 0.0
95 0.26 -0.3 0.0
96 0.26 -0.3 0.0
97 0.0 0.0 0.0
98 0.0 0.0 0.0
99 0.0 0.0 0.0
100 0.005 0.0 0.0
101 0.01 0.0 0.0
102 0.01 0.0 0.0
103 0.03 0.0 0.0
104 0.06 0.0 0.0
105 0.085 0.0 0.0
106 0.11 0.0 0.0
107 0.14 0.0 0.0
108 0.17 0.0 0.0
109 0.195 0.0 0.0
110 0.225 0.0 0.0
111 0.255 0.0 0.0
112 0.26 0.0 0.0
113 0.26 0.0 0.0
114 0.26 0.0 0.0
115 0.26 0.0 0.0
116 0.26 0.0 0.0
117 0.26 0.0 0.0
118 0.26 0.0 0.0
119 0.26 0.0 0.0
120 0.26 0.0 0.0
121 0.26 0.0 0.0
122 0.26 0.0 0.0
123 0.26 0.0 0.0
124 0.26 0.0 0.0
125 0.26 0.0 0.0
126 0.26 0.0 0.0
127 0.26 -0.05 0.0
128 0.26 -0.1 0.0
129 0.26 -0.1 0.0
130 0.26 -0.1 0.0
131 0.26 -0.1 0.0
132 0.26 -0.15 0.0
133 0.26 -0.2 0.0
134 0.26 -0.2 0.0
135 0.26 -0.2 0.0
136 0.26 -0.2 0.0
137 0.26 -0.2 0.0
138 0.26 -0.2 0.0
139 0.26 -0.2 0.0
140 0.26 -0.2 0.0
141 0.26 -0.2 0.0
142 0.26 -0.2 0.0
143 0.26 -0.2 0.0
144 0.26 -0.2 0.0
145 0.26 -0.2 0.0
146 0.26 -0.2 0.0
147 0.26 -0.2 0.0
148 0.26 -0.2 0.0
149 0.26 -0.2 0.0
150 0.26 -0.25 0.0
151 0.26 -0.3 0.0
152 0.26 -0.3 0.0
153 0.26 -0.35 0.0
154 0.26 -0.4 0.0
155 0.26 -0.4 0.0125
156 0.26 -0.4 0.0568333333333
157 0.26 -0.4 0.0629166666667
158 0.26 -0.4 0.0623333333333
159 0.26 -0.4 0.0495833333333
160 0.26 -0.4 0.034
161 0.26 -0.4 0.023
162 0.26 -0.4 0.0150833333333
163 0.26 -0.4 0.0
164 0.26 -0.4 0.0
165 0.26 -0.4 0.0
166 0.0 0.0 0.0
167 0.0 0.0 0.0
168 0.005 0.0 0.0
169 0.01 0.0 0.0
170 0.01 0.0 0.0
171 0.025 0.0 0.0
172 0.055 0.0 0.0
173 0.085 0.0 0.0
174 0.115 0.0 0.0
175 0.14 0.0 0.0
176 0.17 0.0 0.0
177 0.2 0.0 0.0
178 0.225 0.0 0.0
179 0.255 0.0 0.0
180 0.26 0.0 0.0
181 0.26 0.0 0.0
182 0.26 0.0 0.0
183 0.26 0.0 0.0
184 0.26 0.0 0.0
185 0.26 0.0 0.0
186 0.26 0.0 0.0
187 0.26 0.0 0.0
188 0.26 0.0 0.0
189 0.26 0.0 0.0
190 0.26 0.0 0.0
191 0.26 0.0 0.0
192 0.26 0.0 0.0
193 0.26 0.0 0.0
194 0.26 0.0 0.0
195 0.26 0.0 0.0
196 0.26 0.0 0.0
197 0.26 0.0 0.0
198 0.26 0.0 0.0
199 0.26 0.0 0.0
200 0.26 0.0 0.0
201 0.26 0.0 0.0
202 0.26 0.0 0.0
203 0.26 0.0 0.0
204 0.26 0.0 0.0
205 0.26 -0.05 0.0
206 0.26 -0.1 0.0
207 0.26 -0.1 0.0
208 0.26 -0.1 0.0
209 0.26 -0.1 0.0
210 0.26 -0.1 0.0
211 0.26 -0.2 0.0
212 0.26 -0.2 0.0
213 0.26 -0.2 0.0
214 0.26 -0.2 0.0
215 0.26 -0.2 0.0
216 0.26 -0.2 0.0
217 0.26 -0.2 0.0
218 0.26 -0.2 0.0
219 0.26 -0.2 0.0
220 0.26 -0.2 0.0
221 0.26 -0.3 0.0
222 0.26 -0.3 0.0
223 0.26 -0.3 0.0
224 0.26 -0.3 0.0
225 0.26 -0.3 0.0
226 0.26 -0.3 0.0
227 0.26 -0.3 0.01875
228 0.26 -0.3 0.1125
229 0.26 -0.3 0.1875
230 0.26 -0.3 0.229166666667
231 0.26 -0.3 0.232416666667
232 0.26 -0.3 0.261
233 0.26 -0.3 0.337
234 0.26 -0.3 0.417666666667
235 0.26 -0.3 0.485583333333
236 0.26 -0.3 0.547166666667
237 0.0 0.0 0.571083333333
238 0.0 0.0 0.557333333333
239 0.0 0.0 0.586
240 0.0 0.0 0.585166666667
241 0.01 0.0 0.585166666667
242 0.01 0.0 0.585166666667
243 0.01 0.0 0.585166666667
244 0.025 0.0 0.585166666667
245 0.055 0.0 0.585
246 0.08 0.0 0.585
247 0.11 0.0 0.584333333333
248 0.14 0.0 0.584166666667
249 0.165 0.0 0.583583333333
250 0.195 0.0 0.580916666667
251 0.22 0.0 0.580083333333
252 0.25 0.0 0.579666666667
253 0.26 0.0 0.583416666667
254 0.26 0.0 0.577916666667
255 0.26 0.0 0.583
256 0.26 0.0 0.582666666667
257 0.26 0.0 0.587916666667
258 0.26 0.0 0.592333333333
259 0.26 0.0 0.597666666667
260 0.26 0.0 0.5975
261 0.26 0.0 0.5975
262 0.26 0.0 0.603166666667
263 0.26 0.0 0.613083333333
264 0.26 0.0 0.613416666667
265 0.26 0.0 0.623833333333
266 0.26 0.0 0.623833333333
267 0.26 0.0 0.629833333333
268 0.26 0.0 0.634416666667
269 0.26 0.0 0.6405
270 0.26 0.0 0.645333333333
271 0.26 0.0 0.651416666667
272 0.26 0.0 0.65175
273 0.26 0.0 0.6625
274 0.26 0.0 0.66875
275 0.26 0.0 0.580833333333
276 0.26 0.0 0.368083333333
277 0.26 0.0 0.13275
278 0.26 0.0 0.0
279 0.26 0.0 0.0
280 0.26 0.0 0.0
281 0.26 0.0 0.0
282 0.26 0.0 0.0
283 0.26 0.0 0.0
284 0.26 0.0 0.0
285 0.26 0.0 0.0
286 0.26 0.0 0.0
287 0.26 0.0 0.0
288 0.26 0.0 0.0
289 0.26 0.0 0.0
290 0.26 0.0 0.0
291 0.26 0.0 0.0
292 0.26 0.0 0.0
293 0.26 0.0 0.0
294 0.26 0.0 0.0
295 0.26 0.0 0.0
296 0.26 0.0 0.0
297 0.26 0.0 0.0
298 0.26 0.0 0.0
299 0.26 0.0 0.0
300 0.26 0.0 0.0
301 0.26 0.0 0.0
302 0.26 0.0 0.0
303 0.26 0.0 0.0
304 0.26 0.0 0.0
305 0.26 0.0 0.0
306 0.26 0.0 0.0
307 0.26 0.0 0.0
308 0.26 -0.1 0.0
309 0.26 -0.1 0.0
310 0.26 -0.1 0.0
311 0.26 -0.1 0.0
312 0.26 -0.1 0.0
313 0.26 -0.2 0.0
314 0.26 -0.2 0.0
315 0.26 -0.2 0.0
316 0.26 -0.2 0.0
317 0.26 -0.3 0.0
318 0.26 -0.3 0.0
319 0.26 -0.3 0.0
320 0.26 -0.3 0.0
321 0.26 -0.3 0.0
322 0.26 -0.3 0.0
323 0.26 -0.3 0.0
324 0.0 0.0 0.0
325 0.0 0.0 0.0
326 0.0 0.0 0.0
327 0.01 0.0 0.0
328 0.01 0.0 0.0
329 0.01 0.0 0.0
330 0.03 0.0 0.0
331 0.06 0.0 0.0
332 0.085 0.0 0.0
333 0.115 0.0 0.0
334 0.14 0.0 0.0
335 0.17 0.0 0.0
336 0.2 0.0 0.0
337 0.23 0.0 0.0
338 0.255 0.0 0.0
339 0.26 0.0 0.0
340 0.26 0.0 0.0
341 0.26 0.0 0.0
342 0.26 0.0 0.0
343 0.26 0.0 0.0
344 0.26 0.0 0.0
345 0.26 0.0 0.0
346 0.26 0.0 0.0
347 0.26 0.0 0.0
348 0.26 0.0 0.0
349 0.26 0.0 0.0
350 0.26 0.0 0.0
351 0.26 0.0 0.0
352 0.26 0.0 0.0
