0 0.26 0.0 0.0
1 0.26 0.0 0.0
2 0.26 0.1 0.0
3 0.26 0.15 0.0
4 0.26 0.2 0.0
5 0.26 0.25 0.0
6 0.26 0.3 0.0
7 0.26 0.4 0.075
8 0.26 0.4 0.2125
9 0.26 0.4 0.34375
10 0.26 0.4 0.46875
11 0.26 0.4 0.5625
12 0.26 0.4 0.65625
13 0.26 0.4 0.657
14 0.26 0.4 0.56875
15 0.26 0.4 0.436
16 0.26 0.4 0.25
17 0.26 0.4 0.0974166666667
18 0.26 0.4 0.0
19 0.26 0.4 0.0
20 0.26 0.4 0.0
21 0.26 0.4 0.0
22 0.26 0.3 0.0
23 0.26 0.2 0.0
24 0.26 0.15 0.0
25 0.26 0.1 0.0
26 0.26 0.1 0.0
27 0.26 0.05 0.0
28 0.26 2.77555756156e-17 0.0
29 0.26 2.77555756156e-17 0.0
30 0.26 2.77555756156e-17 0.0
31 0.26 2.77555756156e-17 0.0
32 0.26 2.77555756156e-17 0.0
33 0.26 2.77555756156e-17 0.0
34 0.26 2.77555756156e-17 0.0
35 0.26 2.77555756156e-17 0.0
36 0.26 2.77555756156e-17 0.0
37 0.26 -0.05 0.0
38 0.26 -0.1 0.0
39 0.26 -0.2 0.0
40 0.26 -0.25 0.0
41 0.26 -0.3 0.0
42 0.26 -0.4 0.0
43 0.26 -0.4 0.0
44 0.26 -0.4 0.0
45 0.26 -0.4 0.0
46 0.26 -0.4 0.0
47 0.26 -0.4 0.0
48 0.26 -0.4 0.0
49 0.26 -0.4 0.0
50 0.26 -0.4 0.0
51 0.26 -0.4 0.0
52 0.26 -0.4 0.00633333333333
53 0.26 -0.4 0.0
54 0.26 -0.4 0.001
55 0.26 -0.4 0.072
56 0.26 -0.4 0.2335
57 0.26 -0.35 0.351416666667
58 0.26 -0.3 0.478916666667
59 0.26 -0.2 0.506
60 0.26 -0.2 0.526916666667
61 0.26 -0.2 0.55125
62 0.26 -0.15 0.470416666667
63 0.26 -0.1 0.394333333333
64 0.26 -0.1 0.341833333333
65 0.26 -0.1 0.29025
66 0.26 -0.05 0.254083333333
67 0.26 -2.77555756156e-17 0.229416666667
68 0.26 0.05 0.221
69 0.26 0.1 0.23025
70 0.26 0.1 0.265333333333
71 0.26 0.1 0.299583333333
72 0.26 0.1 0.256916666667
73 0.26 0.1 0.179916666667
74 0.26 0.1 0.09425
75 0.26 0.15 0.01425
76 0.26 0.2 0.000333333333333
77 0.26 0.2 0.0
78 0.26 0.2 0.0
79 0.26 0.2 0.0
80 0.26 0.2 0.0
81 0.26 0.2 0.0
82 0.26 0.2 0.0
83 0.26 0.2 0.0
84 0.26 0.2 0.0
85 0.26 0.15 0.0
86 0.26 0.1 0.0
87 0.26 0.1 0.0
88 0.26 0.1 0.0
89 0.26 0.1 0.0
90 0.26 0.1 0.0
91 0.26 0.1 0.0
92 0.26 0.1 0.0
93 0.26 0.1 0.0
94 0.26 0.1 0.0
95 0.26 0.1 0.0
96 0.26 0.1 0.0
97 0.26 0.1 0.0
98 0.26 0.1 0.0
99 0.26 0.1 0.0
100 0.26 0.1 0.0
101 0.26 0.1 0.0
102 0.26 0.05 0.0
103 0.26 -2.77555756156e-17 0.0
104 0.26 -2.77555756156e-17 0.0
105 0.26 -2.77555756156e-17 0.0
106 0.26 -2.77555756156e-17 0.0
107 0.26 -2.77555756156e-17 0.0
108 0.26 -2.77555756156e-17 0.0
109 0.26 -2.77555756156e-17 0.0
110 0.26 -2.77555756156e-17 0.0
111 0.26 -2.77555756156e-17 0.0
112 0.26 -0.1 0.0
113 0.26 -0.1 0.0
114 0.26 -0.2 0.0
115 0.26 -0.2 0.0
116 0.26 -0.2 0.0
117 0.26 -0.2 0.0
118 0.26 -0.2 0.0
119 0.26 -0.2 0.0
120 0.26 -0.3 0.0
121 0.26 -0.3 0.0
122 0.26 -0.45 0.0
123 0.26 -0.5 0.0
124 0.26 -0.5 0.0
125 0.26 -0.5 0.0
126 0.26 -0.5 0.0
127 0.26 -0.5 0.0
128 0.26 -0.5 0.0
129 0.26 -0.5 0.0
130 0.0 0.0 0.0
131 0.0 0.0 0.0
132 0.0 0.0 0.0
133 0.0 -0.05 0.0
134 0.0 -0.1 0.0
135 0.0 -0.1 0.0
136 0.0 -0.2 0.0
137 0.0 -0.6 0.0
138 0.0 -0.8 0.0
139 0.0 -0.9 0.0
140 0.0 0.0 0.201833333333
141 0.005 0.0 0.23175
142 0.01 0.0 0.23175
143 0.01 0.0 0.231666666667
144 0.035 0.0 0.231666666667
145 0.07 0.0 0.227166666667
146 0.11 0.0 0.227166666667
147 0.14 0.0 0.222583333333
148 0.165 0.0 0.213416666667
149 0.2 0.0 0.20875
150 0.23 0.0 0.199416666667
151 0.25 0.0 0.179083333333
152 0.26 0.0 0.165583333333
153 0.26 0.0 0.151
154 0.26 0.0 0.136583333333
155 0.26 0.0 0.126333333333
156 0.26 0.0 0.129583333333
157 0.26 0.0 0.134666666667
158 0.26 0.0 0.1335
159 0.26 0.0 0.131916666667
160 0.26 0.0 0.13075
161 0.26 0.0 0.129666666667
162 0.26 0.0 0.128583333333
163 0.26 0.0 0.12725
164 0.26 0.0 0.130416666667
165 0.26 0.0 0.129
166 0.26 0.0 0.1225
167 0.26 0.0 0.11375
168 0.26 0.0 0.106
169 0.26 0.0 0.096
170 0.26 0.0 0.08925
171 0.26 0.0 0.079
172 0.26 0.0 0.0734166666667
173 0.26 0.0 0.0585833333333
174 0.26 0.0 0.0469166666667
175 0.26 0.0 0.0363333333333
176 0.26 0.0 0.0338333333333
177 0.26 0.0 0.0256666666667
178 0.26 0.0 0.00983333333333
179 0.26 0.0 0.00558333333333
180 0.26 0.0 0.00166666666667
181 0.26 0.0 0.0
182 0.26 0.0 0.0
183 0.26 0.0 0.0
184 0.26 0.0 0.0
185 0.26 0.0 0.0
186 0.26 -0.1 0.0
187 0.26 -0.1 0.0
188 0.26 -0.2 0.0
189 0.26 -0.5 0.0
190 0.26 -0.6 0.0
191 0.26 -0.7 0.0
192 0.0 0.0 0.0
193 0.0 0.0 0.0
194 0.0 0.0 0.0
195 0.0 0.0 0.0
196 0.0 0.0 0.0
197 0.01 0.0 0.0
198 0.01 0.0 0.0
199 0.015 0.0 0.0
200 0.045 0.0 0.0
201 0.075 0.0 0.0
202 0.11 0.0 0.0
203 0.15 0.0 0.0
204 0.185 0.0 0.0
205 0.215 0.0 0.0
206 0.26 0.0 0.0
207 0.26 0.0 0.0
208 0.26 0.0 0.0
209 0.26 0.0 0.0
210 0.26 0.0 0.0
211 0.26 0.0 0.0
212 0.26 0.0 0.0
213 0.26 0.0 0.0
214 0.26 0.0 0.0
215 0.26 0.0 0.0
216 0.26 -0.05 0.0
217 0.26 -0.1 0.0
218 0.26 -0.1 0.0
219 0.26 -0.1 0.0
220 0.26 -0.1 0.0
221 0.26 -0.2 0.0
222 0.26 -0.2 0.0
223 0.26 -0.2 0.0
224 0.26 -0.2 0.0
225 0.26 -0.2 0.0
226 0.26 -0.2 0.0
227 0.26 -0.2 0.0
228 0.26 -0.2 0.0
229 0.26 -0.2 0.0
230 0.26 -0.2 0.0
231 0.26 -0.2 0.0
232 0.26 -0.2 0.0
233 0.26 -0.2 0.0
234 0.26 -0.2 0.0
235 0.26 -0.2 0.0
236 0.26 -0.2 0.0
237 0.26 -0.2 0.0
238 0.26 -0.2 0.0
239 0.26 -0.2 0.0
240 0.26 -0.2 0.0
241 0.26 -0.2 0.0
242 0.26 -0.2 0.0
243 0.26 -0.2 0.0
244 0.26 -0.2 0.04375
245 0.26 -0.2 0.1
246 0.26 -0.15 0.15625
247 0.26 -0.1 0.20525
248 0.26 -0.05 0.23125
249 0.26 0.0 0.25
250 0.26 0.0 0.24375
251 0.26 0.0 0.2375
252 0.26 0.0 0.225
253 0.26 0.0 0.21875
254 0.26 0.0 0.2125
255 0.26 0.0 0.20625
256 0.26 -0.05 0.19375
257 0.26 -0.1 0.2
258 0.26 -0.1 0.213333333333
259 0.26 -0.1 0.2115
260 0.26 -0.15 0.213416666667
261 0.26 -0.2 0.209833333333
262 0.26 -0.2 0.2085
263 0.26 -0.15 0.24725
264 0.26 -0.1 0.308666666667
265 0.26 0.0 0.326333333333
266 0.26 0.0 0.330833333333
267 0.26 0.0 0.3175
268 0.26 0.0 0.304
269 0.26 0.0 0.2965
270 0.26 0.0 0.28225
271 0.26 0.0 0.268416666667
272 0.26 0.0 0.266833333333
273 0.26 0.0 0.253666666667
274 0.26 0.0 0.246916666667
275 0.26 0.0 0.234583333333
276 0.26 0.0 0.22775
277 0.26 0.0 0.220833333333
278 0.26 0.0 0.220416666667
279 0.26 0.0 0.208083333333
280 0.26 0.0 0.20125
281 0.26 0.0 0.200833333333
282 0.26 0.0 0.1885
283 0.26 0.0 0.181916666667
284 0.26 0.0 0.178666666667
285 0.26 0.0 0.168916666667
286 0.26 0.0 0.156416666667
287 0.26 0.0 0.156333333333
288 0.26 0.0 0.15
289 0.26 0.0 0.1375
290 0.26 0.0 0.1375
291 0.26 0.0 0.125
292 0.26 0.0 0.117916666667
