0 0.26 0.0 0.0641666666667
1 0.26 0.0 0.05625
2 0.26 0.0 0.05
3 0.26 0.0 0.04375
4 0.26 0.0 0.03125
5 0.26 0.0 0.01875
6 0.26 -0.05 0.00625
7 0.26 -0.1 0.0
8 0.26 -0.1 0.0
9 0.26 -0.15 0.0
10 0.26 -0.25 0.0
11 0.26 -0.3 0.0
12 0.26 -0.4 0.0
13 0.26 -0.45 0.05
14 0.26 -0.5 0.16875
15 0.26 -0.5 0.30625
16 0.26 -0.5 0.45
17 0.26 -0.5 0.549666666667
18 0.26 -0.5 0.55625
19 0.26 -0.5 0.41875
20 0.26 -0.5 0.28125
21 0.26 -0.5 0.1375
22 0.26 -0.5 0.0
23 0.26 -0.5 0.0
24 0.26 -0.5 0.0
25 0.26 -0.5 0.0
26 0.0 0.0 0.0
27 0.0 0.0 0.0
28 0.0 0.0 0.0
29 0.0 0.0 0.0
30 0.0 0.0 0.0
31 0.0 0.0 0.0
32 0.0 -0.1 0.0
33 0.0 -0.1 0.0
34 0.0 -0.1 0.0
35 0.0 -0.4 0.0
36 0.0 -0.55 0.0
37 0.0 -0.65 0.0
38 0.0 0.0 0.0
39 0.0 0.0 0.0
40 0.0 0.0 0.0
41 0.01 0.0 0.0
42 0.01 0.0 0.0
43 0.01 0.0 0.0
44 0.03 0.0 0.0
45 0.055 0.0 0.0
46 0.08 0.0 0.0
47 0.105 0.0 0.0
48 0.13 0.0 0.0
49 0.155 0.0 0.0
50 0.185 0.0 0.0
51 0.21 0.0 0.0
52 0.235 0.0 0.0
53 0.26 0.0 0.0
54 0.26 0.0 0.0
55 0.26 0.0 0.0
56 0.26 0.0 0.0
57 0.26 0.0 0.0
58 0.26 0.0 0.0
59 0.26 0.0 0.0
60 0.26 0.0 0.0
61 0.26 0.0 0.0
62 0.26 0.0 0.0
63 0.26 0.0 0.0
64 0.26 0.0 0.0
65 0.26 0.0 0.0
66 0.26 0.0 0.0
67 0.26 0.0 0.0
68 0.26 0.0 0.0
69 0.26 0.0 0.0
70 0.26 0.0 0.0
71 0.26 0.0 0.0
72 0.26 0.0 0.0
73 0.26 0.0 0.0
74 0.26 0.0 0.0
75 0.26 0.0 0.0
76 0.26 0.1 0.0
77 0.26 0.1 0.0
78 0.26 0.15 0.0
79 0.26 0.2 0.0
80 0.26 0.2 0.0
81 0.26 0.2 0.0
82 0.26 0.2 0.0
83 0.26 0.2 0.0
84 0.26 0.2 0.0
85 0.26 0.2 0.0
86 0.26 0.2 0.0
87 0.26 0.2 0.0
88 0.26 0.2 0.0
89 0.26 0.2 0.0
90 0.26 0.2 0.0
91 0.26 0.2 0.0
92 0.26 0.2 0.0
93 0.26 0.2 0.0
94 0.26 0.2 0.0
95 0.26 0.2 0.0
96 0.26 0.2 0.0
97 0.26 0.3 0.0
98 0.26 0.3 0.0
99 0.26 0.3 0.0
100 0.26 0.3 0.0
101 0.26 0.3 0.0
102 0.26 0.3 0.0
103 0.26 0.35 0.0
104 0.26 0.4 0.0
105 0.26 0.4 0.0
106 0.26 0.4 0.0
107 0.0 0.0 0.02925
108 0.0 0.0 0.14375
109 0.0 0.0 0.26875
110 0.0 -0.1 0.29375
111 0.0 -0.1 0.28125
112 0.0 -0.1 0.2625
113 0.0 -0.3 0.25
114 0.0 -0.55 0.20625
115 0.0 -0.8 0.23125
116 0.0 -0.95 0.275
117 0.0 -1.05 0.3125
118 0.0 -1.15 0.0875
119 0.0 -1.2 0.0
120 0.0 0.0 0.0
121 0.0 0.0 0.0
122 0.005 0.0 0.0
123 0.01 0.0 0.0
124 0.01 0.0 0.0
125 0.015 0.0 0.0
126 0.04 0.0 0.0
127 0.065 0.0 0.0
128 0.09 0.0 0.0
129 0.1 0.0 0.0
130 0.11 0.0 0.0
131 0.12 0.05 0.0
132 0.125 0.1 0.0
133 0.135 0.1 0.0
134 0.145 0.15 0.0
135 0.15 0.2 0.0
136 0.16 0.2 0.0
137 0.17 0.3 0.0
138 0.175 0.3 0.0
139 0.18 0.35 0.0
140 0.18 0.4 0.0
141 0.18 0.4 0.0
142 0.18 0.5 0.0
143 0.18 0.5 0.0
144 0.18 0.5 0.13125
145 0.0 0.0 0.275
146 0.0 0.0 0.44375
147 0.0 0.0 0.58125
148 0.0 0.0 0.65625
149 0.01 0.0 0.61875
150 0.01 0.0 0.60625
151 0.01 0.0 0.607166666667
152 0.03 0.0 0.6125
153 0.045 0.0 0.6125
154 0.06 -0.1 0.6125
155 0.07 -0.1 0.6125
156 0.08 -0.1 0.64375
157 0.09 -0.15 0.675
158 0.095 -0.2 0.6875
159 0.1 -0.2 0.64375
160 0.1 -0.2 0.59375
161 0.11 -0.2 0.54375
162 0.135 -0.2 0.4875
163 0.165 -0.2 0.43125
164 0.19 -0.2 0.35
165 0.205 -0.15 0.2875
166 0.215 -0.1 0.2625
167 0.225 0.0 0.23125
168 0.235 0.0 0.221916666667
169 0.245 0.0 0.2125
170 0.255 0.0 0.2125
171 0.26 0.0 0.20625
172 0.26 0.0 0.2
173 0.26 0.0 0.19375
174 0.26 0.05 0.19375
175 0.26 0.15 0.20625
176 0.26 0.2 0.2375
177 0.26 0.2 0.2875
178 0.26 0.2 0.3375
179 0.26 0.2 0.3875
180 0.26 0.2 0.4375
181 0.26 0.15 0.49375
182 0.26 0.1 0.5375
183 0.26 0.1 0.5625
184 0.26 0.1 0.5875
