0 0.26 0.0 0.0253333333333
1 0.26 0.0 0.0253333333333
2 0.26 0.0 0.0
3 0.26 0.0 0.0
4 0.26 0.0 0.0
5 0.26 0.0 0.0
6 0.26 0.0 0.0
7 0.26 0.0 0.0
8 0.26 0.0 0.0
9 0.26 0.0 0.0
10 0.26 0.0 0.0
11 0.26 0.0 0.0
12 0.26 0.0 0.0
13 0.26 0.0 0.0
14 0.26 0.0 0.0
15 0.26 0.0 0.0
16 0.26 0.0 0.0
17 0.26 0.0 0.0
18 0.26 0.0 0.0
19 0.26 0.0 0.0
20 0.26 0.0 0.0
21 0.26 0.0 0.0
22 0.26 0.0 0.0
23 0.26 0.0 0.0
24 0.26 0.0 0.0
25 0.26 0.0 0.0
26 0.26 0.0 0.0
27 0.26 0.0 0.0
28 0.26 0.0 0.0
29 0.26 0.0 0.0
30 0.26 0.0 0.0
31 0.26 0.0 0.0
32 0.26 0.0 0.0
33 0.26 0.0 0.0
34 0.26 -0.05 0.0
35 0.26 -0.1 0.0
36 0.26 -0.1 0.0
37 0.26 -0.15 0.0
38 0.26 -0.2 0.0
39 0.26 -0.25 0.0
40 0.26 -0.3 0.0
41 0.26 -0.35 0.0
42 0.26 -0.4 0.0
43 0.26 -0.4 0.0
44 0.26 -0.45 0.0
45 0.26 -0.5 0.0
46 0.26 -0.55 0.0
47 0.26 -0.6 0.0
48 0.26 -0.6 0.0
49 0.26 -0.6 0.00625
50 0.26 -0.6 0.00983333333333
51 0.26 -0.6 0.0125
52 0.26 -0.6 0.0125
53 0.26 -0.6 0.0
54 0.26 -0.6 0.0
55 0.26 -0.6 0.0
56 0.26 -0.6 0.0
57 0.0 0.0 0.0
58 0.0 0.0 0.0
59 0.0 0.0 0.0
60 0.0 0.0 0.0
61 0.0 0.0 0.0
62 0.005 0.0 0.0
63 0.01 0.0 0.0
64 0.01 0.0 0.0
65 0.01 0.0 0.0
66 0.01 0.0 0.0
67 0.015 0.0 0.0
68 0.03 0.0 0.0
69 0.05 0.0 0.0
70 0.065 0.0 0.0
71 0.08 0.0 0.0
72 0.095 0.0 0.0
73 0.115 0.0 0.0
74 0.13 0.0 0.0
75 0.135 0.0 0.0
76 0.145 0.05 0.0
77 0.15 0.1 0.0
78 0.155 0.1 0.0
79 0.16 0.1 0.0
80 0.165 0.1 0.0
81 0.18 0.25 0.0
82 0.195 0.4 0.0
83 0.21 0.55 0.0
84 0.225 0.7 0.0
85 0.23 0.75 0.0
86 0.235 0.8 0.0
87 0.24 0.85 0.0
88 0.245 0.9 0.0
89 0.25 0.95 0.0
90 0.255 1.0 0.0
91 0.26 1.05 0.0
92 0.26 1.1 0.0
93 0.26 1.15 0.0
94 0.26 1.2 0.0
95 0.26 1.25 0.0
96 0.0 0.0 0.0
97 0.0 0.0 0.0
98 0.0 0.0 0.075
99 0.0 0.0 0.19375
100 0.0 0.0 0.2625
101 0.0 0.0 0.28125
102 0.0 0.0 0.24375
103 0.0 0.0 0.18125
104 0.0 0.0 0.1
105 0.005 0.0 0.05
106 0.01 0.0 0.00625
107 0.01 0.0 0.0
108 0.01 0.0 0.0
109 0.01 0.0 0.0
110 0.01 0.05 0.0
111 0.01 0.1 0.0
112 0.01 0.1 0.0
113 0.01 0.1 0.0
114 0.01 0.1 0.0
115 0.01 0.2 0.0
116 0.01 0.35 0.00625
117 0.01 0.55 0.0375
118 0.01 0.7 0.0875
119 0.01 0.8 0.13125
120 0.01 0.85 0.24375
121 0.01 0.9 0.383166666667
122 0.01 0.95 0.56325
123 0.0 0.0 0.7125
124 0.0 0.0 0.75
125 0.0 0.0 0.75
126 0.005 0.0 0.75
127 0.01 0.0 0.75
128 0.01 0.0 0.75
129 0.01 0.0 0.75
130 0.01 0.0 0.75
131 0.01 0.0 0.75
132 0.025 0.0 0.75
133 0.045 0.0 0.75
134 0.06 0.0 0.75
135 0.08 0.0 0.75
136 0.095 0.0 0.75
137 0.11 0.0 0.75
138 0.13 0.0 0.75
139 0.145 0.0 0.75
140 0.165 0.0 0.75
141 0.18 0.0 0.75
142 0.195 0.0 0.75
143 0.215 0.0 0.75
144 0.23 0.0 0.75
145 0.245 0.0 0.75
146 0.26 0.0 0.75
147 0.26 0.0 0.75
148 0.26 0.0 0.75
149 0.26 0.0 0.75
150 0.26 0.0 0.75
