0 0.26 0.0 0.0
1 0.26 0.0 0.0
2 0.26 0.0 0.0
3 0.26 0.0 0.0
4 0.26 0.0 0.0
5 0.26 0.0 0.0
6 0.26 0.1 0.0
7 0.26 0.1 0.0
8 0.26 0.2 0.0
9 0.26 0.3 0.0
10 0.26 0.35 0.0
11 0.26 0.4 0.0
12 0.26 0.5 0.0
13 0.26 0.5 0.1625
14 0.26 0.5 0.2875
15 0.26 0.5 0.43125
16 0.26 0.5 0.59375
17 0.26 0.5 0.625
18 0.26 0.5 0.4875
19 0.0 0.0 0.30625
20 0.0 0.0 0.0
21 0.005 0.0 0.0
22 0.01 0.0 0.0
23 0.01 0.0 0.0
24 0.015 0.0 0.0
25 0.02 0.0 0.0
26 0.03 0.0 0.0
27 0.05 0.0 0.0
28 0.065 -0.1 0.0
29 0.075 -0.15 0.0
30 0.08 -0.2 0.0
31 0.08 -0.3 0.0
32 0.085 -0.3 0.0
33 0.09 -0.3 0.0
34 0.09 -0.3 0.0
35 0.13 -0.3 0.0
36 0.16 -0.3 0.0
37 0.19 -0.3 0.0
38 0.225 -0.3 0.0
39 0.24 -0.3 0.0
40 0.25 -0.3 0.0
41 0.26 -0.3 0.0
42 0.26 -0.3 0.0
43 0.26 -0.3 0.0
44 0.26 -0.3 0.0
45 0.26 -0.3 0.0
46 0.26 -0.25 0.0
47 0.26 -0.2 0.075
48 0.26 -0.15 0.09025
49 0.26 -0.1 0.0779166666667
50 0.26 -0.1 0.0685833333333
51 0.26 -0.05 0.0620833333333
52 0.26 -2.77555756156e-17 0.0489166666667
53 0.26 -2.77555756156e-17 0.028
54 0.26 -2.77555756156e-17 0.0144166666667
55 0.26 -2.77555756156e-17 0.00766666666667
56 0.26 -2.77555756156e-17 0.000833333333333
57 0.26 -2.77555756156e-17 0.000333333333333
58 0.26 -2.77555756156e-17 0.0
59 0.26 -2.77555756156e-17 0.0
60 0.26 -2.77555756156e-17 0.0
61 0.26 -2.77555756156e-17 0.0
62 0.26 -2.77555756156e-17 0.0
63 0.26 -2.77555756156e-17 0.0
64 0.26 -2.77555756156e-17 0.0
65 0.26 -2.77555756156e-17 0.0
66 0.26 -2.77555756156e-17 0.0
67 0.26 -2.77555756156e-17 0.0
68 0.26 -2.77555756156e-17 0.0
69 0.26 -2.77555756156e-17 0.0
70 0.26 -2.77555756156e-17 0.0
71 0.26 -2.77555756156e-17 0.0
72 0.26 -2.77555756156e-17 0.0
73 0.26 -2.77555756156e-17 0.0
74 0.26 -2.77555756156e-17 0.0
75 0.26 -2.77555756156e-17 0.0
76 0.26 -2.77555756156e-17 0.0
77 0.26 -2.77555756156e-17 0.0
78 0.26 -2.77555756156e-17 0.0
79 0.26 -2.77555756156e-17 0.0
80 0.26 -2.77555756156e-17 0.0
81 0.26 -2.77555756156e-17 0.0
82 0.26 -2.77555756156e-17 0.0
83 0.26 -2.77555756156e-17 0.0
84 0.26 -2.77555756156e-17 0.0
85 0.26 -2.77555756156e-17 0.0
86 0.26 -2.77555756156e-17 0.0
87 0.26 -2.77555756156e-17 0.0
88 0.26 -2.77555756156e-17 0.0
89 0.26 -2.77555756156e-17 0.0
90 0.26 -2.77555756156e-17 0.0
91 0.26 -2.77555756156e-17 0.0
92 0.26 -2.77555756156e-17 0.0
93 0.26 -2.77555756156e-17 0.0
94 0.26 -2.77555756156e-17 0.0
95 0.26 -2.77555756156e-17 0.0
96 0.26 -2.77555756156e-17 0.0
97 0.26 -2.77555756156e-17 0.0
98 0.26 -2.77555756156e-17 0.0
99 0.26 -0.1 0.0
100 0.26 -0.1 0.0
101 0.26 -0.1 0.0
102 0.26 -0.1 0.0
103 0.26 -0.1 0.0
104 0.26 -0.1 0.0
105 0.26 -0.1 0.0
106 0.26 -0.1 0.0
107 0.26 -0.1 0.0
108 0.26 -0.15 0.0
109 0.26 -0.2 0.0
110 0.26 -0.2 0.0
111 0.26 -0.2 0.0
112 0.26 -0.3 0.0
113 0.26 -0.3 0.0
114 0.26 -0.3 0.0
115 0.26 -0.3 0.0
116 0.26 -0.3 0.0
117 0.26 -0.3 0.0
118 0.26 -0.3 0.0
119 0.26 -0.3 0.0
120 0.26 -0.3 0.0
121 0.26 -0.35 0.0
122 0.26 -0.4 0.0
123 0.26 -0.4 0.0
124 0.26 -0.4 0.0
125 0.26 -0.4 0.0
126 0.26 -0.4 0.0
127 0.26 -0.4 0.0
128 0.26 -0.4 0.0
129 0.26 -0.4 0.0
130 0.26 -0.4 0.0
131 0.26 -0.4 0.0
132 0.26 -0.4 0.0
133 0.26 -0.4 0.075
134 0.26 -0.4 0.26875
135 0.26 -0.4 0.322833333333
136 0.26 -0.4 0.353
137 0.26 -0.3 0.446416666667
138 0.26 -0.2 0.455833333333
139 0.26 -0.2 0.406833333333
140 0.26 -0.1 0.41625
141 0.26 -0.1 0.439416666667
142 0.26 -2.77555756156e-17 0.4555
143 0.26 -2.77555756156e-17 0.456916666667
144 0.26 -2.77555756156e-17 0.4535
145 0.26 -2.77555756156e-17 0.454916666667
146 0.26 -2.77555756156e-17 0.451916666667
147 0.26 -2.77555756156e-17 0.447666666667
148 0.26 -2.77555756156e-17 0.445
149 0.26 -2.77555756156e-17 0.441166666667
150 0.26 -0.05 0.441583333333
151 0.26 -0.1 0.444333333333
152 0.26 -0.15 0.468
153 0.26 -0.2 0.509083333333
154 0.26 -0.2 0.559416666667
155 0.26 -0.2 0.634
156 0.26 -0.2 0.00733333333333
157 0.26 -0.2 0.0
158 0.26 -0.2 0.0
159 0.26 -0.2 0.0
160 0.26 -0.2 0.0
161 0.26 -0.2 0.0284166666667
162 0.26 -0.2 0.0158333333333
163 0.26 -0.2 0.0
164 0.26 -0.1 0.0
165 0.0 0.0 0.0
166 0.0 0.0 0.0
167 0.01 0.0 0.0
168 0.01 0.0 0.0
169 0.02 0.0 0.0
170 0.045 0.0 0.000916666666667
171 0.08 0.0 0.00191666666667
172 0.115 0.0 0.0015
173 0.14 0.0 0.001
174 0.17 0.0 0.000416666666667
175 0.205 0.0 0.000166666666667
176 0.23 0.0 0.0
177 0.26 0.0 0.0
178 0.26 0.0 0.0
179 0.26 -0.05 0.0
180 0.26 -0.1 0.0
181 0.26 -0.1 0.0
182 0.26 -0.1 0.0
183 0.26 -0.1 0.0
184 0.26 -0.1 0.0
185 0.26 -0.1 0.0
186 0.26 -0.1 0.0
187 0.26 -0.1 0.0
188 0.26 -0.2 0.0
189 0.26 -0.2 0.0
190 0.26 -0.2 0.0
191 0.26 -0.2 0.0
192 0.26 -0.2 0.0
193 0.26 -0.2 0.0
194 0.26 -0.2 0.0
195 0.26 -0.2 0.0
196 0.26 -0.2 0.0
197 0.26 -0.2 0.0
198 0.26 -0.2 0.0
199 0.26 -0.2 0.0
200 0.26 -0.2 0.0
201 0.26 -0.2 0.0
202 0.26 -0.2 0.0
203 0.26 -0.2 0.0
204 0.26 -0.2 0.0
205 0.26 -0.1 0.0
206 0.26 -0.1 0.0
207 0.26 -0.1 0.0
208 0.26 -0.1 0.0
209 0.26 -0.1 0.0
210 0.26 -0.1 0.0
211 0.26 -0.1 0.0
212 0.26 -0.15 0.0
213 0.26 -0.2 0.0
214 0.26 -0.2 0.0
215 0.26 -0.2 0.0
216 0.26 -0.2 0.0
217 0.26 -0.2 0.0
218 0.26 -0.2 0.0
219 0.26 -0.2 0.0
220 0.26 -0.2 0.0
221 0.26 -0.2 0.0
222 0.26 -0.2 0.0
223 0.26 -0.2 0.0
224 0.26 -0.2 0.03175
225 0.26 -0.2 0.08125
226 0.26 -0.2 0.13125
227 0.26 -0.2 0.18375
228 0.26 -0.2 0.18075
229 0.26 -0.2 0.176916666667
230 0.26 -0.2 0.173833333333
231 0.26 -0.2 0.22475
232 0.26 -0.2 0.26725
233 0.26 -0.2 0.327416666667
234 0.26 -0.2 0.375916666667
235 0.26 -0.2 0.418333333333
236 0.26 -0.2 0.479916666667
237 0.0 0.0 0.504583333333
238 0.0 0.0 0.497833333333
239 0.005 0.0 0.460083333333
240 0.01 0.0 0.247666666667
241 0.01 0.0 0.1015
242 0.04 0.0 0.09375
243 0.065 0.0 0.09375
244 0.095 0.0 0.09375
245 0.13 0.0 0.09375
246 0.155 0.0 0.0875
247 0.165 0.0 0.0875
248 0.175 -0.1 0.08125
249 0.19 -0.2 0.075
250 0.2 -0.2 0.0746666666667
251 0.21 -0.2 0.0626666666667
252 0.22 -0.2 0.100833333333
253 0.23 -0.2 0.150833333333
254 0.24 -0.2 0.206833333333
255 0.25 -0.2 0.24425
256 0.0 0.0 0.294083333333
257 0.0 0.0 0.356333333333
258 0.0 0.0 0.412583333333
259 0.01 0.0 0.48125
260 0.01 0.0 0.60625
261 0.03 0.0 0.654166666667
262 0.06 0.0 0.657583333333
263 0.09 0.0 0.661083333333
264 0.12 0.0 0.662166666667
265 0.15 0.0 0.66225
266 0.18 0.0 0.668333333333
267 0.22 0.0 0.673333333333
268 0.255 0.0 0.30025
269 0.26 0.0 0.0
270 0.26 0.0 0.0
271 0.26 0.0 0.0
272 0.26 0.0 0.0
273 0.26 0.0 0.0
274 0.26 0.0 0.0
275 0.26 0.0 0.0
276 0.26 0.0 0.0
277 0.26 0.0 0.0
278 0.26 0.0 0.0
279 0.26 0.0 0.0
280 0.26 0.0 0.0
281 0.26 0.0 0.0
282 0.26 0.0 0.0
283 0.26 0.0 0.0
284 0.26 0.0 0.0
285 0.26 0.0 0.0
286 0.26 0.0 0.0
287 0.26 0.0 0.0
288 0.26 0.0 0.0
289 0.26 0.0 0.0
290 0.26 0.0 0.0
291 0.26 0.0 0.0
292 0.26 0.0 0.0
293 0.26 0.0 0.0
294 0.26 0.0 0.0
295 0.26 0.0 0.0
296 0.26 0.0 0.0
297 0.26 0.0 0.0
