0 0.26 0.0 0.0
1 0.26 0.0 0.0
2 0.26 0.0 0.0
3 0.26 0.1 0.0
4 0.26 0.1 0.0
5 0.26 0.2 0.0
6 0.26 0.2 0.0
7 0.26 0.25 0.0
8 0.26 0.3 0.0
9 0.26 0.4 0.0
10 0.26 0.4 0.09375
11 0.26 0.4 0.21875
12 0.26 0.4 0.34375
13 0.26 0.4 0.475
14 0.26 0.4 0.5875
15 0.26 0.4 0.646833333333
16 0.26 0.4 0.625
17 0.26 0.4 0.4875
18 0.26 0.4 0.36875
19 0.26 0.4 0.23125
20 0.0 0.0 0.0375
21 0.0 0.0 0.0
22 0.01 0.0 0.0
23 0.01 0.0 0.0
24 0.02 0.0 0.0
25 0.055 0.0 0.0
26 0.095 0.0 0.0
27 0.13 0.0 0.0
28 0.165 0.0 0.0
29 0.195 0.0 0.0
30 0.21 0.0 0.0
31 0.22 0.0 0.0
32 0.235 0.0 0.0
33 0.24 0.0 0.0
34 0.25 0.0 0.0
35 0.26 0.0 0.0
36 0.26 0.0 0.0
37 0.26 0.0 0.0
38 0.26 0.0 0.0
39 0.26 0.0 0.0
40 0.26 0.0 0.0
41 0.26 0.0 0.0
42 0.26 0.0 0.0
43 0.26 0.0 0.0
44 0.26 0.0 0.0
45 0.26 0.0 0.0
46 0.26 0.0 0.0
47 0.26 0.0 0.0
48 0.26 0.0 0.0
49 0.26 0.0 0.0
50 0.26 0.0 0.0
51 0.26 0.0 0.0
52 0.26 0.0 0.0
53 0.26 0.0 0.0
54 0.26 0.0 0.0
55 0.26 0.0 0.0
56 0.26 0.0 0.0
57 0.26 0.0 0.0
58 0.26 0.0 0.0
59 0.26 0.0 0.0
60 0.26 0.0 0.0
61 0.26 0.0 0.0
62 0.26 0.0 0.0
63 0.26 0.0 0.0
64 0.26 0.0 0.0
65 0.26 0.0 0.0
66 0.26 -0.1 0.0
67 0.26 -0.1 0.0
68 0.26 -0.1 0.0
69 0.26 -0.1 0.0
70 0.26 -0.1 0.0
71 0.26 -0.1 0.0
72 0.26 -0.1 0.0
73 0.26 -0.1 0.0
74 0.26 -0.1 0.0
75 0.26 -0.1 0.0
76 0.26 -0.1 0.0
77 0.26 -0.1 0.0
78 0.26 -0.1 0.0
79 0.26 -0.1 0.0
80 0.26 -0.1 0.0
81 0.26 -0.1 0.0
82 0.26 -0.1 0.0
83 0.26 -0.1 0.0
84 0.26 -0.1 0.0
85 0.26 -0.1 0.0
86 0.26 -0.1 0.0
87 0.26 -0.1 0.0
88 0.26 -0.1 0.0
89 0.26 -0.1 0.0
90 0.26 -0.1 0.0
91 0.26 -0.1 0.0
92 0.26 -0.15 0.0
93 0.26 -0.2 0.0
94 0.26 -0.2 0.0
95 0.26 -0.2 0.0
96 0.26 -0.2 0.0
97 0.26 -0.2 0.0
98 0.26 -0.2 0.0
99 0.26 -0.2 0.0
100 0.26 -0.2 0.0
101 0.26 -0.2 0.0
102 0.26 -0.2 0.0
103 0.26 -0.2 0.0
104 0.26 -0.2 0.0
105 0.26 -0.2 0.0
106 0.26 -0.2 0.0
107 0.26 -0.2 0.0
108 0.26 -0.2 0.0
109 0.26 -0.2 0.0
110 0.26 -0.2 0.0
111 0.26 -0.2 0.0
112 0.26 -0.2 0.0
113 0.26 -0.2 0.0
114 0.26 -0.2 0.0
115 0.26 -0.2 0.0
116 0.26 -0.2 0.0
117 0.26 -0.2 0.0
118 0.26 -0.2 0.0
119 0.26 -0.2 0.0
120 0.26 -0.1 0.0
121 0.26 -0.1 0.0
122 0.26 -0.1 0.0
123 0.26 -0.1 0.0
124 0.26 -0.1 0.0
125 0.26 -0.1 0.0
126 0.26 -0.1 0.0
127 0.26 -0.1 0.0
128 0.26 -0.1 0.0
129 0.26 -0.1 0.0
130 0.26 -0.1 0.0
131 0.26 -0.2 0.0
132 0.26 -0.2 0.0
133 0.26 -0.2 0.0
134 0.26 -0.2 0.0
135 0.26 -0.25 0.0
136 0.26 -0.3 0.0
137 0.26 -0.3 0.06875
138 0.26 -0.3 0.18125
139 0.26 -0.3 0.235
140 0.26 -0.3 0.256583333333
141 0.26 -0.3 0.273833333333
142 0.26 -0.3 0.27875
143 0.26 -0.3 0.279
144 0.26 -0.3 0.354833333333
145 0.26 -0.3 0.359083333333
146 0.26 -0.3 0.38925
147 0.26 -0.3 0.462
148 0.0 0.0 0.541
149 0.0 0.0 0.560833333333
150 0.005 0.0 0.445
151 0.01 0.0 0.31225
152 0.01 0.0 0.182333333333
153 0.04 -0.05 0.159666666667
154 0.05 -0.1 0.144166666667
155 0.06 -0.1 0.147416666667
156 0.06 -0.5 0.147166666667
157 0.06 -0.75 0.164916666667
158 0.06 -0.85 0.293333333333
159 0.0 0.0 0.576333333333
160 0.005 0.0 0.633333333333
161 0.01 0.0 0.637833333333
162 0.01 0.0 0.638583333333
163 0.035 0.0 0.638833333333
164 0.065 0.0 0.65525
165 0.095 0.0 0.6605
166 0.125 0.0 0.649333333333
167 0.16 0.0 0.649333333333
168 0.19 0.0 0.648583333333
169 0.215 0.0 0.653666666667
170 0.225 0.0 0.6585
171 0.24 0.0 0.662916666667
172 0.25 0.0 0.535916666667
173 0.255 0.0 0.11275
174 0.26 0.0 0.0
175 0.26 0.0 0.0
176 0.26 0.0 0.0
177 0.26 0.0 0.0
178 0.26 0.0 0.0
179 0.26 0.0 0.0
180 0.26 0.0 0.0
181 0.26 0.0 0.0
182 0.26 0.0 0.0
183 0.26 0.0 0.0
184 0.26 0.0 0.0
185 0.26 0.0 0.0
186 0.26 0.0 0.0
187 0.26 0.0 0.0
188 0.26 0.0 0.0
189 0.26 0.0 0.0
190 0.26 0.0 0.0
191 0.26 0.0 0.0
192 0.26 0.0 0.0
193 0.26 0.0 0.0
194 0.26 0.0 0.0
195 0.26 0.0 0.0
196 0.26 0.0 0.0
197 0.26 0.0 0.0
198 0.26 0.0 0.0
199 0.26 0.0 0.0
200 0.26 0.0 0.0
201 0.26 0.0 0.0
202 0.26 0.0 0.0
203 0.26 0.0 0.0
204 0.26 0.0 0.0
205 0.26 0.0 0.0
206 0.26 0.0 0.0
207 0.26 0.0 0.0
208 0.26 0.0 0.0
209 0.26 0.0 0.0
210 0.26 0.0 0.0
211 0.26 0.0 0.0
212 0.26 0.0 0.0
213 0.26 0.0 0.0
214 0.26 0.0 0.0
215 0.26 0.0 0.0
216 0.26 -0.05 0.0
217 0.26 -0.1 0.0
218 0.26 -0.1 0.0
219 0.26 -0.1 0.0
220 0.26 -0.2 0.0
221 0.26 -0.2 0.0
222 0.26 -0.2 0.0
223 0.26 -0.2 0.0
224 0.26 -0.3 0.0
225 0.26 -0.3 0.0
226 0.26 -0.3 0.0
227 0.26 -0.3 0.0
228 0.26 -0.3 0.0
229 0.26 -0.3 0.0
230 0.26 -0.3 0.0
231 0.26 -0.3 0.0
232 0.26 -0.3 0.0
233 0.26 -0.3 0.0
234 0.26 -0.3 0.0
235 0.26 -0.3 0.0
236 0.26 -0.3 0.0
237 0.26 -0.3 0.0
238 0.26 -0.3 0.0918333333333
239 0.26 -0.3 0.175
240 0.26 -0.3 0.181333333333
241 0.26 -0.3 0.187166666667
242 0.26 -0.3 0.267833333333
243 0.26 -0.3 0.33525
244 0.0 0.0 0.42725
245 0.0 0.0 0.505833333333
246 0.0 0.0 0.5355
247 0.0 0.0 0.535833333333
248 0.0 0.0 0.535583333333
249 0.01 0.0 0.5355
250 0.01 0.0 0.535416666667
251 0.025 0.0 0.535083333333
252 0.06 0.0 0.535916666667
253 0.1 0.0 0.535666666667
254 0.135 0.0 0.529666666667
255 0.16 0.0 0.529083333333
256 0.165 0.0 0.529166666667
257 0.175 0.0 0.523083333333
258 0.185 0.0 0.5225
259 0.195 0.0 0.516
260 0.205 0.0 0.515666666667
261 0.22 0.0 0.514333333333
262 0.225 0.0 0.514833333333
263 0.235 0.0 0.50825
264 0.245 0.0 0.502083333333
265 0.255 0.0 0.495583333333
266 0.26 0.0 0.501333333333
267 0.26 0.0 0.50125
268 0.26 0.0 0.506916666667
269 0.26 0.0 0.506916666667
270 0.26 0.0 0.50675
271 0.26 0.0 0.51275
272 0.26 0.0 0.518833333333
273 0.26 0.0 0.51875
274 0.26 0.0 0.51875
275 0.26 0.0 0.525
276 0.26 0.0 0.525
277 0.26 0.0 0.53125
278 0.26 0.0 0.360166666667
279 0.26 0.0 0.0
280 0.26 0.0 0.0
281 0.26 0.0 0.0
282 0.26 0.0 0.0
283 0.26 0.0 0.0
284 0.26 0.0 0.0
285 0.26 0.0 0.0
286 0.26 0.0 0.0
287 0.26 0.0 0.0
288 0.26 0.0 0.0
289 0.26 0.0 0.0
290 0.26 0.0 0.0
291 0.26 0.0 0.0
292 0.26 0.0 0.0
293 0.26 0.0 0.0
294 0.26 0.0 0.0
295 0.26 0.0 0.0
