0 0.24 0.0 0.0
1 0.25 0.0 0.0
2 0.26 0.0 0.0
3 0.26 0.0 0.0
4 0.26 0.0 0.0
5 0.26 -0.1 0.0
6 0.26 -0.15 0.0
7 0.26 -0.25 0.0125
8 0.26 -0.3 0.08125
9 0.26 -0.4 0.18125
10 0.26 -0.5 0.30625
11 0.26 -0.5 0.43125
12 0.26 -0.5 0.55625
13 0.26 -0.5 0.56875
14 0.26 -0.5 0.4125
15 0.26 -0.5 0.24375
16 0.26 -0.5 0.10625
17 0.26 -0.5 0.0
18 0.26 -0.5 0.0
19 0.26 -0.5 0.0
20 0.26 -0.5 0.0
21 0.26 -0.5 0.0
22 0.0 0.0 0.0
23 0.0 0.0 0.0
24 0.0 0.0 0.0
25 0.005 0.0 0.0
26 0.01 0.0 0.0
27 0.01 0.0 0.0
28 0.035 0.0 0.0
29 0.065 0.0 0.0
30 0.095 0.0 0.0
31 0.125 0.0 0.0
32 0.155 0.0 0.0
33 0.18 0.0 0.0
34 0.21 0.0 0.0
35 0.24 0.0 0.0
36 0.26 0.0 0.0
37 0.26 0.0 0.0
38 0.26 0.0 0.0
39 0.26 0.0 0.0
40 0.26 0.0 0.0
41 0.26 0.0 0.0
42 0.26 0.0 0.0
43 0.26 0.0 0.0
44 0.26 0.0 0.0
45 0.26 0.0 0.0
46 0.26 0.0 0.0
47 0.26 0.0 0.0
48 0.26 0.0 0.0
49 0.26 0.0 0.0
50 0.26 0.0 0.0
51 0.26 0.0 0.0
52 0.26 0.0 0.0
53 0.26 0.0 0.0
54 0.26 0.0 0.0
55 0.26 0.0 0.0
56 0.26 0.0 0.0
57 0.26 0.0 0.0
58 0.26 0.0 0.0
59 0.26 0.0 0.0
60 0.26 0.0 0.0
61 0.26 0.05 0.0
62 0.26 0.1 0.0
63 0.26 0.1 0.0
64 0.26 0.1 0.0
65 0.26 0.1 0.0
66 0.26 0.1 0.0
67 0.26 0.1 0.0
68 0.25 0.1 0.0
69 0.25 0.1 0.0
70 0.25 0.1 0.0
71 0.25 0.1 0.0
72 0.245 0.1 0.0
73 0.24 0.1 0.0
74 0.24 0.1 0.0
75 0.24 0.1 0.0
76 0.24 0.1 0.0
77 0.24 0.1 0.0
78 0.24 0.1 0.0
79 0.24 0.1 0.0
80 0.24 0.15 0.0
81 0.24 0.2 0.0
82 0.24 0.2 0.0
83 0.24 0.25 0.0
84 0.24 0.3 0.0
85 0.24 0.3 0.0
86 0.24 0.3 0.0
87 0.24 0.3 0.0
88 0.24 0.3 0.0
89 0.24 0.3 0.0
90 0.24 0.3 0.0
91 0.24 0.3 0.0
92 0.0 0.0 0.0
93 0.0 0.0 0.0
94 0.0 0.0 0.0
95 0.0 0.0 0.0
96 0.01 0.0 0.0
97 0.01 0.0 0.0
98 0.01 0.0 0.0
99 0.03 0.0 0.0
100 0.055 0.0 0.0
101 0.065 0.0 0.0
102 0.07 0.0 0.0
103 0.085 0.1 0.0
104 0.095 0.1 0.0
105 0.1 0.15 0.0
106 0.1 0.2 0.0
107 0.1 0.2 0.0
108 0.1 0.2 0.0
109 0.1 0.2 0.0
110 0.1 0.2 0.0
111 0.1 0.2 0.0
112 0.1 0.2 0.0
113 0.1 0.2 0.0
114 0.1 0.2 0.0
115 0.0 0.0 0.06875
116 0.0 0.0 0.16875
117 0.005 0.0 0.23125
118 0.01 0.0 0.23125
119 0.01 0.0 0.23125
120 0.025 0.0 0.23125
121 0.05 0.0 0.225
122 0.08 0.0 0.1875
123 0.095 0.0 0.175
124 0.105 0.0 0.181083333333
125 0.11 0.05 0.175
126 0.12 0.1 0.19375
127 0.13 0.1 0.21875
128 0.135 0.1 0.2375
129 0.145 0.1 0.2625
130 0.155 0.1 0.2875
131 0.18 0.1 0.31875
132 0.205 0.1 0.33125
133 0.235 0.1 0.35625
134 0.26 0.1 0.38125
135 0.26 0.1 0.40625
136 0.26 0.1 0.43125
137 0.26 0.1 0.45625
138 0.26 0.1 0.48125
139 0.26 0.1 0.50625
140 0.26 0.1 0.53125
141 0.26 0.05 0.55625
142 0.26 0.0 0.58125
143 0.26 0.0 0.575
144 0.26 0.0 0.575
145 0.26 0.0 0.575
146 0.26 0.0 0.575
147 0.26 0.0 0.575
148 0.26 0.0 0.56875
149 0.26 0.0 0.56875
150 0.26 0.05 0.56875
151 0.26 0.1 0.58125
152 0.26 0.1 0.6125
153 0.26 0.1 0.64375
154 0.26 0.1 0.66875
155 0.26 0.1 0.7
156 0.26 0.1 0.73125
157 0.26 0.1 0.75
158 0.26 0.1 0.75
159 0.26 0.1 0.75
160 0.26 0.1 0.75
161 0.26 0.1 0.75
162 0.26 0.1 0.75
163 0.26 0.1 0.75
164 0.26 0.1 0.75
165 0.26 0.1 0.75
166 0.26 0.1 0.75
167 0.26 0.1 0.75
168 0.26 0.1 0.75
169 0.26 0.1 0.75
170 0.26 0.1 0.75
171 0.26 0.1 0.75
172 0.26 0.2 0.75
173 0.26 0.2 0.75
