0 0.125 0.0 0.291666666667
1 0.15 0.0 0.291666666667
2 0.175 0.0 0.291666666667
3 0.2 0.0 0.291666666667
4 0.225 0.0 0.291666666667
5 0.24 0.0 0.291666666667
6 0.25 0.0 0.291666666667
7 0.255 0.0 0.291666666667
8 0.26 0.0 0.291666666667
9 0.26 0.0 0.291666666667
10 0.26 0.0 0.291666666667
11 0.26 0.0 0.291666666667
12 0.26 0.0 0.291666666667
13 0.26 0.0 0.291666666667
14 0.26 0.0 0.291666666667
15 0.26 0.0 0.291666666667
16 0.26 0.0 0.291666666667
17 0.26 0.0 0.291666666667
18 0.26 0.0 0.291666666667
19 0.26 0.0 0.291666666667
20 0.26 0.0 0.291666666667
21 0.26 0.0 0.291666666667
22 0.26 0.0 0.291666666667
23 0.26 0.0 0.291666666667
24 0.26 0.0 0.291666666667
25 0.26 0.0 0.291666666667
26 0.26 0.0 0.291666666667
27 0.26 0.0 0.291666666667
28 0.26 0.0 0.291666666667
29 0.26 0.0 0.2545
30 0.26 -0.05 0.219916666667
31 0.26 -0.1 0.2285
32 0.26 -0.1 0.228166666667
33 0.26 -0.15 0.227416666667
34 0.26 -0.2 0.251583333333
35 0.26 -0.2 0.279666666667
36 0.26 -0.2 0.291666666667
37 0.26 -0.2 0.291666666667
38 0.26 -0.2 0.291666666667
39 0.26 -0.2 0.291666666667
40 0.26 -0.25 0.291666666667
41 0.26 -0.3 0.291666666667
42 0.26 -0.3 0.291666666667
43 0.26 -0.3 0.291666666667
44 0.26 -0.3 0.291666666667
45 0.26 -0.3 0.291666666667
46 0.26 -0.3 0.291666666667
47 0.26 -0.3 0.291666666667
48 0.26 -0.3 0.291666666667
49 0.26 -0.3 0.291666666667
50 0.26 -0.3 0.291666666667
51 0.26 -0.3 0.291666666667
52 0.26 -0.3 0.291666666667
53 0.26 -0.25 0.291666666667
54 0.26 -0.2 0.290166666667
55 0.26 -0.15 0.251
56 0.26 -0.05 0.229333333333
57 0.26 -2.77555756156e-17 0.21025
58 0.26 0.05 0.194083333333
59 0.26 0.1 0.211333333333
60 0.26 0.1 0.234166666667
61 0.26 0.1 0.244166666667
62 0.26 0.1 0.24975
63 0.26 0.1 0.253833333333
64 0.26 0.15 0.255416666667
65 0.26 0.2 0.256083333333
66 0.26 0.2 0.25675
67 0.26 0.2 0.256083333333
68 0.26 0.2 0.2565
69 0.26 0.2 0.25625
70 0.26 0.2 0.255833333333
71 0.26 0.2 0.2535
72 0.26 0.2 0.249833333333
73 0.26 0.2 0.21425
74 0.26 0.2 0.216333333333
75 0.26 0.2 0.187583333333
76 0.26 0.2 0.192916666667
77 0.26 0.2 0.237666666667
78 0.26 0.2 0.228166666667
79 0.26 0.2 0.2085
80 0.26 0.2 0.19475
81 0.26 0.2 0.19275
82 0.26 0.2 0.185416666667
83 0.26 0.2 0.187416666667
84 0.26 0.2 0.183583333333
85 0.26 0.2 0.45225
86 0.26 0.2 0.547666666667
87 0.26 0.2 0.571916666667
88 0.26 0.2 0.609416666667
89 0.26 0.15 0.6365
90 0.26 0.1 0.631
91 0.26 0.1 0.593833333333
92 0.26 0.05 0.442583333333
93 0.26 -2.77555756156e-17 0.320916666667
94 0.26 -0.1 0.25
95 0.26 -0.1 0.249666666667
96 0.26 -0.1 0.248166666667
97 0.26 -0.1 0.246083333333
98 0.26 -0.1 0.245583333333
99 0.26 -0.1 0.243666666667
100 0.26 -0.1 0.242
101 0.26 -0.1 0.239833333333
102 0.26 -0.1 0.238583333333
103 0.26 -0.1 0.222583333333
104 0.26 -0.1 0.2065
105 0.26 -0.1 0.22025
106 0.26 -0.1 0.22375
107 0.26 -0.1 0.230916666667
108 0.26 -0.1 0.270166666667
109 0.26 -0.1 0.291666666667
110 0.26 -0.1 0.291666666667
111 0.26 -0.1 0.291666666667
112 0.26 -0.1 0.291666666667
113 0.26 -0.1 0.291666666667
114 0.26 -0.1 0.291666666667
115 0.26 -0.1 0.291666666667
116 0.26 -0.1 0.291666666667
117 0.26 -0.15 0.291666666667
118 0.26 -0.2 0.291666666667
119 0.26 -0.2 0.291666666667
120 0.26 -0.2 0.291666666667
121 0.26 -0.2 0.291666666667
122 0.26 -0.2 0.291666666667
123 0.26 -0.2 0.291666666667
124 0.26 -0.2 0.291666666667
125 0.26 -0.2 0.291666666667
126 0.26 -0.15 0.291666666667
127 0.26 -0.1 0.291666666667
128 0.26 -0.05 0.291666666667
129 0.26 0.05 0.291666666667
130 0.26 0.1 0.291666666667
131 0.26 0.1 0.291666666667
132 0.26 0.1 0.291666666667
133 0.26 0.1 0.291666666667
134 0.26 0.1 0.291666666667
135 0.26 0.1 0.291666666667
136 0.26 0.1 0.291666666667
137 0.26 0.1 0.291666666667
138 0.26 0.1 0.291666666667
139 0.26 0.1 0.291666666667
140 0.26 0.2 0.291666666667
141 0.26 0.2 0.291666666667
142 0.26 0.2 0.291666666667
143 0.26 0.2 0.291666666667
144 0.26 0.2 0.291666666667
145 0.26 0.2 0.291666666667
146 0.26 0.2 0.291666666667
147 0.26 0.2 0.291666666667
148 0.26 0.2 0.291666666667
149 0.26 0.2 0.291666666667
150 0.26 0.2 0.291666666667
151 0.26 0.1 0.291666666667
152 0.26 0.1 0.291666666667
153 0.26 0.1 0.291666666667
154 0.26 0.1 0.291666666667
155 0.26 0.1 0.291666666667
156 0.26 0.1 0.291666666667
157 0.26 0.1 0.291666666667
158 0.26 0.05 0.291666666667
159 0.26 -2.77555756156e-17 0.291666666667
160 0.26 -2.77555756156e-17 0.291666666667
161 0.26 -2.77555756156e-17 0.291666666667
162 0.26 -2.77555756156e-17 0.291666666667
163 0.26 -2.77555756156e-17 0.291666666667
164 0.26 -2.77555756156e-17 0.291666666667
165 0.26 -2.77555756156e-17 0.291666666667
166 0.26 -2.77555756156e-17 0.291666666667
167 0.26 -2.77555756156e-17 0.291666666667
168 0.26 -2.77555756156e-17 0.291666666667
169 0.26 -2.77555756156e-17 0.291666666667
170 0.26 -2.77555756156e-17 0.291666666667
171 0.26 -2.77555756156e-17 0.291666666667
172 0.26 -2.77555756156e-17 0.291666666667
173 0.26 -2.77555756156e-17 0.291666666667
174 0.26 -2.77555756156e-17 0.291666666667
175 0.26 -2.77555756156e-17 0.291666666667
176 0.26 -2.77555756156e-17 0.291666666667
177 0.26 -2.77555756156e-17 0.291666666667
178 0.26 -2.77555756156e-17 0.291666666667
179 0.26 -2.77555756156e-17 0.291666666667
180 0.26 -2.77555756156e-17 0.291666666667
181 0.26 -2.77555756156e-17 0.291666666667
182 0.26 -2.77555756156e-17 0.291666666667
183 0.26 -2.77555756156e-17 0.291666666667
184 0.26 -2.77555756156e-17 0.291666666667
185 0.26 -2.77555756156e-17 0.291666666667
186 0.26 -2.77555756156e-17 0.291666666667
187 0.26 -2.77555756156e-17 0.291666666667
188 0.26 -2.77555756156e-17 0.291666666667
189 0.26 -2.77555756156e-17 0.291666666667
