0 0.125 0.0 0.291666666667
1 0.15 0.0 0.291666666667
2 0.175 0.0 0.291666666667
3 0.195 0.0 0.291666666667
4 0.215 0.0 0.291666666667
5 0.225 0.0 0.291666666667
6 0.23 0.0 0.291666666667
7 0.24 0.0 0.291666666667
8 0.245 0.0 0.291666666667
9 0.25 0.0 0.291666666667
10 0.26 0.0 0.291666666667
11 0.26 0.0 0.291666666667
12 0.26 0.0 0.291666666667
13 0.26 0.0 0.291666666667
14 0.26 0.0 0.291666666667
15 0.26 0.0 0.291666666667
16 0.26 0.0 0.291666666667
17 0.26 0.0 0.291666666667
18 0.26 0.0 0.291666666667
19 0.26 0.0 0.291666666667
20 0.26 0.0 0.288083333333
21 0.26 0.0 0.291666666667
22 0.26 0.0 0.291666666667
23 0.26 0.0 0.291666666667
24 0.26 0.0 0.291666666667
25 0.26 0.0 0.291666666667
26 0.26 0.0 0.274083333333
27 0.26 -0.1 0.215333333333
28 0.26 -0.1 0.242333333333
29 0.26 -0.1 0.24
30 0.26 -0.15 0.252333333333
31 0.26 -0.2 0.262
32 0.26 -0.2 0.268416666667
33 0.26 -0.2 0.246166666667
34 0.26 -0.2 0.237416666667
35 0.26 -0.2 0.234583333333
36 0.26 -0.25 0.23125
37 0.26 -0.3 0.227916666667
38 0.26 -0.3 0.221583333333
39 0.26 -0.3 0.258
40 0.26 -0.3 0.286083333333
41 0.26 -0.3 0.291666666667
42 0.26 -0.3 0.291666666667
43 0.26 -0.3 0.291666666667
44 0.26 -0.3 0.291666666667
45 0.26 -0.3 0.291666666667
46 0.26 -0.3 0.291666666667
47 0.26 -0.3 0.291666666667
48 0.26 -0.3 0.291666666667
49 0.26 -0.3 0.291666666667
50 0.26 -0.25 0.291666666667
51 0.26 -0.2 0.291666666667
52 0.26 -0.1 0.291666666667
53 0.26 -0.05 0.291666666667
54 0.26 -2.77555756156e-17 0.291666666667
55 0.26 -2.77555756156e-17 0.291666666667
56 0.26 -2.77555756156e-17 0.291666666667
57 0.26 -2.77555756156e-17 0.291666666667
58 0.26 -2.77555756156e-17 0.291666666667
59 0.26 -2.77555756156e-17 0.291666666667
60 0.26 -2.77555756156e-17 0.291666666667
61 0.26 -2.77555756156e-17 0.272333333333
62 0.26 -2.77555756156e-17 0.238
63 0.26 0.05 0.217333333333
64 0.26 0.1 0.212333333333
65 0.26 0.1 0.19775
66 0.26 0.1 0.19325
67 0.26 0.1 0.19375
68 0.26 0.1 0.196333333333
69 0.26 0.1 0.199333333333
70 0.26 0.1 0.200083333333
71 0.26 0.1 0.203666666667
72 0.26 0.1 0.204166666667
73 0.26 0.1 0.207833333333
74 0.26 0.1 0.209083333333
75 0.26 0.1 0.21025
76 0.26 0.1 0.20625
77 0.26 0.1 0.209583333333
78 0.26 0.1 0.208583333333
79 0.26 0.1 0.2095
80 0.26 0.1 0.202333333333
81 0.26 0.1 0.175916666667
82 0.26 0.1 0.213
83 0.26 0.1 0.23875
84 0.26 0.05 0.23025
85 0.26 -2.77555756156e-17 0.212
86 0.26 -2.77555756156e-17 0.218833333333
87 0.26 -2.77555756156e-17 0.23125
88 0.26 -2.77555756156e-17 0.23275
89 0.26 -2.77555756156e-17 0.233416666667
90 0.26 -2.77555756156e-17 0.236333333333
91 0.26 -2.77555756156e-17 0.269416666667
92 0.26 -2.77555756156e-17 0.276
93 0.26 -2.77555756156e-17 0.271833333333
94 0.26 -2.77555756156e-17 0.2715
95 0.26 -2.77555756156e-17 0.27175
96 0.26 -2.77555756156e-17 0.268833333333
97 0.26 -2.77555756156e-17 0.26475
98 0.26 -0.05 0.26075
99 0.26 -0.15 0.264916666667
100 0.26 -0.2 0.244583333333
101 0.26 -0.2 0.237416666667
102 0.26 -0.2 0.236833333333
103 0.26 -0.2 0.2355
104 0.26 -0.2 0.233416666667
105 0.26 -0.2 0.266416666667
106 0.26 -0.2 0.291666666667
107 0.26 -0.2 0.291666666667
108 0.26 -0.2 0.291666666667
109 0.26 -0.2 0.291666666667
110 0.26 -0.2 0.291666666667
111 0.26 -0.1 0.291666666667
112 0.26 -2.77555756156e-17 0.291666666667
113 0.26 0.05 0.291666666667
114 0.26 0.15 0.291666666667
115 0.26 0.2 0.291666666667
116 0.26 0.2 0.291666666667
117 0.26 0.2 0.291666666667
118 0.26 0.2 0.291666666667
119 0.26 0.2 0.291666666667
120 0.26 0.2 0.291666666667
121 0.26 0.2 0.291666666667
122 0.26 0.2 0.291666666667
123 0.26 0.2 0.291666666667
124 0.26 0.2 0.291666666667
125 0.26 0.2 0.291666666667
126 0.26 0.2 0.291666666667
127 0.26 0.2 0.291666666667
128 0.26 0.2 0.291666666667
129 0.26 0.2 0.291666666667
130 0.26 0.2 0.291666666667
131 0.26 0.2 0.291666666667
132 0.26 0.2 0.291666666667
133 0.26 0.2 0.291666666667
134 0.26 0.2 0.291666666667
135 0.26 0.2 0.291666666667
136 0.26 0.2 0.291666666667
137 0.26 0.2 0.291666666667
138 0.26 0.2 0.291666666667
139 0.26 0.2 0.291666666667
140 0.26 0.1 0.291666666667
141 0.26 0.1 0.291666666667
142 0.26 0.1 0.291666666667
143 0.26 0.1 0.291666666667
144 0.26 0.1 0.291666666667
145 0.26 0.1 0.291666666667
146 0.26 0.1 0.291666666667
147 0.26 0.05 0.291666666667
148 0.26 -2.77555756156e-17 0.291666666667
149 0.26 -2.77555756156e-17 0.291666666667
150 0.26 -2.77555756156e-17 0.291666666667
151 0.26 -2.77555756156e-17 0.291666666667
152 0.26 -2.77555756156e-17 0.291666666667
153 0.26 -2.77555756156e-17 0.291666666667
154 0.26 -2.77555756156e-17 0.291666666667
155 0.26 -2.77555756156e-17 0.291666666667
156 0.26 -2.77555756156e-17 0.291666666667
157 0.26 -2.77555756156e-17 0.291666666667
158 0.26 -2.77555756156e-17 0.291666666667
159 0.26 -2.77555756156e-17 0.291666666667
160 0.26 -2.77555756156e-17 0.291666666667
161 0.26 -2.77555756156e-17 0.291666666667
162 0.26 -2.77555756156e-17 0.291666666667
163 0.26 -2.77555756156e-17 0.291666666667
164 0.26 -2.77555756156e-17 0.291666666667
165 0.26 -2.77555756156e-17 0.291666666667
166 0.26 -2.77555756156e-17 0.291666666667
167 0.26 -2.77555756156e-17 0.291666666667
168 0.26 -2.77555756156e-17 0.291666666667
169 0.26 -2.77555756156e-17 0.291666666667
170 0.26 -2.77555756156e-17 0.291666666667
171 0.26 -2.77555756156e-17 0.291666666667
172 0.26 -2.77555756156e-17 0.291666666667
173 0.26 -2.77555756156e-17 0.291666666667
174 0.26 -2.77555756156e-17 0.291666666667
175 0.26 -2.77555756156e-17 0.291666666667
176 0.26 -2.77555756156e-17 0.291666666667
177 0.26 -2.77555756156e-17 0.291666666667
178 0.26 -2.77555756156e-17 0.291666666667
179 0.26 -2.77555756156e-17 0.291666666667
180 0.26 -2.77555756156e-17 0.291666666667
181 0.26 -2.77555756156e-17 0.291666666667
182 0.26 -2.77555756156e-17 0.291666666667
183 0.26 -2.77555756156e-17 0.291666666667
184 0.26 -2.77555756156e-17 0.291666666667
185 0.26 -2.77555756156e-17 0.291666666667
186 0.26 -2.77555756156e-17 0.291666666667
