0 0.26 0.0 0.0
1 0.26 0.0 0.0
2 0.26 0.0 0.0
3 0.26 0.0 0.0
4 0.26 0.0 0.0
5 0.26 0.0 0.0
6 0.26 0.0 0.0
7 0.26 0.0 0.0
8 0.26 0.0 0.0
9 0.26 0.0 0.0
10 0.26 0.0 0.0
11 0.26 0.0 0.0
12 0.26 -0.05 0.0
13 0.26 -0.1 0.0
14 0.26 -0.15 0.0
15 0.26 -0.2 0.0
16 0.26 -0.3 0.0
17 0.26 -0.4 0.0
18 0.26 -0.45 0.0
19 0.26 -0.5 0.0
20 0.26 -0.5 0.0
21 0.26 -0.5 0.06875
22 0.26 -0.5 0.1125
23 0.26 -0.5 0.125
24 0.26 -0.5 0.143416666667
25 0.26 -0.5 0.15625
26 0.0 0.0 0.0443333333333
27 0.0 0.0 0.0
28 0.0 0.0 0.00625
29 0.005 0.0 0.0375
30 0.01 0.0 0.0341666666667
31 0.01 0.0 0.03125
32 0.025 0.0 0.03125
33 0.05 0.0 0.03125
34 0.075 0.0 0.025
35 0.105 0.0 0.01875
36 0.135 0.0 0.0130833333333
37 0.16 0.0 0.00625
38 0.19 0.0 0.00625
39 0.215 0.0 0.00625
40 0.245 0.0 0.0
41 0.26 0.0 0.0
42 0.26 0.0 0.0
43 0.26 0.0 0.0
44 0.26 0.0 0.0
45 0.26 0.0 0.0
46 0.26 0.0 0.0
47 0.26 0.0 0.0
48 0.26 0.0 0.0
49 0.26 0.0 0.0
50 0.26 0.0 0.0
51 0.26 0.0 0.0
52 0.26 0.0 0.0
53 0.26 0.0 0.0
54 0.26 0.0 0.0
55 0.26 0.0 0.0
56 0.26 0.0 0.0
57 0.26 0.0 0.0
58 0.26 0.05 0.0
59 0.26 0.15 0.0
60 0.26 0.2 0.0
61 0.26 0.25 0.0
62 0.26 0.35 0.0
63 0.26 0.4 0.0
64 0.26 0.4 0.117916666667
65 0.26 0.4 0.225
66 0.26 0.4 0.2875
67 0.26 0.4 0.2875
68 0.26 0.4 0.27825
69 0.0 0.0 0.275
70 0.0 0.0 0.2
71 0.0 0.0 0.04375
72 0.0 0.0 0.0
73 0.0 0.0 0.05
74 0.005 0.0 0.05
75 0.01 0.0 0.05
76 0.01 0.0 0.04375
77 0.025 0.0 0.04375
78 0.05 0.0 0.04375
79 0.08 0.0 0.05
80 0.11 0.0 0.06875
81 0.135 0.0 0.08125
82 0.165 0.0 0.08125
83 0.195 0.0 0.075
84 0.225 0.0 0.06875
85 0.25 0.0 0.075
86 0.26 0.0 0.075
87 0.26 0.0 0.06875
88 0.26 0.0 0.0625
89 0.26 0.0 0.05625
90 0.26 0.0 0.05
91 0.26 0.0 0.04375
92 0.26 0.0 0.0375
93 0.26 0.0 0.03125
94 0.26 0.0 0.01875
95 0.26 0.0 0.018
96 0.26 0.0 0.00625
97 0.26 0.0 0.0
98 0.26 0.0 0.0
99 0.26 0.0 0.0
100 0.26 0.0 0.0
101 0.26 0.0 0.0
102 0.26 0.0 0.0
103 0.26 0.0 0.0
104 0.26 0.0 0.0
105 0.26 0.0 0.0
106 0.26 0.0 0.0
107 0.26 0.0 0.0
108 0.26 0.0 0.0
109 0.26 0.0 0.0
110 0.26 0.0 0.0
111 0.26 0.0 0.0
112 0.26 0.0 0.0
113 0.26 0.0 0.0
114 0.26 0.0 0.0
115 0.26 0.0 0.0
116 0.26 0.0 0.0
117 0.26 0.0 0.0
118 0.26 0.0 0.0
119 0.26 0.0 0.0
120 0.26 0.0 0.0
121 0.26 0.0 0.0
122 0.26 0.0 0.0
123 0.26 0.0 0.0
124 0.26 0.0 0.0
125 0.26 0.1 0.0
126 0.26 0.15 0.0
127 0.26 0.25 0.0
128 0.26 0.3 0.0
129 0.26 0.4 0.0
130 0.26 0.5 0.0
131 0.26 0.5 0.0
132 0.26 0.5 0.0
133 0.26 0.5 0.0
134 0.26 0.5 0.0
135 0.26 0.5 0.0
136 0.26 0.5 0.0
137 0.26 0.5 0.0
138 0.0 0.0 0.0
139 0.0 0.0 0.0
140 0.0 0.0 0.0
141 0.01 0.0 0.0
142 0.01 0.0 0.0
143 0.01 0.0 0.166666666667
144 0.02 0.0 0.333333333333
145 0.03 0.1 0.408333333333
146 0.03 0.1 0.391666666667
147 0.03 0.1 0.375
148 0.03 0.25 0.35
149 0.03 0.5 0.29375
150 0.03 0.65 0.175
151 0.03 0.75 0.0
152 0.0 0.0 0.0
153 0.0 0.0 0.0
154 0.0 0.0 0.0
155 0.005 0.0 0.0
156 0.01 0.0 0.0
157 0.01 0.0 0.0
158 0.02 0.0 0.0
159 0.05 0.0 0.0
160 0.075 0.0 0.0
161 0.1 0.0 0.0
162 0.13 0.0 0.0
163 0.16 0.0 0.0
164 0.185 0.0 0.0
165 0.215 0.0 0.0
166 0.245 0.0 0.0
167 0.26 0.0 0.0
168 0.26 0.0 0.0
169 0.26 0.0 0.0
170 0.26 0.0 0.0
171 0.26 0.0 0.0
172 0.26 0.0 0.0
173 0.26 0.0 0.0
174 0.26 0.0 0.0
175 0.26 0.0 0.0
176 0.26 0.0 0.0
177 0.26 0.0 0.0
178 0.26 0.0 0.0
179 0.26 0.0 0.0
180 0.26 0.0 0.0
181 0.26 0.0 0.0
182 0.26 0.0 0.0
183 0.26 -0.1 0.0
184 0.26 -0.15 0.0
185 0.26 -0.2 0.0
186 0.26 -0.25 0.0
187 0.26 -0.3 0.0
188 0.26 -0.4 0.0
189 0.26 -0.4 0.0
190 0.26 -0.4 0.0
191 0.26 -0.4 0.0
192 0.26 -0.4 0.0625
193 0.26 -0.4 0.1875
194 0.0 0.0 0.29375
195 0.0 0.0 0.3875
196 0.0 0.0 0.44375
197 0.0 0.0 0.45625
198 0.01 0.0 0.41875
199 0.01 0.0 0.35625
200 0.01 0.0 0.26875
201 0.03 0.0 0.1875
202 0.06 0.0 0.1125
203 0.085 0.0 0.08125
204 0.11 0.0 0.075
205 0.135 0.0 0.075
206 0.165 0.0 0.06875
207 0.195 0.0 0.06875
208 0.22 0.0 0.0625
209 0.25 0.0 0.05625
