0 0.26 0.0 0.0
1 0.26 0.0 0.0
2 0.26 0.0 0.0
3 0.26 0.0 0.0
4 0.26 0.0 0.0
5 0.26 0.0 0.0
6 0.26 0.0 0.0
7 0.26 0.0 0.0
8 0.26 0.0 0.0
9 0.26 -0.05 0.0
10 0.26 -0.1 0.0
11 0.26 -0.2 0.0
12 0.26 -0.25 0.0
13 0.26 -0.3 0.0
14 0.26 -0.35 0.0
15 0.26 -0.4 0.0
16 0.26 -0.4 0.0
17 0.26 -0.4 0.08125
18 0.26 -0.4 0.19375
19 0.26 -0.4 0.2375
20 0.26 -0.4 0.24375
21 0.26 -0.4 0.261583333333
22 0.0 0.0 0.28125
23 0.0 0.0 0.2125
24 0.0 0.0 0.10625
25 0.0 0.0 0.00333333333333
26 0.01 0.0 0.0
27 0.01 0.0 0.0
28 0.01 0.0 0.0
29 0.03 0.0 0.0
30 0.055 0.0 0.0
31 0.085 0.0 0.0
32 0.11 0.0 0.00141666666667
33 0.14 0.0 0.0
34 0.17 0.0 0.0
35 0.195 0.0 0.0
36 0.225 0.0 0.0
37 0.255 0.0 0.0
38 0.26 0.0 0.0
39 0.26 0.0 0.0
40 0.26 0.0 0.0
41 0.26 0.0 0.0
42 0.26 0.0 0.0
43 0.26 0.0 0.0
44 0.26 0.0 0.0
45 0.26 0.0 0.0
46 0.26 0.0 0.0
47 0.26 0.0 0.0
48 0.26 0.0 0.0
49 0.26 0.0 0.0
50 0.26 0.05 0.0
51 0.26 0.1 0.0
52 0.26 0.2 0.0
53 0.26 0.25 0.0
54 0.26 0.3 0.0
55 0.26 0.4 0.0
56 0.26 0.45 0.11875
57 0.26 0.5 0.24375
58 0.26 0.5 0.3
59 0.26 0.5 0.29375
60 0.0 0.0 0.2875
61 0.0 0.0 0.275
62 0.0 0.0 0.1125
63 0.0 0.0 0.0
64 0.0 0.0 0.0
65 0.005 0.0 0.0
66 0.01 0.0 0.0
67 0.01 0.0 0.0
68 0.02 0.0 0.0
69 0.05 0.0 0.0
70 0.08 0.0 0.0
71 0.11 0.0 0.0
72 0.14 0.0 0.0
73 0.17 0.0 0.0
74 0.2 0.0 0.0
75 0.23 0.0 0.0
76 0.26 0.0 0.0
77 0.26 0.0 0.0
78 0.26 0.0 0.0
79 0.26 0.0 0.0
80 0.26 0.0 0.0
81 0.26 0.0 0.0
82 0.26 0.0 0.0
83 0.26 0.0 0.0
84 0.26 0.0 0.0
85 0.26 0.0 0.0
86 0.26 0.0 0.0
87 0.26 0.0 0.0
88 0.26 0.0 0.0
89 0.26 0.0 0.0
90 0.26 0.0 0.0
91 0.26 0.0 0.0
92 0.26 0.0 0.0
93 0.26 0.0 0.0
94 0.26 0.0 0.0
95 0.26 0.0 0.0
96 0.26 0.0 0.0
97 0.26 0.0 0.0
98 0.26 0.0 0.0
99 0.26 0.0 0.0
100 0.26 0.0 0.0
101 0.26 0.0 0.0
102 0.26 0.0 0.0
103 0.26 0.0 0.0
104 0.26 0.0 0.0
105 0.26 0.0 0.0
106 0.26 0.0 0.0
107 0.26 0.0 0.0
108 0.26 0.0 0.0
109 0.26 0.0 0.0
110 0.26 0.0 0.0
111 0.26 0.0 0.0
112 0.26 0.0 0.0
113 0.26 0.1 0.0
114 0.26 0.1 0.0
115 0.26 0.2 0.0
116 0.26 0.2 0.0
117 0.26 0.3 0.0
118 0.26 0.35 0.0
119 0.26 0.4 0.0
120 0.26 0.45 0.0
121 0.26 0.5 0.0
122 0.26 0.5 0.0
123 0.26 0.5 0.0
124 0.26 0.5 0.0
125 0.26 0.5 0.0
126 0.26 0.5 0.0
127 0.0 0.0 0.0
128 0.0 0.0 0.0
129 0.0 0.0 0.0
130 0.0 0.0 0.0
131 0.01 0.0 0.0
132 0.01 0.0 0.0
133 0.01 0.0 0.0
134 0.035 0.0 0.0
135 0.065 0.0 0.0
136 0.09 0.0 0.0
137 0.115 0.0 0.0
138 0.145 0.0 0.0
139 0.17 0.0 0.0
140 0.195 0.0 0.0
141 0.225 0.0 0.0
142 0.25 0.0 0.0
143 0.26 0.0 0.0
144 0.26 0.0 0.0
145 0.26 0.0 0.0
146 0.26 0.0 0.0
147 0.26 0.0 0.0
148 0.26 0.0 0.0
149 0.26 0.0 0.0
150 0.26 0.0 0.0
151 0.26 0.0 0.0
152 0.26 0.0 0.0
153 0.26 0.0 0.0
154 0.26 0.0 0.0
155 0.26 0.0 0.0
156 0.26 0.0 0.0
157 0.26 0.0 0.0
158 0.26 0.0 0.0
159 0.26 0.0 0.0
160 0.26 0.0 0.0
161 0.26 0.0 0.0
162 0.26 0.0 0.0
163 0.26 0.0 0.0
164 0.26 -0.05 0.0
165 0.26 -0.1 0.0
166 0.26 -0.15 0.0
167 0.26 -0.2 0.0
168 0.26 -0.3 0.0
169 0.26 -0.3 0.0
170 0.26 -0.35 0.0
171 0.26 -0.4 0.0
172 0.26 -0.4 0.0
173 0.26 -0.4 0.0
174 0.26 -0.4 0.0
175 0.26 -0.4 0.0
176 0.26 -0.4 0.0875
177 0.26 -0.4 0.19375
178 0.26 -0.4 0.30625
179 0.26 -0.4 0.4125
180 0.0 0.0 0.53125
181 0.0 0.0 0.5375
182 0.0 0.0 0.3375
183 0.005 0.0 0.13125
184 0.01 0.0 0.0
185 0.01 0.0 0.0
186 0.01 -0.05 0.0
187 0.01 -0.1 0.0
188 0.01 -0.1 0.0
189 0.01 -0.3 0.0
190 0.01 -0.6 0.0
191 0.01 -0.75 0.0
192 0.01 -0.85 0.0
193 0.01 -0.9 0.0125
194 0.0 0.0 0.2875
195 0.0 0.0 0.46875
196 0.0 0.0 0.46875
197 0.0 0.0 0.46875
198 0.01 0.0 0.46875
199 0.01 0.0 0.46875
200 0.015 0.0 0.46875
201 0.045 0.0 0.46875
