0 0.12 0.0 0.291666666667
1 0.145 0.0 0.291666666667
2 0.17 0.0 0.291666666667
3 0.195 0.0 0.291666666667
4 0.22 0.0 0.291666666667
5 0.245 0.0 0.291666666667
6 0.26 0.0 0.291666666667
7 0.26 0.0 0.291666666667
8 0.26 0.0 0.291666666667
9 0.26 0.0 0.291666666667
10 0.26 0.0 0.291666666667
11 0.26 0.0 0.291666666667
12 0.26 0.0 0.291666666667
13 0.26 0.0 0.291666666667
14 0.26 0.0 0.291666666667
15 0.26 0.0 0.291666666667
16 0.26 0.0 0.291666666667
17 0.26 0.0 0.291666666667
18 0.26 0.0 0.291666666667
19 0.26 0.0 0.291666666667
20 0.26 0.0 0.291666666667
21 0.26 0.0 0.2865
22 0.26 0.0 0.291666666667
23 0.26 0.0 0.291666666667
24 0.26 0.0 0.291666666667
25 0.26 0.0 0.291666666667
26 0.26 0.0 0.291666666667
27 0.26 0.0 0.291666666667
28 0.26 -0.05 0.208583333333
29 0.26 -0.1 0.241666666667
30 0.26 -0.1 0.240333333333
31 0.26 -0.1 0.25775
32 0.26 -0.15 0.26275
33 0.26 -0.2 0.272583333333
34 0.26 -0.2 0.26675
35 0.26 -0.25 0.242916666667
36 0.26 -0.3 0.232666666667
37 0.26 -0.3 0.229583333333
38 0.26 -0.3 0.223166666667
39 0.26 -0.3 0.222333333333
40 0.26 -0.3 0.2695
41 0.26 -0.3 0.291666666667
42 0.26 -0.35 0.291666666667
43 0.26 -0.4 0.291666666667
44 0.26 -0.4 0.291666666667
45 0.26 -0.4 0.291666666667
46 0.26 -0.4 0.291666666667
47 0.26 -0.4 0.291666666667
48 0.26 -0.4 0.291666666667
49 0.26 -0.4 0.291666666667
50 0.26 -0.3 0.291666666667
51 0.26 -0.25 0.291666666667
52 0.26 -0.15 0.291666666667
53 0.26 -0.1 0.291666666667
54 0.26 -0.1 0.291666666667
55 0.26 -0.1 0.291666666667
56 0.26 -0.1 0.291333333333
57 0.26 -0.1 0.287083333333
58 0.26 -0.1 0.278
59 0.26 -0.05 0.269083333333
60 0.26 -2.77555756156e-17 0.2605
61 0.26 -2.77555756156e-17 0.244
62 0.26 -2.77555756156e-17 0.214083333333
63 0.26 -2.77555756156e-17 0.196916666667
64 0.26 -2.77555756156e-17 0.17725
65 0.26 -2.77555756156e-17 0.188416666667
66 0.26 -2.77555756156e-17 0.212666666667
67 0.26 -2.77555756156e-17 0.213083333333
68 0.26 -2.77555756156e-17 0.22875
69 0.26 -2.77555756156e-17 0.233583333333
70 0.26 0.05 0.235666666667
71 0.26 0.1 0.233833333333
72 0.26 0.2 0.237083333333
73 0.26 0.25 0.236666666667
74 0.26 0.3 0.2325
75 0.26 0.3 0.216416666667
76 0.26 0.3 0.20725
77 0.26 0.3 0.210333333333
78 0.26 0.3 0.214083333333
79 0.26 0.3 0.214
80 0.26 0.3 0.248
81 0.26 0.3 0.20875
82 0.26 0.3 0.21475
83 0.26 0.3 0.251916666667
84 0.26 0.3 0.266833333333
85 0.26 0.3 0.280666666667
86 0.26 0.3 0.26325
87 0.26 0.3 0.251416666667
88 0.26 0.3 0.220916666667
89 0.26 0.3 0.21025
90 0.26 0.3 0.184583333333
91 0.26 0.3 0.180916666667
92 0.26 0.3 0.171916666667
93 0.26 0.3 0.344083333333
94 0.26 0.3 0.60275
95 0.26 0.25 0.729
96 0.26 0.2 0.829
97 0.26 0.15 0.852083333333
98 0.26 0.05 0.861083333333
99 0.26 -2.77555756156e-17 0.8915
100 0.26 -0.05 0.940583333333
101 0.26 -0.15 0.98275
102 0.26 -0.2 0.942833333333
103 0.26 -0.2 0.753083333333
104 0.26 -0.2 0.514833333333
105 0.26 -0.2 0.281833333333
106 0.26 -0.2 0.2685
107 0.26 -0.2 0.251416666667
108 0.26 -0.2 0.244083333333
109 0.26 -0.2 0.24225
110 0.26 -0.2 0.240666666667
111 0.26 -0.2 0.239
112 0.26 -0.2 0.236666666667
113 0.26 -0.2 0.233333333333
114 0.26 -0.2 0.2315
115 0.26 -0.2 0.192416666667
116 0.26 -0.2 0.180166666667
117 0.26 -0.2 0.198833333333
118 0.26 -0.2 0.211583333333
119 0.26 -0.2 0.2635
120 0.26 -0.2 0.291666666667
121 0.26 -0.2 0.291666666667
122 0.26 -0.2 0.291666666667
123 0.26 -0.2 0.291666666667
124 0.26 -0.2 0.291666666667
125 0.26 -0.2 0.291666666667
126 0.26 -0.2 0.291666666667
127 0.26 -0.2 0.291666666667
128 0.26 -0.2 0.291666666667
129 0.26 -0.2 0.291666666667
130 0.26 -0.2 0.291666666667
131 0.26 -0.15 0.291666666667
132 0.26 -0.1 0.291666666667
133 0.26 -0.05 0.291666666667
134 0.26 0.05 0.291666666667
135 0.26 0.1 0.291666666667
136 0.26 0.1 0.291666666667
137 0.26 0.1 0.291666666667
138 0.26 0.1 0.291666666667
139 0.26 0.1 0.291666666667
140 0.26 0.1 0.291666666667
141 0.26 0.1 0.291666666667
142 0.26 0.1 0.291666666667
143 0.26 0.1 0.291666666667
144 0.26 0.1 0.291666666667
145 0.26 0.1 0.291666666667
146 0.26 0.1 0.291666666667
147 0.26 0.1 0.291666666667
148 0.26 0.1 0.291666666667
149 0.26 0.1 0.291666666667
150 0.26 0.1 0.291666666667
151 0.26 0.1 0.291666666667
152 0.26 0.1 0.291666666667
153 0.26 0.1 0.291666666667
154 0.26 0.1 0.291666666667
155 0.26 0.1 0.291666666667
156 0.26 0.1 0.291666666667
157 0.26 0.1 0.291666666667
158 0.26 0.1 0.291666666667
159 0.26 0.1 0.291666666667
160 0.26 0.1 0.291666666667
161 0.26 0.1 0.291666666667
162 0.26 0.1 0.291666666667
163 0.26 0.1 0.291666666667
164 0.26 0.1 0.291666666667
165 0.26 0.1 0.291666666667
166 0.26 0.1 0.291666666667
167 0.26 -2.77555756156e-17 0.291666666667
168 0.26 -2.77555756156e-17 0.291666666667
169 0.26 -2.77555756156e-17 0.291666666667
170 0.26 -2.77555756156e-17 0.291666666667
171 0.26 -2.77555756156e-17 0.291666666667
172 0.26 -2.77555756156e-17 0.291666666667
173 0.26 -2.77555756156e-17 0.291666666667
174 0.26 -2.77555756156e-17 0.291666666667
175 0.26 -2.77555756156e-17 0.291666666667
176 0.26 -2.77555756156e-17 0.291666666667
177 0.26 0.1 0.291666666667
178 0.26 0.1 0.291666666667
179 0.26 0.1 0.291666666667
180 0.26 0.1 0.291666666667
181 0.26 0.1 0.291666666667
182 0.26 0.1 0.291666666667
183 0.26 0.1 0.291666666667
184 0.26 0.1 0.291666666667
185 0.26 0.1 0.291666666667
186 0.26 -2.77555756156e-17 0.291666666667
187 0.26 -2.77555756156e-17 0.291666666667
188 0.26 -2.77555756156e-17 0.291666666667
189 0.26 -2.77555756156e-17 0.291666666667
