0 0.2 0.0 0.0875
1 0.2 0.0 0.08125
2 0.2 0.0 0.075
3 0.2 0.0 0.06875
4 0.2 0.0 0.05675
5 0.2 -0.1 0.0459166666667
6 0.2 -0.15 0.0125
7 0.2 -0.2 0.0
8 0.2 -0.25 0.0
9 0.2 -0.3 0.0
10 0.2 -0.4 0.0
11 0.2 -0.45 0.09375
12 0.2 -0.5 0.2125
13 0.2 -0.5 0.38125
14 0.2 -0.5 0.51875
15 0.2 -0.5 0.5375
16 0.2 -0.5 0.46875
17 0.2 -0.5 0.33125
18 0.2 -0.5 0.19375
19 0.2 -0.5 0.05625
20 0.2 -0.5 0.0
21 0.2 -0.5 0.0
22 0.2 -0.5 0.0
23 0.2 -0.5 0.0
24 0.0 0.0 0.0
25 0.0 0.0 0.0
26 0.0 0.0 0.0
27 0.005 0.0 0.0
28 0.01 0.0 0.0
29 0.01 0.0 0.0
30 0.03 0.0 0.0
31 0.055 0.0 0.0
32 0.08 0.0 0.0
33 0.11 0.0 0.0
34 0.135 0.0 0.0
35 0.16 0.0 0.0
36 0.185 0.0 0.0
37 0.215 0.0 0.0
38 0.24 0.0 0.0
39 0.26 0.0 0.0
40 0.26 0.0 0.0
41 0.26 0.0 0.0
42 0.26 0.0 0.0
43 0.26 -0.1 0.0
44 0.26 -0.1 0.0
45 0.26 -0.1 0.0
46 0.26 -0.1 0.0
47 0.26 -0.05 0.0
48 0.26 0.0 0.0
49 0.26 0.0 0.0
50 0.26 0.0 0.0
51 0.26 0.0 0.0
52 0.26 0.0 0.0
53 0.26 0.0 0.0
54 0.26 0.0 0.0
55 0.26 0.0 0.0
56 0.26 0.0 0.0
57 0.26 0.0 0.0
58 0.26 0.0 0.0
59 0.26 0.0 0.0
60 0.26 0.0 0.0
61 0.26 0.0 0.0
62 0.26 0.0 0.0
63 0.26 0.0 0.0
64 0.26 0.0 0.0
65 0.26 0.0 0.0
66 0.26 0.0 0.0
67 0.26 0.0 0.0
68 0.26 0.0 0.0
69 0.26 0.0 0.0
70 0.26 0.0 0.0
71 0.26 0.0 0.0
72 0.26 0.0 0.0
73 0.26 0.0 0.0
74 0.26 0.0 0.0
75 0.25 0.0 0.0
76 0.25 0.0 0.0
77 0.24 0.0 0.0
78 0.235 0.0 0.0
79 0.23 0.0 0.0
80 0.225 0.0 0.0
81 0.22 0.0 0.0
82 0.21 0.0 0.0
83 0.2 0.0 0.0
84 0.2 0.0 0.0
85 0.2 0.0 0.0
86 0.2 0.0 0.0
87 0.2 0.1 0.0
88 0.2 0.1 0.0
89 0.2 0.2 0.0
90 0.2 0.2 0.0
91 0.2 0.25 0.0
92 0.2 0.3 0.0
93 0.2 0.35 0.0
94 0.2 0.4 0.0
95 0.2 0.4 0.0
96 0.2 0.4 0.0
97 0.2 0.4 0.0
98 0.2 0.4 0.0
99 0.2 0.5 0.0
100 0.2 0.5 0.0
101 0.2 0.5 0.0
102 0.2 0.5 0.0
103 0.2 0.5 0.0
104 0.2 0.5 0.0
105 0.2 0.5 0.103083333333
106 0.2 0.5 0.24725
107 0.0 0.0 0.35625
108 0.0 0.0 0.47775
109 0.0 0.0 0.36875
110 0.01 0.0 0.14375
111 0.01 0.0 0.0
112 0.01 -0.1 0.0
113 0.01 -0.1 0.093
114 0.01 -0.1 0.157
115 0.01 -0.25 0.191666666667
116 0.01 -0.5 0.245083333333
117 0.01 -0.8 0.308333333333
118 0.01 -1.05 0.466666666667
119 0.01 -1.25 0.55275
120 0.01 -1.35 0.391666666667
121 0.01 -1.4 0.46875
122 0.0 0.0 0.19375
123 0.0 0.0 0.08125
124 0.005 0.0 0.08125
125 0.01 0.0 0.08125
126 0.01 0.0 0.08125
127 0.03 0.0 0.08125
128 0.055 0.0 0.08125
129 0.08 0.0 0.08125
130 0.11 0.0 0.06875
131 0.135 0.0 0.0375
132 0.16 0.0 0.00625
133 0.175 0.0 0.00625
134 0.185 0.0 0.00625
135 0.195 0.05 0.0
136 0.2 0.1 0.0
137 0.21 0.1 0.01875
138 0.22 0.1 0.04375
139 0.225 0.1 0.06875
140 0.235 0.1 0.1
141 0.245 0.1 0.11875
142 0.25 0.1 0.14375
143 0.26 0.1 0.175
144 0.26 0.1 0.19375
145 0.26 0.05 0.21875
146 0.26 0.0 0.23125
147 0.26 0.0 0.23125
148 0.26 0.0 0.225
149 0.26 0.0 0.21875
150 0.26 0.0 0.21875
151 0.26 0.0 0.2125
152 0.26 0.1 0.20625
153 0.26 0.1 0.225
154 0.26 0.1 0.25
155 0.26 0.1 0.275
156 0.26 0.1 0.3
157 0.26 0.1 0.324666666667
158 0.26 0.2 0.35
159 0.26 0.2 0.4
160 0.26 0.2 0.45
161 0.26 0.1 0.5
162 0.26 0.1 0.53125
163 0.26 0.1 0.55625
164 0.26 0.1 0.58125
165 0.26 0.1 0.60625
166 0.26 0.1 0.63125
167 0.26 0.05 0.6625
168 0.26 0.0 0.675
169 0.26 0.0 0.675
170 0.26 0.0 0.675
171 0.26 0.0 0.675
172 0.26 0.0 0.675
173 0.26 0.0 0.675
174 0.26 0.0 0.675
175 0.26 0.0 0.675
176 0.26 0.0 0.675
177 0.26 0.0 0.675
178 0.26 0.0 0.675
179 0.26 0.0 0.68125
180 0.26 0.05 0.68125
181 0.26 0.1 0.69375
