0 0.26 0.0 0.0
1 0.26 0.0 0.0
2 0.26 0.0 0.0
3 0.26 0.0 0.0
4 0.26 0.0 0.0
5 0.26 0.0 0.0
6 0.26 0.0 0.0
7 0.26 0.0 0.0
8 0.26 0.0 0.0
9 0.26 0.0 0.0
10 0.26 0.0 0.0
11 0.26 -0.05 0.0
12 0.26 -0.1 0.0
13 0.26 -0.2 0.0
14 0.26 -0.3 0.0
15 0.26 -0.35 0.0
16 0.26 -0.45 0.0
17 0.26 -0.5 0.0
18 0.26 -0.6 0.0
19 0.26 -0.6 0.0
20 0.26 -0.6 0.01875
21 0.26 -0.6 0.03125
22 0.26 -0.6 0.0375
23 0.26 -0.6 0.04375
24 0.26 -0.6 0.0
25 0.0 0.0 0.0
26 0.0 0.0 0.0
27 0.0 0.0 0.0
28 0.0 0.0 0.0
29 0.005 0.0 0.0
30 0.01 0.0 0.0
31 0.01 0.0 0.0
32 0.025 0.0 0.0
33 0.055 0.0 0.0
34 0.085 0.0 0.0
35 0.11 0.0 0.0
36 0.14 0.0 0.0
37 0.17 0.0 0.0
38 0.195 0.0 0.0
39 0.225 0.0 0.0
40 0.25 0.0 0.0
41 0.26 0.0 0.0
42 0.26 0.0 0.0
43 0.26 0.0 0.0
44 0.26 0.0 0.0
45 0.26 0.0 0.0
46 0.26 0.0 0.0
47 0.26 0.05 0.0
48 0.26 0.1 0.0
49 0.26 0.15 0.0
50 0.26 0.2 0.0
51 0.26 0.3 0.0
52 0.26 0.3 0.0
53 0.26 0.4 0.0
54 0.26 0.45 0.0
55 0.26 0.5 0.0
56 0.26 0.5 0.05625
57 0.26 0.5 0.23125
58 0.26 0.5 0.3125
59 0.26 0.5 0.302666666667
60 0.26 0.5 0.29375
61 0.26 0.5 0.2875
62 0.26 0.5 0.15
63 0.0 0.0 0.0125
64 0.0 0.0 0.05625
65 0.0 0.0 0.0305
66 0.005 0.0 0.025
67 0.01 0.0 0.06875
68 0.01 0.0 0.06875
69 0.025 0.0 0.074
70 0.055 0.0 0.06875
71 0.085 0.0 0.05
72 0.11 0.0 0.01875
73 0.145 0.0 0.01875
74 0.17 0.0 0.01875
75 0.2 0.0 0.03125
76 0.23 0.0 0.01875
77 0.26 0.0 0.025
78 0.26 0.0 0.025
79 0.26 0.0 0.01875
80 0.26 0.0 0.01875
81 0.26 0.0 0.0125
82 0.26 0.0 0.0125
83 0.26 0.0 0.0125
84 0.26 0.0 0.00625
85 0.26 0.0 0.00625
86 0.26 0.0 0.0
87 0.26 0.0 0.0
88 0.26 0.0 0.0
89 0.26 0.0 0.0
90 0.26 0.0 0.0
91 0.26 0.0 0.0
92 0.26 0.0 0.0
93 0.26 0.0 0.0
94 0.26 0.0 0.0
95 0.26 0.0 0.0
96 0.26 0.05 0.0
97 0.26 0.1 0.0
98 0.26 0.1 0.0
99 0.26 0.1 0.0
100 0.26 0.2 0.0
101 0.26 0.2 0.0
102 0.26 0.2 0.0
103 0.26 0.2 0.0
104 0.26 0.2 0.0
105 0.26 0.2 0.0
106 0.26 0.2 0.0
107 0.26 0.2 0.0375
108 0.26 0.2 0.0875
109 0.26 0.2 0.10625
110 0.26 0.2 0.1
111 0.26 0.2 0.09375
112 0.26 0.2 0.0920833333333
113 0.26 0.2 0.08125
114 0.26 0.2 0.075
115 0.26 0.2 0.075
116 0.26 0.2 0.06875
117 0.26 0.2 0.0625
118 0.26 0.2 0.05625
119 0.26 0.2 0.05625
120 0.26 0.25 0.04375
121 0.26 0.3 0.0
122 0.26 0.4 0.0
123 0.26 0.4 0.0
124 0.26 0.5 0.0
125 0.26 0.5 0.0
126 0.0 0.0 0.0
127 0.0 0.0 0.0
128 0.005 0.0 0.0
129 0.01 0.0 0.0
130 0.01 0.0 0.0
131 0.03 0.0 0.0
132 0.06 0.0 0.0
133 0.09 0.0 0.0
134 0.115 0.0 0.0
135 0.145 0.0 0.0
136 0.175 0.0 0.0
137 0.205 0.0 0.0
138 0.23 0.0 0.0
139 0.26 0.0 0.0
140 0.26 0.0 0.0
141 0.26 0.0 0.0
142 0.26 0.0 0.0
143 0.26 0.0 0.0
144 0.26 0.0 0.0
145 0.26 0.0 0.0
146 0.26 0.0 0.0
147 0.26 0.0 0.0
148 0.26 0.0 0.0
149 0.26 0.0 0.0
150 0.26 0.0 0.0
151 0.26 0.0 0.0
152 0.26 0.0 0.0
153 0.26 -0.1 0.0
154 0.26 -0.15 0.0
155 0.26 -0.2 0.0
156 0.26 -0.3 0.0
157 0.26 -0.35 0.0
158 0.26 -0.4 0.0
159 0.26 -0.45 0.10625
160 0.26 -0.5 0.21875
161 0.26 -0.5 0.35625
162 0.0 0.0 0.49375
163 0.0 0.0 0.68125
164 0.0 0.0 0.641666666667
165 0.005 0.0 0.808333333333
166 0.01 0.0 1.0
167 0.01 0.05 1.0
168 0.01 0.1 1.0
169 0.01 0.1 1.0
170 0.01 0.2 1.0
171 0.01 0.5 1.0
172 0.01 0.75 1.0
173 0.01 1.05 1.0
174 0.01 1.15 0.944583333333
175 0.01 1.2 0.8125
176 0.0 0.0 0.64375
177 0.005 0.0 0.56875
178 0.01 0.0 0.56875
179 0.01 0.0 0.56875
180 0.02 0.0 0.56875
181 0.045 0.0 0.5625
182 0.075 0.0 0.5625
183 0.105 0.0 0.5625
184 0.13 0.0 0.5625
185 0.155 0.0 0.56875
186 0.17 0.0 0.575
187 0.18 0.0 0.56875
188 0.19 0.0 0.56875
189 0.2 0.0 0.575
190 0.205 0.0 0.575
191 0.215 0.0 0.575
192 0.225 0.0 0.58125
193 0.23 0.0 0.58125
194 0.24 0.0 0.58125
195 0.25 0.0 0.5875
196 0.26 0.0 0.5875
197 0.26 0.0 0.59375
198 0.26 0.0 0.59375
199 0.26 0.0 0.6
200 0.26 0.0 0.6
201 0.26 0.0 0.60625
202 0.26 0.0 0.6125
203 0.26 0.0 0.6125
