0 0.26 0.0 0.0705833333333
1 0.26 0.0 0.0625
2 0.26 0.0 0.05625
3 0.26 0.0 0.04375
4 0.26 0.0 0.03125
5 0.26 0.0 0.01875
6 0.26 0.0 0.00625
7 0.26 0.0 0.0
8 0.26 0.0 0.0
9 0.26 0.0 0.0
10 0.26 0.0 0.0
11 0.26 0.0 0.0
12 0.26 0.0 0.0
13 0.26 0.0 0.0
14 0.26 0.0 0.0
15 0.26 0.0 0.0
16 0.26 0.0 0.0
17 0.26 0.0 0.0
18 0.26 -0.05 0.0
19 0.26 -0.1 0.0
20 0.26 -0.2 0.0
21 0.26 -0.25 0.0
22 0.26 -0.3 0.0
23 0.26 -0.35 0.0
24 0.26 -0.4 0.0
25 0.26 -0.4 0.0
26 0.26 -0.4 0.0
27 0.26 -0.4 0.10625
28 0.26 -0.4 0.21875
29 0.26 -0.4 0.33125
30 0.26 -0.4 0.45625
31 0.26 -0.4 0.51875
32 0.0 0.0 0.55
33 0.0 0.0 0.48125
34 0.0 0.0 0.43125
35 0.0 0.0 0.43125
36 0.01 0.0 0.43125
37 0.01 0.0 0.43125
38 0.01 0.0 0.43125
39 0.035 0.0 0.43125
40 0.06 0.0 0.43125
41 0.085 0.0 0.425
42 0.11 0.0 0.41875
43 0.14 0.0 0.43125
44 0.165 0.0 0.43125
45 0.195 0.0 0.43125
46 0.22 0.0 0.43125
47 0.25 0.0 0.43125
48 0.26 0.0 0.42275
49 0.26 0.0 0.40625
50 0.26 0.0 0.39375
51 0.26 0.0 0.378083333333
52 0.26 0.0 0.363833333333
53 0.26 0.0 0.35
54 0.26 0.0 0.336666666667
55 0.26 0.0 0.31875
56 0.26 0.0 0.30625
57 0.26 0.0 0.29375
58 0.26 0.0 0.27625
59 0.26 0.0 0.2625
60 0.26 0.0 0.25
61 0.26 0.0 0.2375
62 0.26 0.0 0.225
63 0.26 0.0 0.207916666667
64 0.26 0.05 0.19375
65 0.26 0.1 0.1915
66 0.26 0.15 0.20625
67 0.26 0.2 0.2375
68 0.26 0.25 0.2875
69 0.26 0.3 0.34375
70 0.26 0.35 0.41875
71 0.26 0.4 0.50625
72 0.26 0.4 0.6
73 0.26 0.4 0.7
74 0.26 0.4 0.75
75 0.26 0.4 0.75
76 0.26 0.4 0.75
77 0.26 0.4 0.75
78 0.0 0.0 0.75
79 0.0 0.0 0.75
80 0.0 0.0 0.75
81 0.005 0.0 0.75
82 0.01 0.0 0.75
83 0.01 0.0 0.75
84 0.015 0.0 0.75
85 0.045 0.0 0.75
86 0.07 0.0 0.75
87 0.095 0.0 0.75
88 0.12 0.0 0.75
89 0.145 0.0 0.75
90 0.175 0.0 0.75
91 0.2 0.0 0.75
92 0.205 0.0 0.75
93 0.215 0.0 0.75
94 0.225 0.0 0.75
95 0.23 0.0 0.75
96 0.24 0.0 0.75
97 0.25 0.0 0.75
98 0.255 0.0 0.75
99 0.26 0.0 0.75
100 0.26 0.0 0.75
101 0.26 0.0 0.75
102 0.26 0.0 0.75
103 0.26 0.0 0.75
104 0.26 0.0 0.75
105 0.26 0.0 0.75
106 0.26 0.0 0.75
107 0.26 0.0 0.75
108 0.26 0.0 0.75
109 0.26 0.0 0.75
