0 0.26 0.0 0.0
1 0.26 0.0 0.0
2 0.26 0.0 0.0
3 0.26 0.0 0.0
4 0.26 0.0 0.0
5 0.26 0.0 0.0
6 0.26 0.0 0.0
7 0.26 0.0 0.0
8 0.26 0.0 0.0
9 0.26 -0.05 0.0
10 0.26 -0.1 0.0
11 0.26 -0.1 0.0
12 0.26 -0.2 0.0
13 0.26 -0.2 0.0
14 0.26 -0.25 0.0
15 0.26 -0.3 0.0
16 0.26 -0.35 0.0
17 0.26 -0.4 0.0
18 0.26 -0.4 0.0
19 0.26 -0.4 0.10625
20 0.26 -0.4 0.16875
21 0.26 -0.4 0.175
22 0.26 -0.4 0.19375
23 0.26 -0.4 0.20625
24 0.26 -0.4 0.15
25 0.0 0.0 0.01625
26 0.0 0.0 0.0
27 0.0 0.0 0.0
28 0.005 0.0 0.0
29 0.01 0.0 0.0
30 0.01 0.0 0.0
31 0.01 0.0 0.0
32 0.04 0.0 0.0
33 0.07 0.0 0.0
34 0.1 0.0 0.0
35 0.13 0.0 0.0
36 0.16 0.0 0.0
37 0.19 0.0 0.0
38 0.22 0.0 0.0
39 0.25 0.0 0.0
40 0.26 0.0 0.0
41 0.26 0.0 0.0
42 0.26 0.0 0.0
43 0.26 0.0 0.0
44 0.26 0.0 0.0
45 0.26 0.0 0.0
46 0.26 0.0 0.0
47 0.26 0.0 0.0
48 0.26 0.0 0.0
49 0.26 0.0 0.0
50 0.26 0.0 0.0
51 0.26 0.0 0.0
52 0.26 0.1 0.0
53 0.26 0.1 0.0
54 0.26 0.1 0.0
55 0.26 0.2 0.0
56 0.26 0.2 0.0
57 0.26 0.2 0.0
58 0.26 0.25 0.0
59 0.26 0.3 0.0
60 0.26 0.3 0.0
61 0.26 0.3 0.0
62 0.26 0.4 0.0085
63 0.26 0.4 0.10625
64 0.26 0.4 0.2375
65 0.26 0.4 0.3125
66 0.26 0.4 0.30375
67 0.26 0.4 0.3
68 0.26 0.4 0.29375
69 0.26 0.4 0.24375
70 0.26 0.4 0.1125
71 0.26 0.4 0.0125
72 0.0 0.0 0.0
73 0.0 0.0 0.06875
74 0.0 0.0 0.0
75 0.005 0.0 0.00625
76 0.01 0.0 0.18125
77 0.01 0.0 0.26875
78 0.01 0.1 0.26875
79 0.01 0.1 0.2625
80 0.01 0.15 0.24375
81 0.01 0.45 0.2
82 0.01 0.6 0.14375
83 0.01 0.7 0.05
84 0.01 0.8 0.0
85 0.0 0.0 0.24375
86 0.0 0.0 0.34375
87 0.005 0.0 0.34375
88 0.01 0.0 0.34375
89 0.01 0.0 0.34375
90 0.02 0.0 0.34375
91 0.05 0.0 0.34375
92 0.08 0.0 0.34375
93 0.11 0.0 0.34375
94 0.14 0.0 0.33125
95 0.17 0.0 0.34375
96 0.195 0.0 0.34375
97 0.225 0.0 0.3375
98 0.255 0.0 0.33125
99 0.26 0.0 0.325
100 0.26 0.0 0.31875
101 0.26 0.0 0.3125
102 0.26 0.0 0.30625
103 0.26 0.0 0.298583333333
104 0.26 0.0 0.29375
105 0.26 0.0 0.2875
106 0.26 0.0 0.275
107 0.26 0.0 0.269833333333
108 0.26 0.0 0.2625
109 0.26 0.0 0.25625
110 0.26 0.0 0.24375
111 0.26 0.0 0.24375
112 0.26 0.0 0.23125
113 0.26 0.0 0.225
114 0.26 0.0 0.21875
115 0.26 0.0 0.20625
116 0.26 0.0 0.2
117 0.26 0.0 0.1875
118 0.26 0.0 0.175
119 0.26 0.0 0.175
120 0.26 0.0 0.1625
121 0.26 0.0 0.15625
122 0.26 0.0 0.15
123 0.26 0.0 0.13125
124 0.26 0.0 0.125
125 0.26 0.0 0.11725
126 0.26 0.0 0.10625
127 0.26 0.0 0.09375
128 0.26 0.0 0.08125
129 0.26 0.0 0.0625
130 0.26 0.0 0.05625
131 0.26 0.0 0.04375
132 0.26 0.0 0.02575
133 0.26 0.0 0.0154166666667
134 0.26 0.0 0.00183333333333
135 0.26 0.0 0.0
136 0.26 0.0 0.0
137 0.26 0.1 0.0
138 0.26 0.1 0.0
139 0.26 0.2 0.0
140 0.26 0.2 0.0
141 0.26 0.3 0.0
142 0.26 0.3 0.0
143 0.26 0.4 0.0
144 0.26 0.4 0.0
145 0.26 0.4 0.0
146 0.26 0.4 0.0
147 0.26 0.4 0.0
148 0.0 0.0 0.0
149 0.0 0.0 0.0
150 0.0 0.0 0.0
151 0.005 0.0 0.0
152 0.01 0.0 0.0
153 0.01 0.0 0.0
154 0.025 0.0 0.0
155 0.055 0.0 0.0
156 0.085 0.0 0.0
157 0.11 0.0 0.0
158 0.14 0.0 0.0
159 0.16 -0.05 0.0
160 0.17 -0.1 0.0
161 0.18 -0.1 0.0
162 0.185 -0.1 0.0
163 0.195 -0.15 0.0
164 0.205 -0.2 0.0
165 0.215 -0.2 0.0
166 0.225 -0.2 0.0
167 0.235 -0.3 0.0
168 0.245 -0.3 0.0
169 0.255 -0.3 0.0
170 0.26 -0.3 0.0
171 0.26 -0.3 0.0
172 0.26 -0.3 0.0
173 0.26 -0.3 0.0
174 0.26 -0.3 0.0
175 0.26 -0.3 0.0
176 0.26 -0.3 0.0
177 0.26 -0.3 0.0
178 0.26 -0.3 0.0
179 0.26 -0.3 0.0
180 0.26 -0.3 0.0
181 0.26 -0.2 0.0
182 0.26 -0.2 0.0
183 0.26 -0.2 0.0
184 0.26 -0.2 0.0
185 0.26 -0.2 0.0
186 0.26 -0.2 0.0
187 0.26 -0.2 0.0
188 0.26 -0.2 0.0
189 0.26 -0.2 0.0
190 0.26 -0.2 0.0
191 0.26 -0.2 0.0
192 0.26 -0.2 0.0
193 0.26 -0.2 0.0
194 0.26 -0.2 0.0
195 0.26 -0.2 0.0
196 0.26 -0.2 0.0
197 0.26 -0.2 0.0
198 0.26 -0.2 0.0
