0 0.12 0.0 0.291666666667
1 0.145 0.0 0.291666666667
2 0.17 0.0 0.291666666667
3 0.195 0.0 0.291666666667
4 0.22 0.0 0.291666666667
5 0.225 0.0 0.291666666667
6 0.235 0.0 0.291666666667
7 0.24 0.0 0.291666666667
8 0.245 0.0 0.291666666667
9 0.255 0.0 0.291666666667
10 0.26 0.0 0.291666666667
11 0.26 0.0 0.291666666667
12 0.26 0.0 0.291666666667
13 0.26 0.05 0.291666666667
14 0.26 0.1 0.291666666667
15 0.26 0.1 0.291666666667
16 0.26 0.1 0.291666666667
17 0.26 0.1 0.291666666667
18 0.26 0.1 0.291666666667
19 0.26 0.1 0.291666666667
20 0.26 0.1 0.291666666667
21 0.26 0.1 0.291666666667
22 0.26 0.05 0.291666666667
23 0.26 0.0 0.291666666667
24 0.26 0.0 0.291666666667
25 0.26 0.0 0.291666666667
26 0.26 0.0 0.291666666667
27 0.26 0.0 0.291666666667
28 0.26 0.0 0.291666666667
29 0.26 0.0 0.291666666667
30 0.26 0.0 0.2475
31 0.26 0.0 0.223583333333
32 0.26 0.0 0.22625
33 0.26 0.0 0.231583333333
34 0.26 0.0 0.231083333333
35 0.26 -0.05 0.229166666667
36 0.26 -0.1 0.22575
37 0.26 -0.15 0.223666666667
38 0.26 -0.2 0.23875
39 0.26 -0.2 0.274
40 0.26 -0.2 0.291666666667
41 0.26 -0.25 0.291666666667
42 0.26 -0.3 0.291666666667
43 0.26 -0.3 0.291666666667
44 0.26 -0.3 0.291666666667
45 0.26 -0.3 0.291666666667
46 0.26 -0.3 0.291666666667
47 0.26 -0.3 0.291666666667
48 0.26 -0.3 0.291666666667
49 0.26 -0.3 0.291666666667
50 0.26 -0.3 0.291666666667
51 0.26 -0.3 0.291666666667
52 0.26 -0.3 0.291666666667
53 0.26 -0.3 0.291666666667
54 0.26 -0.3 0.287916666667
55 0.26 -0.3 0.267166666667
56 0.26 -0.25 0.240333333333
57 0.26 -0.2 0.22675
58 0.26 -0.15 0.226916666667
59 0.26 -0.1 0.223
60 0.26 -2.77555756156e-17 0.21825
61 0.26 -2.77555756156e-17 0.213166666667
62 0.26 0.05 0.209916666667
63 0.26 0.1 0.2075
64 0.26 0.1 0.2035
65 0.26 0.1 0.2015
66 0.26 0.1 0.199916666667
67 0.26 0.1 0.197333333333
68 0.26 0.1 0.195
69 0.26 0.1 0.164
70 0.26 0.1 0.157083333333
71 0.26 0.15 0.163
72 0.26 0.2 0.13125
73 0.26 0.2 0.112916666667
74 0.26 0.2 0.184166666667
75 0.26 0.2 0.195
76 0.26 0.2 0.194416666667
77 0.26 0.2 0.178
78 0.26 0.2 0.162666666667
79 0.26 0.2 0.148416666667
80 0.26 0.2 0.149
81 0.26 0.2 0.155666666667
82 0.26 0.2 0.172083333333
83 0.26 0.2 0.556
84 0.26 0.1 0.652083333333
85 0.26 0.05 0.602833333333
86 0.26 -2.77555756156e-17 0.6565
87 0.26 -2.77555756156e-17 0.724083333333
88 0.26 -2.77555756156e-17 0.566666666667
89 0.26 -2.77555756156e-17 0.303583333333
90 0.26 -2.77555756156e-17 0.244666666667
91 0.26 -0.1 0.242333333333
92 0.26 -0.15 0.2445
93 0.26 -0.25 0.242833333333
94 0.26 -0.3 0.247916666667
95 0.26 -0.3 0.2495
96 0.26 -0.3 0.25025
97 0.26 -0.3 0.291666666667
98 0.26 -0.3 0.291666666667
99 0.26 -0.3 0.291666666667
100 0.26 -0.3 0.291666666667
101 0.26 -0.3 0.291666666667
102 0.26 -0.3 0.291666666667
103 0.26 -0.3 0.291666666667
104 0.26 -0.3 0.291666666667
105 0.26 -0.3 0.291666666667
106 0.26 -0.3 0.291666666667
107 0.26 -0.25 0.291666666667
108 0.26 -0.2 0.291666666667
109 0.26 -0.2 0.291666666667
110 0.26 -0.15 0.291666666667
111 0.26 -0.1 0.291666666667
112 0.26 -0.1 0.28975
113 0.26 -0.05 0.274416666667
114 0.26 -2.77555756156e-17 0.257166666667
115 0.26 -2.77555756156e-17 0.247583333333
116 0.26 -2.77555756156e-17 0.238
117 0.26 -2.77555756156e-17 0.228416666667
118 0.26 0.05 0.218833333333
119 0.26 0.1 0.213083333333
120 0.26 0.15 0.213083333333
121 0.26 0.2 0.218833333333
122 0.26 0.2 0.230333333333
123 0.26 0.2 0.239916666667
124 0.26 0.25 0.2495
125 0.26 0.3 0.262916666667
126 0.26 0.3 0.276333333333
127 0.26 0.35 0.291666666667
128 0.26 0.4 0.291666666667
129 0.26 0.4 0.291666666667
130 0.26 0.4 0.291666666667
131 0.26 0.4 0.291666666667
132 0.26 0.4 0.291666666667
133 0.26 0.4 0.291666666667
134 0.26 0.4 0.291666666667
135 0.26 0.4 0.291666666667
136 0.26 0.4 0.291666666667
137 0.26 0.4 0.291666666667
138 0.26 0.4 0.291666666667
139 0.26 0.4 0.291666666667
140 0.26 0.4 0.291666666667
141 0.26 0.35 0.291666666667
142 0.26 0.3 0.291666666667
143 0.26 0.2 0.291666666667
144 0.26 0.15 0.291666666667
145 0.26 0.05 0.291666666667
146 0.26 2.77555756156e-17 0.291666666667
147 0.26 2.77555756156e-17 0.291666666667
148 0.26 2.77555756156e-17 0.291666666667
149 0.26 2.77555756156e-17 0.291666666667
150 0.26 2.77555756156e-17 0.291666666667
151 0.26 2.77555756156e-17 0.291666666667
152 0.26 2.77555756156e-17 0.291666666667
153 0.26 2.77555756156e-17 0.291666666667
154 0.26 2.77555756156e-17 0.291666666667
155 0.26 2.77555756156e-17 0.291666666667
156 0.26 2.77555756156e-17 0.291666666667
157 0.26 2.77555756156e-17 0.291666666667
158 0.26 2.77555756156e-17 0.291666666667
159 0.26 2.77555756156e-17 0.291666666667
160 0.26 2.77555756156e-17 0.291666666667
161 0.26 2.77555756156e-17 0.291666666667
162 0.26 2.77555756156e-17 0.291666666667
163 0.26 2.77555756156e-17 0.291666666667
164 0.26 2.77555756156e-17 0.291666666667
165 0.26 2.77555756156e-17 0.291666666667
166 0.26 2.77555756156e-17 0.291666666667
167 0.26 2.77555756156e-17 0.291666666667
168 0.26 2.77555756156e-17 0.291666666667
169 0.26 2.77555756156e-17 0.291666666667
170 0.26 2.77555756156e-17 0.291666666667
171 0.26 2.77555756156e-17 0.291666666667
172 0.26 2.77555756156e-17 0.291666666667
173 0.26 2.77555756156e-17 0.291666666667
174 0.26 2.77555756156e-17 0.291666666667
175 0.26 2.77555756156e-17 0.291666666667
176 0.26 2.77555756156e-17 0.291666666667
177 0.26 2.77555756156e-17 0.291666666667
178 0.26 2.77555756156e-17 0.291666666667
179 0.26 2.77555756156e-17 0.291666666667
180 0.26 2.77555756156e-17 0.291666666667
181 0.26 2.77555756156e-17 0.291666666667
182 0.26 2.77555756156e-17 0.291666666667
183 0.26 2.77555756156e-17 0.291666666667
184 0.26 2.77555756156e-17 0.291666666667
185 0.26 2.77555756156e-17 0.291666666667
186 0.26 2.77555756156e-17 0.291666666667
187 0.26 2.77555756156e-17 0.291666666667
188 0.26 2.77555756156e-17 0.291666666667
189 0.26 2.77555756156e-17 0.291666666667
190 0.26 2.77555756156e-17 0.291666666667
191 0.26 2.77555756156e-17 0.291666666667
