0 0.26 0.0 0.0
1 0.26 0.0 0.0
2 0.26 0.05 0.0
3 0.26 0.1 0.0
4 0.26 0.2 0.0
5 0.26 0.25 0.0
6 0.26 0.3 0.0
7 0.26 0.35 0.0
8 0.26 0.4 0.0
9 0.26 0.4 0.110083333333
10 0.26 0.4 0.2625
11 0.26 0.4 0.4
12 0.26 0.4 0.5125
13 0.26 0.4 0.6375
14 0.26 0.4 0.65625
15 0.0 0.0 0.56875
16 0.0 0.0 0.41875
17 0.005 0.0 0.24375
18 0.01 0.0 0.13125
19 0.01 0.0 0.125
20 0.02 0.0 0.123166666667
21 0.05 0.0 0.11925
22 0.07 0.0 0.120166666667
23 0.1 0.0 0.14375
24 0.125 0.0 0.15
25 0.16 0.0 0.125916666667
26 0.185 0.0 0.11225
27 0.21 0.0 0.103166666667
28 0.245 0.0 0.0865
29 0.26 0.0 0.05
30 0.26 0.0 0.0248333333333
31 0.26 0.0 0.00333333333333
32 0.26 0.0 0.0
33 0.26 0.0 0.0
34 0.26 0.0 0.0
35 0.26 0.0 0.0
36 0.26 0.0 0.0
37 0.26 0.0 0.0
38 0.26 0.0 0.0
39 0.26 0.0 0.0
40 0.26 0.0 0.0
41 0.26 0.0 0.0
42 0.26 0.0 0.0
43 0.26 0.0 0.0
44 0.26 0.0 0.0
45 0.26 0.0 0.0
46 0.26 0.0 0.0
47 0.26 0.0 0.0
48 0.26 0.0 0.0
49 0.26 0.0 0.0
50 0.26 0.0 0.0
51 0.26 0.0 0.0
52 0.26 0.0 0.0
53 0.26 0.0 0.0
54 0.26 0.0 0.0
55 0.26 0.0 0.0
56 0.26 0.0 0.0
57 0.26 0.0 0.0
58 0.26 0.0 0.0
59 0.26 0.0 0.0
60 0.26 0.0 0.0
61 0.26 0.0 0.0
62 0.26 0.0 0.0
63 0.26 0.0 0.0
64 0.26 0.0 0.0
65 0.26 0.0 0.0
66 0.26 0.0 0.0
67 0.26 0.0 0.0
68 0.26 0.0 0.0
69 0.26 0.0 0.0
70 0.26 0.0 0.0
71 0.26 0.0 0.0
72 0.26 0.0 0.0
73 0.26 -0.1 0.0
74 0.26 -0.1 0.0
75 0.26 -0.1 0.0
76 0.26 -0.1 0.0
77 0.26 -0.1 0.0
78 0.26 -0.1 0.0
79 0.26 -0.1 0.0
80 0.26 -0.1 0.0
81 0.26 -0.1 0.0
82 0.26 -0.1 0.0
83 0.26 -0.1 0.0
84 0.26 -0.1 0.0
85 0.26 -0.1 0.0
86 0.26 -0.1 0.0
87 0.26 -0.1 0.0
88 0.26 -0.1 0.0
89 0.26 -0.1 0.0
90 0.26 -0.1 0.0
91 0.26 -0.1 0.0
92 0.26 -0.1 0.0
93 0.26 -0.1 0.0
94 0.26 -0.1 0.0
95 0.26 -0.1 0.0
96 0.26 -0.1 0.0
97 0.26 -0.2 0.0
98 0.26 -0.2 0.0
99 0.26 -0.3 0.0
100 0.26 -0.3 0.0
101 0.26 -0.3 0.0
102 0.26 -0.3 0.0
103 0.26 -0.3 0.0
104 0.26 -0.3 0.0
105 0.26 -0.3 0.0
106 0.26 -0.3 0.0
107 0.26 -0.3 0.0
108 0.26 -0.3 0.0
109 0.26 -0.3 0.0
110 0.26 -0.3 0.0
111 0.26 -0.3 0.0
112 0.26 -0.3 0.0
113 0.26 -0.3 0.0
114 0.26 -0.3 0.0
115 0.26 -0.3 0.0
116 0.26 -0.3 0.0
117 0.26 -0.3 0.0
118 0.26 -0.2 0.0
119 0.26 -0.2 0.0
120 0.26 -0.2 0.0
121 0.26 -0.2 0.0
122 0.26 -0.2 0.0
123 0.26 -0.2 0.0
124 0.26 -0.2 0.0
125 0.26 -0.2 0.0313333333333
126 0.26 -0.2 0.09375
127 0.26 -0.2 0.1375
128 0.26 -0.2 0.2125
129 0.26 -0.2 0.26875
130 0.26 -0.2 0.35
131 0.26 -0.2 0.36275
132 0.26 -0.2 0.373916666667
133 0.26 -0.2 0.379833333333
134 0.26 -0.2 0.3975
135 0.26 -0.2 0.421083333333
136 0.26 -0.2 0.453
137 0.26 -0.2 0.450083333333
138 0.26 -0.2 0.420166666667
139 0.26 -0.2 0.384166666667
140 0.26 -0.2 0.397583333333
141 0.26 -0.2 0.44825
142 0.26 -0.2 0.483916666667
143 0.26 -0.2 0.507
144 0.26 -0.15 0.561083333333
145 0.26 -0.1 0.601916666667
146 0.26 -0.1 0.62275
147 0.26 -0.1 0.648416666667
148 0.0 0.0 0.674
149 0.0 0.0 0.668416666667
150 0.005 0.0 0.613916666667
151 0.01 0.0 0.597083333333
152 0.01 0.0 0.592083333333
153 0.01 0.0 0.592
154 0.01 0.0 0.59175
155 0.02 0.0 0.5915
156 0.02 0.0 0.591333333333
157 0.04 0.0 0.59025
158 0.065 0.0 0.591666666667
159 0.095 0.0 0.619
160 0.125 0.0 0.62375
161 0.15 0.0 0.618083333333
162 0.175 0.0 0.611666666667
163 0.2 0.0 0.61125
164 0.225 0.0 0.616166666667
165 0.255 0.0 0.614583333333
166 0.26 0.0 0.575583333333
167 0.26 0.0 0.310083333333
168 0.26 0.0 0.0541666666667
169 0.26 0.0 0.0
170 0.26 0.0 0.0
171 0.26 0.0 0.0
172 0.26 0.0 0.0
173 0.26 0.0 0.0
174 0.26 0.0 0.0
175 0.26 0.0 0.0
176 0.26 0.0 0.0
177 0.26 0.0 0.0
178 0.26 0.0 0.0
179 0.26 0.0 0.0
180 0.26 0.0 0.0
181 0.26 0.0 0.0
182 0.26 0.0 0.0
183 0.26 0.0 0.0
184 0.26 0.0 0.0
185 0.26 0.0 0.0
186 0.26 0.0 0.0
187 0.26 0.0 0.0
188 0.26 0.0 0.0
189 0.26 0.0 0.0
190 0.26 0.0 0.0
191 0.26 0.0 0.0
192 0.26 0.0 0.0
193 0.26 0.0 0.0
194 0.26 0.0 0.0
195 0.26 0.0 0.0
196 0.26 0.0 0.0
197 0.26 0.0 0.0
198 0.26 0.0 0.0
199 0.26 0.0 0.0
200 0.26 0.0 0.0
201 0.26 0.0 0.0
202 0.26 0.0 0.0
203 0.26 0.0 0.0
204 0.26 0.0 0.0
205 0.26 0.0 0.0
206 0.26 0.0 0.0
207 0.26 0.0 0.0
208 0.26 0.0 0.0
209 0.26 -0.1 0.0
210 0.26 -0.15 0.0
211 0.26 -0.2 0.0
212 0.26 -0.3 0.0
213 0.26 -0.3 0.0
214 0.26 -0.4 0.0
215 0.26 -0.4 0.0
216 0.26 -0.4 0.0
217 0.26 -0.4 0.0
218 0.26 -0.4 0.0
219 0.26 -0.4 0.0
220 0.26 -0.4 0.0
221 0.26 -0.4 0.0
222 0.26 -0.4 0.0
223 0.26 -0.4 0.0
224 0.26 -0.4 0.0
225 0.26 -0.4 0.0
226 0.26 -0.4 0.0
227 0.26 -0.4 0.06875
228 0.26 -0.4 0.175
229 0.26 -0.4 0.2095
230 0.26 -0.4 0.249
231 0.26 -0.4 0.35425
232 0.26 -0.4 0.465083333333
233 0.26 -0.4 0.569916666667
234 0.0 0.0 0.560833333333
235 0.0 0.0 0.595416666667
236 0.01 0.0 0.595666666667
237 0.01 0.0 0.595666666667
238 0.035 0.0 0.595666666667
239 0.065 0.0 0.595666666667
240 0.095 0.0 0.595666666667
241 0.135 0.0 0.595666666667
242 0.175 0.0 0.601083333333
243 0.205 0.0 0.594333333333
244 0.23 0.0 0.595666666667
245 0.255 0.0 0.594666666667
246 0.26 0.0 0.595583333333
247 0.26 0.0 0.598833333333
248 0.26 0.0 0.605083333333
249 0.26 0.0 0.605166666667
250 0.26 0.0 0.609333333333
251 0.26 0.0 0.613833333333
252 0.26 0.0 0.61375
253 0.26 0.0 0.61375
254 0.26 0.0 0.619333333333
255 0.26 0.0 0.623666666667
256 0.26 0.0 0.628333333333
257 0.26 0.0 0.63025
258 0.26 0.0 0.637416666667
259 0.26 0.0 0.642333333333
260 0.26 0.0 0.647916666667
261 0.26 0.0 0.647
262 0.26 0.0 0.645916666667
263 0.26 0.0 0.645833333333
264 0.26 0.0 0.64475
265 0.26 0.0 0.648416666667
266 0.26 0.0 0.648333333333
267 0.26 0.0 0.646583333333
268 0.26 0.0 0.6385
269 0.26 0.0 0.0
270 0.26 0.0 0.0
271 0.26 0.0 0.0
272 0.26 0.0 0.0
273 0.26 0.0 0.0
274 0.26 0.0 0.0
275 0.26 0.0 0.0
276 0.26 0.0 0.0
277 0.26 0.0 0.0
278 0.26 0.0 0.0
279 0.26 0.0 0.0
280 0.26 0.0 0.0
281 0.26 0.0 0.0
282 0.26 0.0 0.0
283 0.26 0.0 0.0
284 0.26 0.0 0.0
285 0.26 0.0 0.0
286 0.26 0.0 0.0
287 0.26 0.0 0.0
288 0.26 0.0 0.0
289 0.26 0.0 0.0
290 0.26 0.0 0.0
291 0.26 0.0 0.0
292 0.26 0.0 0.0
293 0.26 0.0 0.0
294 0.26 0.0 0.0
295 0.26 0.0 0.0
296 0.26 0.0 0.0
297 0.26 0.0 0.0
298 0.26 0.0 0.0
299 0.26 0.0 0.0
300 0.26 0.0 0.0
301 0.26 0.0 0.0
302 0.26 0.0 0.0
