0 0.23 0.0 0.0
1 0.235 0.0 0.0
2 0.245 0.0 0.0
3 0.255 0.0 0.0
4 0.26 0.0 0.0
5 0.26 0.0 0.0
6 0.26 0.0 0.0
7 0.26 0.0 0.0
8 0.26 -0.05 0.0
9 0.26 -0.1 0.0
10 0.26 -0.15 0.0
11 0.26 -0.2 0.0
12 0.26 -0.25 0.0
13 0.26 -0.3 0.0
14 0.26 -0.3 0.0
15 0.26 -0.4 0.0
16 0.26 -0.4 0.0
17 0.26 -0.4 0.0
18 0.26 -0.4 0.1
19 0.26 -0.4 0.170333333333
20 0.26 -0.4 0.178666666667
21 0.26 -0.4 0.19375
22 0.26 -0.4 0.20625
23 0.26 -0.4 0.225
24 0.26 -0.4 0.0823333333333
25 0.0 0.0 0.0
26 0.0 0.0 0.0
27 0.0 0.0 0.0
28 0.005 0.0 0.15625
29 0.01 0.0 0.35
30 0.01 0.0 0.35875
31 0.02 0.0 0.35625
32 0.035 -0.05 0.35625
33 0.045 -0.1 0.361833333333
34 0.05 -0.1 0.397916666667
35 0.05 -0.2 0.440083333333
36 0.05 -0.5 0.38125
37 0.05 -0.75 0.358583333333
38 0.05 -0.8 0.21875
39 0.0 0.0 0.0
40 0.0 0.0 0.0
41 0.0 0.0 0.0
42 0.0 -0.05 0.0
43 0.0 -0.1 0.0
44 0.0 -0.1 0.0
45 0.0 -0.2 0.0
46 0.0 -0.45 0.0
47 0.0 0.0 0.0
48 0.0 0.0 0.0
49 0.005 0.0 0.0
50 0.01 0.0 0.0
51 0.01 0.0 0.0
52 0.02 0.0 0.0
53 0.05 0.0 0.0
54 0.075 0.0 0.0
55 0.1 0.0 0.0
56 0.125 0.0 0.0
57 0.155 0.0 0.0
58 0.18 0.0 0.0
59 0.21 0.0 0.0
60 0.24 0.0 0.0
61 0.26 0.0 0.0
62 0.26 0.0 0.0
63 0.26 0.0 0.0
64 0.26 0.0 0.0
65 0.26 0.0 0.0
66 0.26 0.0 0.0
67 0.26 0.0 0.0
68 0.26 0.0 0.0
69 0.26 0.0 0.0
70 0.26 0.0 0.0
71 0.26 0.0 0.0
72 0.26 0.0 0.0
73 0.26 0.0 0.0
74 0.26 0.0 0.0
75 0.26 0.0 0.0
76 0.26 0.0 0.0
77 0.26 0.0 0.0
78 0.26 0.0 0.0
79 0.26 0.1 0.0
80 0.26 0.1 0.0
81 0.26 0.1 0.0
82 0.26 0.1 0.0
83 0.26 0.1 0.0
84 0.26 0.1 0.0
85 0.26 0.1 0.0
86 0.26 0.1 0.0
87 0.26 0.1 0.0
88 0.26 0.1 0.0
89 0.26 0.1 0.0
90 0.26 0.1 0.0
91 0.26 0.1 0.0
92 0.26 0.1 0.0
93 0.26 0.1 0.0
94 0.26 0.15 0.0
95 0.26 0.2 0.0
96 0.26 0.2 0.0
97 0.26 0.2 0.0
98 0.26 0.2 0.0
99 0.26 0.2 0.0
100 0.26 0.2 0.0
101 0.26 0.2 0.0
102 0.26 0.2 0.0125
103 0.26 0.2 0.0625
104 0.26 0.2 0.11875
105 0.26 0.2 0.16875
106 0.26 0.2 0.21875
107 0.26 0.2 0.275
108 0.26 0.2 0.325
109 0.0 0.0 0.375
110 0.0 0.0 0.3875
111 0.005 0.0 0.3875
112 0.01 0.0 0.3875
113 0.01 0.0 0.3875
114 0.015 0.0 0.3875
115 0.045 0.0 0.389833333333
116 0.075 0.0 0.39375
117 0.1 0.0 0.39375
118 0.125 0.0 0.392
119 0.155 0.0 0.39375
120 0.185 0.0 0.39375
121 0.21 0.0 0.4
122 0.23 0.0 0.4
123 0.24 0.0 0.39375
124 0.25 0.0 0.39375
125 0.255 0.0 0.3875
126 0.26 0.0 0.3875
127 0.26 0.0 0.38125
128 0.26 0.0 0.38125
129 0.26 0.0 0.375
130 0.26 0.0 0.36875
131 0.26 0.0 0.36875
132 0.26 0.0 0.3625
133 0.26 0.0 0.3625
134 0.26 0.0 0.35625
135 0.26 0.0 0.35625
136 0.26 0.0 0.35
137 0.26 0.0 0.34375
138 0.26 0.05 0.34375
139 0.26 0.1 0.34375
140 0.26 0.1 0.36875
141 0.26 0.1 0.3875
142 0.26 0.1 0.41875
143 0.26 0.1 0.44375
144 0.26 0.1 0.4625
145 0.26 0.1 0.49375
146 0.26 0.1 0.51875
147 0.26 0.1 0.54375
148 0.26 0.1 0.557583333333
149 0.26 0.1 0.56875
150 0.26 0.1 0.575
151 0.26 0.1 0.58125
152 0.26 0.1 0.5875
153 0.26 0.1 0.59375
154 0.26 0.0 0.6
155 0.26 0.0 0.6125
156 0.26 0.0 0.61875
157 0.26 0.0 0.63125
158 0.26 0.0 0.64375
159 0.26 0.0 0.653583333333
160 0.26 0.0 0.66875
161 0.26 0.0 0.675
162 0.26 0.0 0.69375
163 0.26 0.0 0.7
164 0.26 0.0 0.71975
165 0.26 0.0 0.71875
166 0.26 0.0 0.71875
167 0.26 0.0 0.71875
168 0.26 0.0 0.71875
169 0.26 0.0 0.71875
170 0.26 0.0 0.71875
171 0.26 0.0 0.71875
172 0.26 0.0 0.725
173 0.26 0.0 0.725
174 0.26 0.0 0.725
175 0.26 0.0 0.73125
176 0.26 0.0 0.73125
177 0.26 0.0 0.73125
178 0.26 0.0 0.73125
179 0.26 0.0 0.7375
180 0.26 0.0 0.7375
181 0.26 0.0 0.7375
182 0.26 0.0 0.74375
183 0.26 0.0 0.74375
184 0.26 0.0 0.74375
185 0.26 0.0 0.74375
186 0.26 0.0 0.75
187 0.26 0.0 0.75
188 0.26 0.0 0.75
189 0.26 0.0 0.75
190 0.26 0.0 0.75
191 0.26 0.0 0.75
192 0.26 0.0 0.75
193 0.26 0.05 0.75
194 0.26 0.1 0.75
195 0.26 0.1 0.75
196 0.26 0.1 0.75
197 0.26 0.1 0.75
198 0.26 0.1 0.75
199 0.26 0.1 0.75
200 0.26 0.1 0.75
201 0.26 0.0 0.75
202 0.26 0.0 0.75
203 0.26 0.0 0.75
204 0.26 0.0 0.75
205 0.26 0.0 0.75
206 0.26 -0.05 0.75
207 0.26 -0.1 0.75
208 0.26 -0.1 0.75
209 0.26 -0.05 0.75
210 0.26 0.0 0.75
211 0.26 0.0 0.75
