0 0.0 0.0 0.265083333333
1 0.0 0.0 0.25675
2 0.0 0.0 0.256
3 0.0 0.0 0.256583333333
4 0.0 0.0 0.256416666667
5 0.0 0.0 0.257083333333
6 0.0 0.0 0.2575
7 0.0 0.0 0.2575
8 0.0 0.0 0.258333333333
9 0.0 0.0 0.259
10 0.0 0.0 0.259583333333
11 0.0 0.0 0.260333333333
12 0.0 0.0 0.26125
13 0.0 0.0 0.263333333333
14 0.0 0.0 0.264333333333
15 0.0 0.0 0.265833333333
16 0.0 0.0 0.266916666667
17 0.0 0.0 0.269333333333
18 0.0 0.0 0.271083333333
19 0.0 0.0 0.271916666667
20 0.0 0.0 0.273666666667
21 0.0 0.0 0.273583333333
22 0.0 0.0 0.274583333333
23 0.0 0.0 0.274916666667
24 0.0 0.0 0.275
25 0.0 0.0 0.274666666667
26 0.0 0.0 0.274666666667
27 0.0 0.0 0.274166666667
28 0.0 0.0 0.27275
29 0.0 0.0 0.272916666667
30 0.0 0.0 0.271583333333
31 0.0 0.0 0.2715
32 0.0 0.0 0.26975
33 0.0 0.0 0.267666666667
34 0.0 0.0 0.267583333333
35 0.0 0.0 0.2665
36 0.0 0.0 0.266083333333
37 0.0 0.0 0.264916666667
38 0.0 0.0 0.264666666667
39 0.0 0.0 0.2635
40 0.0 0.0 0.263
41 0.0 0.0 0.262333333333
42 0.0 0.0 0.262083333333
43 0.0 0.0 0.26125
44 0.0 0.0 0.260916666667
45 0.0 0.0 0.2605
46 0.0 0.0 0.260416666667
47 0.0 0.0 0.2605
48 0.0 0.0 0.26025
49 0.0 0.0 0.25975
50 0.0 0.0 0.259916666667
51 0.0 0.0 0.2595
52 0.0 0.0 0.259083333333
53 0.01 0.0 0.25925
54 0.01 0.0 0.258666666667
55 0.01 0.0 0.258833333333
56 0.01 0.0 0.258416666667
57 0.01 0.0 0.258416666667
58 0.01 0.0 0.258666666667
59 0.01 0.0 0.258583333333
60 0.01 0.0 0.258
61 0.01 0.0 0.257
62 0.01 0.0 0.257083333333
63 0.01 0.0 0.257583333333
64 0.01 0.0 0.257583333333
65 0.01 0.0 0.257166666667
66 0.01 0.0 0.257083333333
67 0.01 0.0 0.256833333333
68 0.01 0.0 0.25675
69 0.01 0.0 0.256666666667
70 0.01 0.0 0.256666666667
71 0.01 0.0 0.256166666667
72 0.01 0.0 0.281333333333
73 0.01 0.0 0.28125
74 0.015 0.0 0.280916666667
75 0.02 0.0 0.280833333333
76 0.02 0.0 0.28025
77 0.02 0.0 0.280083333333
78 0.04 0.0 0.279666666667
79 0.06 0.0 0.27825
80 0.085 0.0 0.277416666667
81 0.11 0.0 0.276083333333
82 0.13 0.0 0.27575
83 0.155 0.0 0.27525
84 0.175 0.0 0.274916666667
85 0.2 0.0 0.274916666667
86 0.225 0.0 0.27425
87 0.245 0.0 0.274083333333
88 0.26 0.0 0.273666666667
89 0.26 0.0 0.274
90 0.26 0.0 0.273666666667
91 0.26 0.0 0.273583333333
92 0.26 0.0 0.273083333333
93 0.26 0.0 0.273416666667
94 0.26 0.0 0.272916666667
95 0.26 0.0 0.273
96 0.26 0.0 0.27275
97 0.26 0.0 0.272333333333
98 0.26 0.0 0.272416666667
99 0.26 0.0 0.27225
100 0.26 0.0 0.271916666667
101 0.26 0.0 0.271583333333
102 0.26 0.0 0.271416666667
103 0.26 0.05 0.271166666667
104 0.26 0.1 0.27075
105 0.26 0.1 0.2705
106 0.26 0.15 0.2705
107 0.26 0.2 0.270333333333
108 0.26 0.2 0.270083333333
109 0.26 0.25 0.270166666667
110 0.26 0.3 0.274
111 0.26 0.3 0.28025
112 0.26 0.4 0.280666666667
113 0.26 0.4 0.290166666667
114 0.26 0.4 0.291666666667
115 0.26 0.4 0.291666666667
116 0.26 0.4 0.291666666667
117 0.26 0.4 0.291666666667
118 0.26 0.4 0.291666666667
119 0.26 0.4 0.291666666667
120 0.26 0.4 0.291666666667
121 0.26 0.4 0.291666666667
122 0.26 0.4 0.291666666667
123 0.26 0.4 0.291666666667
124 0.26 0.4 0.291666666667
125 0.26 0.4 0.291666666667
126 0.26 0.4 0.291666666667
127 0.26 0.4 0.291666666667
128 0.26 0.4 0.291666666667
129 0.26 0.4 0.291666666667
130 0.26 0.4 0.291666666667
131 0.26 0.4 0.291666666667
132 0.26 0.4 0.291666666667
133 0.26 0.4 0.291666666667
134 0.26 0.3 0.291666666667
135 0.26 0.3 0.291666666667
136 0.26 0.3 0.291666666667
137 0.26 0.2 0.291666666667
138 0.26 0.2 0.291666666667
139 0.26 0.2 0.291666666667
140 0.26 0.1 0.291666666667
141 0.26 0.1 0.291666666667
142 0.26 0.1 0.291666666667
143 0.26 0.1 0.291666666667
144 0.26 0.1 0.291666666667
145 0.26 0.05 0.291666666667
146 0.26 2.77555756156e-17 0.291666666667
147 0.26 2.77555756156e-17 0.291666666667
148 0.26 2.77555756156e-17 0.291666666667
149 0.26 2.77555756156e-17 0.291666666667
150 0.26 2.77555756156e-17 0.291666666667
151 0.26 2.77555756156e-17 0.291666666667
152 0.26 2.77555756156e-17 0.291666666667
153 0.26 2.77555756156e-17 0.291666666667
154 0.26 2.77555756156e-17 0.291666666667
155 0.26 2.77555756156e-17 0.291666666667
156 0.26 2.77555756156e-17 0.291666666667
157 0.26 2.77555756156e-17 0.291666666667
158 0.26 2.77555756156e-17 0.291666666667
159 0.26 2.77555756156e-17 0.291666666667
160 0.26 2.77555756156e-17 0.291666666667
161 0.26 2.77555756156e-17 0.291666666667
162 0.26 2.77555756156e-17 0.291666666667
163 0.26 2.77555756156e-17 0.291666666667
164 0.26 2.77555756156e-17 0.291666666667
165 0.26 2.77555756156e-17 0.291666666667
166 0.26 2.77555756156e-17 0.291666666667
167 0.26 2.77555756156e-17 0.291666666667
168 0.26 2.77555756156e-17 0.291666666667
169 0.26 2.77555756156e-17 0.291666666667
170 0.26 2.77555756156e-17 0.291666666667
171 0.26 2.77555756156e-17 0.291666666667
172 0.26 2.77555756156e-17 0.291666666667
173 0.26 2.77555756156e-17 0.291666666667
174 0.26 2.77555756156e-17 0.291666666667
175 0.26 2.77555756156e-17 0.291666666667
176 0.26 2.77555756156e-17 0.291666666667
177 0.26 2.77555756156e-17 0.291666666667
178 0.26 2.77555756156e-17 0.291666666667
179 0.26 2.77555756156e-17 0.291666666667
180 0.26 2.77555756156e-17 0.291666666667
181 0.26 2.77555756156e-17 0.291666666667
182 0.26 2.77555756156e-17 0.291666666667
183 0.26 2.77555756156e-17 0.291666666667
184 0.26 2.77555756156e-17 0.291666666667
185 0.26 2.77555756156e-17 0.291666666667
186 0.26 2.77555756156e-17 0.291666666667
187 0.26 2.77555756156e-17 0.291666666667
188 0.26 2.77555756156e-17 0.291666666667
189 0.26 2.77555756156e-17 0.291666666667
190 0.26 2.77555756156e-17 0.291666666667
191 0.26 2.77555756156e-17 0.291666666667
192 0.26 2.77555756156e-17 0.291666666667
193 0.26 2.77555756156e-17 0.291666666667
194 0.26 2.77555756156e-17 0.291666666667
195 0.26 2.77555756156e-17 0.291666666667
196 0.26 2.77555756156e-17 0.291666666667
197 0.26 2.77555756156e-17 0.291666666667
198 0.26 2.77555756156e-17 0.291666666667
199 0.26 2.77555756156e-17 0.291666666667
200 0.26 2.77555756156e-17 0.291666666667
201 0.26 2.77555756156e-17 0.291666666667
202 0.26 2.77555756156e-17 0.291666666667
203 0.26 2.77555756156e-17 0.291666666667
204 0.26 2.77555756156e-17 0.291666666667
205 0.26 2.77555756156e-17 0.291666666667
206 0.26 2.77555756156e-17 0.291666666667
207 0.26 2.77555756156e-17 0.291666666667
208 0.26 2.77555756156e-17 0.291666666667
209 0.26 2.77555756156e-17 0.291666666667
210 0.26 2.77555756156e-17 0.291666666667
211 0.26 2.77555756156e-17 0.291666666667
212 0.26 -0.05 0.291666666667
213 0.26 -0.1 0.291666666667
214 0.26 -0.1 0.28975
215 0.26 -0.1 0.287833333333
216 0.26 -0.15 0.285916666667
217 0.26 -0.2 0.284
218 0.26 -0.2 0.28375
219 0.26 -0.2 0.283833333333
220 0.26 -0.2 0.284
221 0.26 -0.2 0.284
222 0.26 -0.2 0.284
223 0.26 -0.2 0.284
224 0.26 -0.2 0.285916666667
225 0.26 -0.2 0.285916666667
226 0.26 -0.2 0.287833333333
227 0.26 -0.2 0.287833333333
228 0.26 -0.2 0.28975
229 0.26 -0.2 0.291666666667
230 0.26 -0.2 0.291666666667
231 0.26 -0.2 0.291666666667
232 0.26 -0.2 0.291666666667
233 0.26 -0.2 0.291666666667
234 0.26 -0.2 0.291666666667
235 0.26 -0.2 0.291666666667
236 0.26 -0.2 0.291666666667
237 0.26 -0.2 0.291666666667
238 0.26 -0.2 0.291666666667
239 0.26 -0.15 0.291666666667
240 0.26 -0.1 0.291666666667
241 0.26 -0.1 0.291666666667
242 0.26 -0.1 0.291666666667
243 0.26 -0.1 0.291666666667
244 0.26 -0.1 0.291666666667
245 0.26 -0.1 0.291666666667
246 0.26 -0.1 0.291666666667
247 0.26 2.77555756156e-17 0.291666666667
248 0.26 2.77555756156e-17 0.291666666667
249 0.26 2.77555756156e-17 0.291666666667
250 0.26 2.77555756156e-17 0.291666666667
251 0.26 2.77555756156e-17 0.291666666667
252 0.26 2.77555756156e-17 0.291666666667
253 0.26 2.77555756156e-17 0.291666666667
254 0.26 2.77555756156e-17 0.291666666667
255 0.26 2.77555756156e-17 0.291666666667
256 0.26 2.77555756156e-17 0.291666666667
257 0.26 2.77555756156e-17 0.291666666667
258 0.26 2.77555756156e-17 0.291666666667
259 0.26 2.77555756156e-17 0.291666666667
260 0.26 2.77555756156e-17 0.291666666667
261 0.26 2.77555756156e-17 0.291666666667
262 0.26 2.77555756156e-17 0.291666666667
263 0.26 2.77555756156e-17 0.291666666667
264 0.26 2.77555756156e-17 0.291666666667
265 0.26 2.77555756156e-17 0.291666666667
266 0.26 2.77555756156e-17 0.28975
267 0.26 2.77555756156e-17 0.28975
268 0.26 2.77555756156e-17 0.287833333333
269 0.26 2.77555756156e-17 0.285916666667
270 0.26 2.77555756156e-17 0.284
271 0.26 2.77555756156e-17 0.284
272 0.26 2.77555756156e-17 0.282083333333
273 0.26 -0.1 0.280166666667
274 0.26 -0.1 0.280166666667
275 0.26 -0.15 0.280166666667
276 0.26 -0.2 0.282083333333
277 0.26 -0.2 0.284
278 0.26 -0.25 0.287833333333
279 0.26 -0.3 0.291666666667
280 0.26 -0.3 0.291666666667
281 0.26 -0.35 0.291666666667
282 0.26 -0.4 0.291666666667
283 0.26 -0.4 0.291666666667
284 0.26 -0.4 0.289416666667
285 0.26 -0.4 0.279
286 0.26 -0.4 0.27175
287 0.26 -0.4 0.270166666667
288 0.26 -0.4 0.269666666667
289 0.26 -0.4 0.2695
290 0.26 -0.4 0.269333333333
291 0.26 -0.4 0.2585
292 0.26 -0.4 0.25525
293 0.26 -0.4 0.254416666667
294 0.26 -0.4 0.25325
295 0.26 -0.4 0.251666666667
296 0.26 -0.4 0.2515
297 0.26 -0.4 0.2625
298 0.26 -0.4 0.254833333333
299 0.26 -0.4 0.252166666667
300 0.26 -0.4 0.250916666667
301 0.26 -0.4 0.24825
302 0.26 -0.4 0.246583333333
303 0.26 -0.4 0.262333333333
304 0.26 -0.4 0.269333333333
305 0.26 -0.4 0.266083333333
306 0.26 -0.4 0.259916666667
307 0.26 -0.4 0.247083333333
308 0.26 -0.4 0.244416666667
309 0.26 -0.4 0.243916666667
310 0.26 -0.4 0.25575
311 0.26 -0.4 0.269916666667
312 0.26 -0.4 0.270416666667
313 0.26 -0.4 0.2695
314 0.26 -0.4 0.26825
315 0.26 -0.4 0.253416666667
316 0.26 -0.4 0.245916666667
317 0.26 -0.35 0.246083333333
318 0.26 -0.3 0.25225
319 0.26 -0.3 0.25875
320 0.26 -0.3 0.27325
321 0.26 -0.3 0.274083333333
322 0.26 -0.3 0.274333333333
323 0.26 -0.3 0.2745
324 0.26 -0.3 0.274583333333
325 0.26 -0.3 0.274416666667
326 0.26 -0.3 0.274
327 0.26 -0.3 0.2735
328 0.26 -0.3 0.272666666667
329 0.26 -0.3 0.271916666667
330 0.26 -0.3 0.270833333333
331 0.26 -0.3 0.2815
332 0.26 -0.3 0.291333333333
333 0.26 -0.3 0.291666666667
334 0.26 -0.3 0.291666666667
335 0.26 -0.3 0.291666666667
336 0.26 -0.3 0.291666666667
337 0.26 -0.3 0.291666666667
338 0.26 -0.3 0.291666666667
339 0.26 -0.3 0.291666666667
340 0.26 -0.3 0.291666666667
341 0.26 -0.25 0.291666666667
342 0.26 -0.2 0.291666666667
343 0.26 -0.15 0.291666666667
344 0.26 -0.1 0.291666666667
345 0.26 -0.1 0.291666666667
346 0.26 -0.1 0.291666666667
347 0.26 -0.1 0.291666666667
348 0.26 -0.05 0.291666666667
349 0.26 -2.77555756156e-17 0.291666666667
350 0.26 -2.77555756156e-17 0.291666666667
351 0.26 -2.77555756156e-17 0.291666666667
352 0.26 -2.77555756156e-17 0.291666666667
353 0.26 -2.77555756156e-17 0.291666666667
354 0.26 -2.77555756156e-17 0.291666666667
355 0.26 -2.77555756156e-17 0.291666666667
356 0.26 -2.77555756156e-17 0.291666666667
357 0.26 -2.77555756156e-17 0.291666666667
358 0.26 -2.77555756156e-17 0.291666666667
359 0.26 -2.77555756156e-17 0.291666666667
360 0.26 -2.77555756156e-17 0.291666666667
361 0.26 -2.77555756156e-17 0.291666666667
362 0.26 -2.77555756156e-17 0.291666666667
363 0.26 -2.77555756156e-17 0.291666666667
364 0.26 -2.77555756156e-17 0.291666666667
365 0.26 -2.77555756156e-17 0.291666666667
366 0.26 -2.77555756156e-17 0.291666666667
367 0.26 -2.77555756156e-17 0.291666666667
368 0.26 -2.77555756156e-17 0.291666666667
369 0.26 -2.77555756156e-17 0.291666666667
370 0.26 -2.77555756156e-17 0.291666666667
371 0.26 -2.77555756156e-17 0.291666666667
372 0.26 -2.77555756156e-17 0.291666666667
373 0.26 -2.77555756156e-17 0.291666666667
374 0.26 -2.77555756156e-17 0.291666666667
375 0.26 -2.77555756156e-17 0.291666666667
376 0.26 -2.77555756156e-17 0.291666666667
377 0.26 -2.77555756156e-17 0.291666666667
378 0.26 -2.77555756156e-17 0.291666666667
379 0.26 -2.77555756156e-17 0.291666666667
380 0.26 -2.77555756156e-17 0.291666666667
381 0.26 -2.77555756156e-17 0.291666666667
382 0.26 -2.77555756156e-17 0.291666666667
383 0.26 -2.77555756156e-17 0.291666666667
384 0.26 -2.77555756156e-17 0.291666666667
385 0.26 -2.77555756156e-17 0.291666666667
386 0.26 -2.77555756156e-17 0.291666666667
387 0.26 -2.77555756156e-17 0.291666666667
388 0.26 -2.77555756156e-17 0.291666666667
389 0.26 -2.77555756156e-17 0.291666666667
390 0.26 -2.77555756156e-17 0.291666666667
391 0.26 -2.77555756156e-17 0.291666666667
392 0.26 -2.77555756156e-17 0.291
393 0.26 -2.77555756156e-17 0.287916666667
394 0.26 -2.77555756156e-17 0.283916666667
395 0.26 -2.77555756156e-17 0.281416666667
396 0.26 -2.77555756156e-17 0.279666666667
397 0.26 -2.77555756156e-17 0.276333333333
398 0.26 -2.77555756156e-17 0.274416666667
399 0.26 -2.77555756156e-17 0.27325
400 0.26 -2.77555756156e-17 0.270666666667
401 0.26 -2.77555756156e-17 0.270666666667
402 0.26 -2.77555756156e-17 0.269583333333
403 0.26 -2.77555756156e-17 0.270166666667
404 0.26 -2.77555756156e-17 0.270416666667
405 0.26 -2.77555756156e-17 0.270083333333
406 0.26 -2.77555756156e-17 0.270083333333
407 0.26 -2.77555756156e-17 0.270416666667
408 0.26 -2.77555756156e-17 0.270583333333
409 0.26 -2.77555756156e-17 0.27075
410 0.26 -2.77555756156e-17 0.270916666667
411 0.26 -2.77555756156e-17 0.271666666667
412 0.26 -2.77555756156e-17 0.272416666667
413 0.26 -2.77555756156e-17 0.272416666667
414 0.26 -2.77555756156e-17 0.272833333333
415 0.26 -2.77555756156e-17 0.273083333333
416 0.26 -2.77555756156e-17 0.273416666667
417 0.26 -2.77555756156e-17 0.273833333333
418 0.26 -2.77555756156e-17 0.2745
419 0.26 -2.77555756156e-17 0.274583333333
420 0.26 -2.77555756156e-17 0.2765
421 0.26 -2.77555756156e-17 0.2765
422 0.26 -2.77555756156e-17 0.2765
423 0.26 -2.77555756156e-17 0.27675
424 0.26 -2.77555756156e-17 0.27775
425 0.26 -2.77555756156e-17 0.278416666667
426 0.26 -2.77555756156e-17 0.279666666667
427 0.26 -2.77555756156e-17 0.279916666667
428 0.26 -2.77555756156e-17 0.279583333333
429 0.26 -2.77555756156e-17 0.279666666667
430 0.26 -2.77555756156e-17 0.2795
431 0.26 -2.77555756156e-17 0.279916666667
432 0.26 -2.77555756156e-17 0.279583333333
433 0.26 -2.77555756156e-17 0.279666666667
434 0.26 -2.77555756156e-17 0.2795
435 0.26 -2.77555756156e-17 0.279666666667
436 0.26 -2.77555756156e-17 0.279416666667
437 0.26 -2.77555756156e-17 0.27925
438 0.26 -2.77555756156e-17 0.279416666667
439 0.26 -2.77555756156e-17 0.279916666667
440 0.26 -2.77555756156e-17 0.279666666667
441 0.26 -2.77555756156e-17 0.2795
442 0.26 -2.77555756156e-17 0.2795
443 0.26 -2.77555756156e-17 0.279166666667
444 0.26 -2.77555756156e-17 0.27925
445 0.26 -2.77555756156e-17 0.27925
446 0.26 -2.77555756156e-17 0.279083333333
447 0.26 -2.77555756156e-17 0.278916666667
448 0.26 -2.77555756156e-17 0.279083333333
449 0.26 -2.77555756156e-17 0.278833333333
450 0.26 -2.77555756156e-17 0.279
451 0.26 -2.77555756156e-17 0.27925
452 0.26 -2.77555756156e-17 0.278666666667
453 0.26 -2.77555756156e-17 0.27875
454 0.26 -2.77555756156e-17 0.2785
455 0.26 -2.77555756156e-17 0.278583333333
456 0.26 -2.77555756156e-17 0.278666666667
457 0.26 -2.77555756156e-17 0.2785
458 0.26 -2.77555756156e-17 0.278333333333
459 0.26 -2.77555756156e-17 0.27775
460 0.26 -2.77555756156e-17 0.276916666667
461 0.26 -2.77555756156e-17 0.27625
462 0.26 -2.77555756156e-17 0.274916666667
463 0.26 -2.77555756156e-17 0.274916666667
464 0.26 -2.77555756156e-17 0.273833333333
465 0.26 -2.77555756156e-17 0.272916666667
466 0.26 -2.77555756156e-17 0.2725
467 0.26 -2.77555756156e-17 0.271916666667
468 0.26 -2.77555756156e-17 0.27225
469 0.26 -2.77555756156e-17 0.27225
470 0.26 -2.77555756156e-17 0.273333333333
471 0.26 -2.77555756156e-17 0.2735
472 0.26 -2.77555756156e-17 0.274
473 0.26 -2.77555756156e-17 0.274416666667
474 0.26 -2.77555756156e-17 0.274833333333
475 0.26 -2.77555756156e-17 0.275
476 0.26 -2.77555756156e-17 0.274666666667
477 0.26 -2.77555756156e-17 0.275333333333
478 0.26 -2.77555756156e-17 0.274166666667
479 0.26 -2.77555756156e-17 0.273166666667
480 0.26 -2.77555756156e-17 0.272166666667
481 0.26 -2.77555756156e-17 0.271833333333
482 0.26 -2.77555756156e-17 0.271583333333
483 0.26 -2.77555756156e-17 0.272416666667
484 0.26 -2.77555756156e-17 0.271666666667
485 0.26 -2.77555756156e-17 0.27175
486 0.26 -2.77555756156e-17 0.27125
487 0.26 -2.77555756156e-17 0.271416666667
488 0.26 -2.77555756156e-17 0.271666666667
489 0.26 -2.77555756156e-17 0.271833333333
490 0.26 -2.77555756156e-17 0.271166666667
491 0.26 -2.77555756156e-17 0.2705
492 0.26 -2.77555756156e-17 0.27
493 0.26 -2.77555756156e-17 0.2695
494 0.26 -2.77555756156e-17 0.26875
495 0.26 -2.77555756156e-17 0.268666666667
496 0.26 -2.77555756156e-17 0.268333333333
497 0.26 -2.77555756156e-17 0.268166666667
498 0.26 -2.77555756156e-17 0.267916666667
499 0.26 -2.77555756156e-17 0.268083333333
500 0.26 -2.77555756156e-17 0.26825
501 0.26 -2.77555756156e-17 0.267833333333
502 0.26 -2.77555756156e-17 0.268
503 0.26 -2.77555756156e-17 0.269
504 0.26 -2.77555756156e-17 0.26975
505 0.26 -2.77555756156e-17 0.269833333333
506 0.26 -2.77555756156e-17 0.270166666667
507 0.26 -2.77555756156e-17 0.2715
508 0.26 -2.77555756156e-17 0.272583333333
509 0.26 -2.77555756156e-17 0.273416666667
510 0.26 -2.77555756156e-17 0.273833333333
511 0.26 -2.77555756156e-17 0.275583333333
512 0.26 -2.77555756156e-17 0.27575
513 0.26 -2.77555756156e-17 0.277583333333
514 0.26 -2.77555756156e-17 0.279666666667
515 0.26 -2.77555756156e-17 0.279666666667
516 0.26 -2.77555756156e-17 0.281583333333
517 0.26 -2.77555756156e-17 0.28275
518 0.26 -2.77555756156e-17 0.284166666667
519 0.26 -2.77555756156e-17 0.284166666667
520 0.26 -2.77555756156e-17 0.286083333333
521 0.26 -2.77555756156e-17 0.288
522 0.26 -2.77555756156e-17 0.288166666667
523 0.26 -2.77555756156e-17 0.289916666667
524 0.26 -2.77555756156e-17 0.29125
525 0.26 -2.77555756156e-17 0.291416666667
526 0.26 -2.77555756156e-17 0.291583333333
527 0.26 -2.77555756156e-17 0.291666666667
528 0.26 -2.77555756156e-17 0.291666666667
529 0.26 -2.77555756156e-17 0.291666666667
530 0.26 -2.77555756156e-17 0.291666666667
531 0.26 -2.77555756156e-17 0.291666666667
532 0.26 -2.77555756156e-17 0.291666666667
533 0.26 -2.77555756156e-17 0.291666666667
534 0.26 -2.77555756156e-17 0.291666666667
535 0.26 -2.77555756156e-17 0.291666666667
536 0.26 -2.77555756156e-17 0.291666666667
537 0.26 -2.77555756156e-17 0.291666666667
538 0.26 -2.77555756156e-17 0.291666666667
539 0.26 -2.77555756156e-17 0.291666666667
540 0.26 -2.77555756156e-17 0.291666666667
541 0.26 -2.77555756156e-17 0.291666666667
542 0.26 -2.77555756156e-17 0.291666666667
543 0.26 -2.77555756156e-17 0.291666666667
544 0.26 -2.77555756156e-17 0.291666666667
545 0.26 -2.77555756156e-17 0.291666666667
546 0.26 -2.77555756156e-17 0.291666666667
547 0.26 -2.77555756156e-17 0.291666666667
548 0.26 -2.77555756156e-17 0.291666666667
549 0.26 -2.77555756156e-17 0.291666666667
550 0.26 -2.77555756156e-17 0.291666666667
551 0.26 -2.77555756156e-17 0.291666666667
552 0.26 -2.77555756156e-17 0.291666666667
553 0.26 -2.77555756156e-17 0.291666666667
554 0.26 -2.77555756156e-17 0.291666666667
555 0.26 -2.77555756156e-17 0.291666666667
556 0.26 -2.77555756156e-17 0.291666666667
557 0.26 -2.77555756156e-17 0.291666666667
558 0.26 -2.77555756156e-17 0.291666666667
559 0.26 -2.77555756156e-17 0.291666666667
560 0.26 -2.77555756156e-17 0.291666666667
561 0.26 -2.77555756156e-17 0.291666666667
562 0.26 -2.77555756156e-17 0.291666666667
563 0.26 -2.77555756156e-17 0.291666666667
564 0.26 -2.77555756156e-17 0.291666666667
565 0.26 -2.77555756156e-17 0.291666666667
566 0.26 -2.77555756156e-17 0.291666666667
567 0.26 -2.77555756156e-17 0.291666666667
568 0.26 -2.77555756156e-17 0.291666666667
569 0.26 -2.77555756156e-17 0.291666666667
570 0.26 -2.77555756156e-17 0.291666666667
571 0.26 -2.77555756156e-17 0.291666666667
572 0.26 -2.77555756156e-17 0.291666666667
573 0.26 -2.77555756156e-17 0.291666666667
574 0.26 -2.77555756156e-17 0.291666666667
575 0.26 -2.77555756156e-17 0.291666666667
576 0.26 -2.77555756156e-17 0.291666666667
577 0.26 -2.77555756156e-17 0.291666666667
578 0.26 -2.77555756156e-17 0.291666666667
579 0.26 -2.77555756156e-17 0.291666666667
580 0.26 -2.77555756156e-17 0.291666666667
581 0.26 -2.77555756156e-17 0.291666666667
582 0.26 -2.77555756156e-17 0.291666666667
583 0.26 -2.77555756156e-17 0.291416666667
584 0.26 -0.1 0.290666666667
585 0.26 -0.1 0.29075
586 0.26 -0.1 0.289583333333
587 0.26 -0.1 0.289583333333
588 0.26 -0.1 0.29125
589 0.26 -0.1 0.291666666667
