0 0.12 0.0 0.269333333333
1 0.145 0.0 0.269
2 0.17 0.0 0.26825
3 0.19 0.0 0.268
4 0.215 0.0 0.267416666667
5 0.24 0.0 0.267416666667
6 0.26 0.0 0.266583333333
7 0.26 0.0 0.265083333333
8 0.26 0.0 0.263
9 0.26 0.0 0.261166666667
10 0.26 0.0 0.260416666667
11 0.26 0.0 0.259416666667
12 0.26 0.0 0.260416666667
13 0.26 0.05 0.258333333333
14 0.26 0.1 0.257333333333
15 0.26 0.1 0.255833333333
16 0.26 0.15 0.25375
17 0.26 0.2 0.253333333333
18 0.26 0.25 0.253833333333
19 0.26 0.3 0.25425
20 0.26 0.35 0.253583333333
21 0.26 0.4 0.253583333333
22 0.26 0.4 0.25425
23 0.26 0.4 0.262916666667
24 0.26 0.4 0.2665
25 0.26 0.4 0.273333333333
26 0.26 0.4 0.272916666667
27 0.26 0.4 0.2735
28 0.26 0.4 0.273166666667
29 0.26 0.4 0.280166666667
30 0.26 0.4 0.281416666667
31 0.26 0.4 0.288666666667
32 0.26 0.4 0.291666666667
33 0.26 0.4 0.291666666667
34 0.26 0.4 0.291666666667
35 0.26 0.4 0.291666666667
36 0.26 0.4 0.291666666667
37 0.26 0.4 0.291666666667
38 0.26 0.4 0.291666666667
39 0.26 0.4 0.291666666667
40 0.26 0.4 0.291666666667
41 0.26 0.4 0.291666666667
42 0.26 0.4 0.291666666667
43 0.26 0.4 0.291666666667
44 0.26 0.4 0.291666666667
45 0.26 0.4 0.291666666667
46 0.26 0.4 0.291666666667
47 0.26 0.4 0.291666666667
48 0.26 0.4 0.291666666667
49 0.26 0.4 0.291666666667
50 0.26 0.4 0.291666666667
51 0.26 0.4 0.291666666667
52 0.26 0.35 0.291666666667
53 0.26 0.3 0.291666666667
54 0.26 0.25 0.291666666667
55 0.26 0.2 0.291666666667
56 0.26 0.15 0.291666666667
57 0.26 0.1 0.291666666667
58 0.26 0.05 0.291666666667
59 0.26 2.77555756156e-17 0.291666666667
60 0.26 2.77555756156e-17 0.291666666667
61 0.26 2.77555756156e-17 0.291666666667
62 0.26 2.77555756156e-17 0.291666666667
63 0.26 2.77555756156e-17 0.291666666667
64 0.26 2.77555756156e-17 0.291666666667
65 0.26 2.77555756156e-17 0.291666666667
66 0.26 2.77555756156e-17 0.291666666667
67 0.26 2.77555756156e-17 0.291666666667
68 0.26 2.77555756156e-17 0.291666666667
69 0.26 2.77555756156e-17 0.291666666667
70 0.26 2.77555756156e-17 0.291666666667
71 0.26 2.77555756156e-17 0.291666666667
72 0.26 2.77555756156e-17 0.291666666667
73 0.26 2.77555756156e-17 0.291666666667
74 0.26 2.77555756156e-17 0.291666666667
75 0.26 2.77555756156e-17 0.291666666667
76 0.26 2.77555756156e-17 0.291666666667
77 0.26 2.77555756156e-17 0.291666666667
78 0.26 2.77555756156e-17 0.291666666667
79 0.26 2.77555756156e-17 0.291666666667
80 0.26 2.77555756156e-17 0.291666666667
81 0.26 2.77555756156e-17 0.291666666667
82 0.26 2.77555756156e-17 0.291666666667
83 0.26 2.77555756156e-17 0.291666666667
84 0.26 2.77555756156e-17 0.291666666667
85 0.26 2.77555756156e-17 0.291666666667
86 0.26 2.77555756156e-17 0.291666666667
87 0.26 2.77555756156e-17 0.291666666667
88 0.26 2.77555756156e-17 0.291666666667
89 0.26 2.77555756156e-17 0.291666666667
90 0.26 2.77555756156e-17 0.291666666667
91 0.26 2.77555756156e-17 0.291666666667
92 0.26 2.77555756156e-17 0.291666666667
93 0.26 2.77555756156e-17 0.291666666667
94 0.26 2.77555756156e-17 0.291666666667
95 0.26 2.77555756156e-17 0.291666666667
96 0.26 2.77555756156e-17 0.291666666667
97 0.26 2.77555756156e-17 0.291666666667
98 0.26 2.77555756156e-17 0.291666666667
99 0.26 2.77555756156e-17 0.291666666667
100 0.26 2.77555756156e-17 0.291666666667
101 0.26 2.77555756156e-17 0.291666666667
102 0.26 2.77555756156e-17 0.291666666667
103 0.26 2.77555756156e-17 0.291666666667
104 0.26 2.77555756156e-17 0.291666666667
105 0.26 2.77555756156e-17 0.291666666667
106 0.26 2.77555756156e-17 0.291666666667
107 0.26 2.77555756156e-17 0.291666666667
108 0.26 2.77555756156e-17 0.291666666667
109 0.26 2.77555756156e-17 0.291666666667
110 0.26 2.77555756156e-17 0.291666666667
111 0.26 2.77555756156e-17 0.291666666667
112 0.26 2.77555756156e-17 0.291666666667
113 0.26 2.77555756156e-17 0.291666666667
114 0.26 2.77555756156e-17 0.291666666667
115 0.26 2.77555756156e-17 0.291666666667
116 0.26 2.77555756156e-17 0.291666666667
117 0.26 -0.05 0.291666666667
118 0.26 -0.1 0.291666666667
119 0.26 -0.1 0.291666666667
120 0.26 -0.1 0.291666666667
121 0.26 -0.1 0.291666666667
122 0.26 -0.1 0.291666666667
123 0.26 -0.1 0.291666666667
124 0.26 -0.1 0.291666666667
125 0.26 -0.1 0.291666666667
126 0.26 -0.1 0.291666666667
127 0.26 -0.1 0.291666666667
128 0.26 -0.1 0.291666666667
129 0.26 -0.1 0.291666666667
130 0.26 -0.1 0.291666666667
131 0.26 -0.1 0.291666666667
132 0.26 -0.1 0.291666666667
133 0.26 -0.1 0.291666666667
134 0.26 -0.1 0.291666666667
135 0.26 -0.1 0.291666666667
136 0.26 -0.1 0.291666666667
137 0.26 -0.1 0.291666666667
138 0.26 -0.1 0.291666666667
139 0.26 -0.1 0.291666666667
140 0.26 -0.1 0.291666666667
141 0.26 -0.1 0.291666666667
142 0.26 -0.1 0.291666666667
143 0.26 -0.1 0.291666666667
144 0.26 -0.1 0.291666666667
145 0.26 -0.1 0.291666666667
146 0.26 -0.1 0.291666666667
147 0.26 -0.1 0.291666666667
148 0.26 -0.1 0.291666666667
149 0.26 -0.1 0.291666666667
150 0.26 -0.1 0.291666666667
151 0.26 -0.1 0.291666666667
152 0.26 -0.1 0.291666666667
153 0.26 -0.1 0.291666666667
154 0.26 -0.1 0.291666666667
155 0.26 -0.1 0.291666666667
156 0.26 -0.2 0.291666666667
157 0.26 -0.2 0.291666666667
158 0.26 -0.2 0.291666666667
159 0.26 -0.3 0.291666666667
160 0.26 -0.4 0.291666666667
161 0.26 -0.4 0.291666666667
162 0.26 -0.4 0.291666666667
163 0.26 -0.4 0.291666666667
164 0.26 -0.4 0.291666666667
165 0.26 -0.4 0.291666666667
166 0.26 -0.4 0.291666666667
167 0.26 -0.3 0.291666666667
168 0.26 -0.3 0.291666666667
169 0.26 -0.25 0.291666666667
170 0.26 -0.2 0.291666666667
171 0.26 -0.2 0.291666666667
172 0.26 -0.2 0.291666666667
173 0.26 -0.2 0.291333333333
174 0.26 -0.2 0.29075
175 0.26 -0.2 0.289583333333
176 0.26 -0.2 0.284166666667
177 0.26 -0.2 0.278833333333
178 0.26 -0.2 0.273333333333
179 0.26 -0.2 0.272083333333
180 0.26 -0.2 0.271333333333
181 0.26 -0.2 0.2695
182 0.26 -0.1 0.26875
183 0.26 -0.1 0.267583333333
184 0.26 -0.1 0.267
185 0.26 -0.1 0.266916666667
186 0.26 -0.1 0.261916666667
187 0.26 -0.1 0.26225
188 0.26 -0.1 0.26175
189 0.26 -0.1 0.261416666667
190 0.26 -0.15 0.259333333333
191 0.26 -0.2 0.254083333333
192 0.26 -0.2 0.2465
193 0.26 -0.2 0.244
194 0.26 -0.2 0.244416666667
195 0.26 -0.2 0.248833333333
196 0.26 -0.2 0.2425
197 0.26 -0.2 0.24125
198 0.26 -0.1 0.240666666667
199 0.26 -0.1 0.2445
200 0.26 -0.1 0.248666666667
201 0.26 -0.1 0.2505
202 0.26 -0.1 0.250833333333
203 0.26 -0.1 0.24975
204 0.26 -0.1 0.249583333333
205 0.26 -0.1 0.248166666667
206 0.26 -0.1 0.248666666667
207 0.26 -0.1 0.247416666667
208 0.26 -0.1 0.247583333333
209 0.26 -0.1 0.249166666667
210 0.26 -0.1 0.2535
211 0.26 -0.1 0.258666666667
212 0.26 -0.1 0.26275
213 0.26 -0.1 0.268666666667
214 0.26 -0.1 0.26825
215 0.26 -0.1 0.265333333333
216 0.26 -0.1 0.261166666667
217 0.26 -0.1 0.257583333333
218 0.26 -0.1 0.255666666667
219 0.26 -0.1 0.25475
220 0.26 -0.1 0.253666666667
221 0.26 -0.2 0.250916666667
222 0.26 -0.2 0.246833333333
223 0.26 -0.3 0.247083333333
224 0.26 -0.3 0.246833333333
225 0.26 -0.3 0.248916666667
226 0.26 -0.3 0.2595
227 0.26 -0.3 0.269166666667
228 0.26 -0.3 0.26775
229 0.26 -0.3 0.266916666667
230 0.26 -0.3 0.267083333333
231 0.26 -0.3 0.264083333333
232 0.26 -0.4 0.256833333333
233 0.26 -0.4 0.252416666667
234 0.26 -0.4 0.239916666667
235 0.26 -0.4 0.236
236 0.26 -0.4 0.24525
237 0.26 -0.4 0.261916666667
238 0.26 -0.4 0.262583333333
239 0.26 -0.4 0.261666666667
240 0.26 -0.4 0.260333333333
241 0.26 -0.4 0.2595
242 0.26 -0.4 0.259
243 0.26 -0.4 0.257583333333
244 0.26 -0.4 0.259916666667
245 0.26 -0.4 0.2725
246 0.26 -0.4 0.276166666667
247 0.26 -0.4 0.291333333333
248 0.26 -0.4 0.291666666667
249 0.26 -0.4 0.291666666667
250 0.26 -0.4 0.291666666667
251 0.26 -0.4 0.291666666667
252 0.26 -0.4 0.291666666667
253 0.26 -0.4 0.291666666667
254 0.26 -0.4 0.291666666667
255 0.26 -0.4 0.291666666667
256 0.26 -0.4 0.291666666667
257 0.26 -0.4 0.291666666667
258 0.26 -0.4 0.291666666667
259 0.26 -0.4 0.291666666667
260 0.26 -0.4 0.283416666667
261 0.26 -0.4 0.281166666667
262 0.26 -0.4 0.274
263 0.26 -0.4 0.270416666667
264 0.26 -0.4 0.25925
265 0.26 -0.4 0.256166666667
266 0.26 -0.4 0.244416666667
267 0.26 -0.35 0.242833333333
268 0.26 -0.3 0.244916666667
269 0.26 -0.3 0.243916666667
270 0.26 -0.3 0.243333333333
271 0.26 -0.3 0.242333333333
272 0.26 -0.3 0.24325
273 0.26 -0.3 0.242916666667
274 0.26 -0.3 0.241916666667
275 0.26 -0.3 0.2405
276 0.26 -0.3 0.240083333333
277 0.26 -0.3 0.237833333333
278 0.26 -0.25 0.23975
279 0.26 -0.2 0.240916666667
280 0.26 -0.1 0.2525
281 0.26 -0.05 0.255666666667
282 0.26 0.05 0.256833333333
283 0.26 0.1 0.256833333333
284 0.26 0.1 0.256166666667
285 0.26 0.1 0.255083333333
286 0.26 0.1 0.252916666667
287 0.26 0.1 0.249916666667
288 0.26 0.1 0.243083333333
289 0.26 0.1 0.23975
290 0.26 0.1 0.23325
291 0.26 0.1 0.226333333333
292 0.26 0.1 0.220916666667
293 0.26 0.1 0.219
294 0.26 0.1 0.22
295 0.26 0.1 0.221166666667
296 0.26 0.1 0.222666666667
297 0.26 0.1 0.22525
298 0.26 0.1 0.226083333333
299 0.26 0.1 0.22825
300 0.26 0.1 0.228416666667
301 0.26 0.15 0.2255
302 0.26 0.2 0.2225
303 0.26 0.3 0.218
304 0.26 0.35 0.2215
305 0.26 0.45 0.227916666667
306 0.26 0.5 0.232
307 0.26 0.5 0.232
308 0.26 0.5 0.233666666667
309 0.26 0.5 0.247583333333
310 0.26 0.5 0.264
311 0.26 0.5 0.27325
312 0.26 0.5 0.27725
313 0.26 0.5 0.29075
314 0.26 0.5 0.285916666667
315 0.26 0.5 0.277583333333
316 0.26 0.5 0.280416666667
317 0.26 0.5 0.2805
318 0.26 0.5 0.280833333333
319 0.26 0.5 0.280666666667
320 0.26 0.5 0.267666666667
321 0.26 0.5 0.269
322 0.26 0.5 0.269166666667
323 0.26 0.5 0.269666666667
324 0.26 0.5 0.26625
325 0.26 0.5 0.2655
326 0.26 0.5 0.266166666667
327 0.26 0.5 0.266
328 0.26 0.4 0.26625
329 0.26 0.35 0.26625
330 0.26 0.3 0.257916666667
331 0.26 0.2 0.257083333333
332 0.26 0.2 0.2555
333 0.26 0.2 0.255083333333
334 0.26 0.2 0.255666666667
335 0.26 0.2 0.255333333333
336 0.26 0.2 0.255416666667
337 0.26 0.2 0.255583333333
338 0.26 0.2 0.25575
339 0.26 0.2 0.256166666667
340 0.26 0.2 0.25575
341 0.26 0.2 0.255416666667
342 0.26 0.2 0.256833333333
343 0.26 0.2 0.260583333333
344 0.26 0.2 0.26125
345 0.26 0.2 0.257666666667
346 0.26 0.2 0.257666666667
347 0.26 0.2 0.25775
348 0.26 0.2 0.25725
349 0.26 0.2 0.250666666667
350 0.26 0.2 0.2455
351 0.26 0.2 0.246
352 0.26 0.2 0.246
353 0.26 0.2 0.245916666667
354 0.26 0.2 0.245916666667
355 0.26 0.2 0.246416666667
356 0.26 0.2 0.2455
357 0.26 0.2 0.249416666667
358 0.26 0.2 0.255
359 0.26 0.2 0.2565
360 0.26 0.2 0.263083333333
361 0.26 0.2 0.267666666667
362 0.26 0.25 0.268583333333
363 0.26 0.3 0.268083333333
364 0.26 0.35 0.26875
365 0.26 0.4 0.268416666667
366 0.26 0.45 0.268916666667
367 0.26 0.5 0.268916666667
368 0.26 0.5 0.271583333333
369 0.26 0.5 0.279333333333
370 0.26 0.5 0.287666666667
371 0.26 0.5 0.291666666667
372 0.26 0.5 0.291666666667
373 0.26 0.5 0.291666666667
374 0.26 0.5 0.291666666667
375 0.26 0.5 0.291666666667
376 0.26 0.5 0.291666666667
377 0.26 0.5 0.291666666667
378 0.26 0.5 0.291666666667
379 0.26 0.5 0.291666666667
380 0.26 0.5 0.291666666667
381 0.26 0.5 0.291666666667
382 0.26 0.5 0.291666666667
383 0.26 0.5 0.291666666667
384 0.26 0.5 0.291666666667
385 0.26 0.45 0.291666666667
386 0.26 0.4 0.291416666667
387 0.26 0.4 0.288583333333
388 0.26 0.4 0.285833333333
389 0.26 0.4 0.28275
390 0.26 0.3 0.273583333333
391 0.26 0.3 0.270666666667
392 0.26 0.25 0.271416666667
393 0.26 0.2 0.27075
394 0.26 0.2 0.274583333333
395 0.26 0.15 0.279416666667
396 0.26 0.05 0.283833333333
397 0.26 2.77555756156e-17 0.287833333333
398 0.26 2.77555756156e-17 0.290833333333
399 0.26 2.77555756156e-17 0.291666666667
400 0.26 2.77555756156e-17 0.291666666667
401 0.26 2.77555756156e-17 0.291666666667
402 0.26 2.77555756156e-17 0.291666666667
403 0.26 2.77555756156e-17 0.291666666667
404 0.26 2.77555756156e-17 0.291666666667
405 0.26 2.77555756156e-17 0.291666666667
406 0.26 2.77555756156e-17 0.291666666667
407 0.26 2.77555756156e-17 0.291666666667
408 0.26 2.77555756156e-17 0.291666666667
409 0.26 -0.05 0.291666666667
410 0.26 -0.1 0.291666666667
411 0.26 -0.1 0.291666666667
412 0.26 -0.1 0.291666666667
413 0.26 -0.1 0.291666666667
414 0.26 -0.1 0.291666666667
415 0.26 -0.1 0.291666666667
416 0.26 -0.1 0.291666666667
417 0.26 -0.1 0.291666666667
418 0.26 -0.1 0.291666666667
419 0.26 -0.1 0.291666666667
420 0.26 -0.1 0.291666666667
421 0.26 -0.1 0.291666666667
422 0.26 -0.1 0.291666666667
423 0.26 -0.05 0.291666666667
424 0.26 2.77555756156e-17 0.291666666667
425 0.26 2.77555756156e-17 0.291666666667
426 0.26 2.77555756156e-17 0.291666666667
427 0.26 2.77555756156e-17 0.291666666667
428 0.26 2.77555756156e-17 0.291666666667
429 0.26 2.77555756156e-17 0.291666666667
430 0.26 2.77555756156e-17 0.291666666667
431 0.26 2.77555756156e-17 0.291666666667
432 0.26 2.77555756156e-17 0.291666666667
433 0.26 2.77555756156e-17 0.291666666667
434 0.26 2.77555756156e-17 0.291666666667
435 0.26 2.77555756156e-17 0.291666666667
436 0.26 2.77555756156e-17 0.291666666667
437 0.26 2.77555756156e-17 0.291666666667
438 0.26 2.77555756156e-17 0.291666666667
439 0.26 2.77555756156e-17 0.291666666667
440 0.26 2.77555756156e-17 0.291666666667
441 0.26 2.77555756156e-17 0.291666666667
442 0.26 2.77555756156e-17 0.291666666667
443 0.26 2.77555756156e-17 0.291666666667
444 0.26 2.77555756156e-17 0.291666666667
445 0.26 2.77555756156e-17 0.291666666667
446 0.26 2.77555756156e-17 0.291666666667
447 0.26 2.77555756156e-17 0.291666666667
448 0.26 2.77555756156e-17 0.291666666667
449 0.26 2.77555756156e-17 0.291666666667
450 0.26 2.77555756156e-17 0.291666666667
451 0.26 2.77555756156e-17 0.28975
452 0.26 2.77555756156e-17 0.287833333333
453 0.26 2.77555756156e-17 0.285916666667
454 0.26 2.77555756156e-17 0.284
455 0.26 2.77555756156e-17 0.282083333333
456 0.26 2.77555756156e-17 0.280166666667
457 0.26 2.77555756156e-17 0.27825
458 0.26 2.77555756156e-17 0.276333333333
459 0.26 2.77555756156e-17 0.274416666667
460 0.26 2.77555756156e-17 0.270583333333
461 0.26 2.77555756156e-17 0.26975
462 0.26 2.77555756156e-17 0.26675
463 0.26 2.77555756156e-17 0.264833333333
464 0.26 2.77555756156e-17 0.262916666667
465 0.26 2.77555756156e-17 0.261
466 0.26 2.77555756156e-17 0.259083333333
467 0.26 2.77555756156e-17 0.257166666667
468 0.26 2.77555756156e-17 0.253916666667
469 0.26 2.77555756156e-17 0.251416666667
470 0.26 2.77555756156e-17 0.2495
471 0.26 2.77555756156e-17 0.247583333333
472 0.26 2.77555756156e-17 0.245666666667
473 0.26 2.77555756156e-17 0.24375
474 0.26 -0.05 0.241833333333
475 0.26 -0.1 0.239916666667
476 0.26 -0.15 0.239916666667
477 0.26 -0.2 0.239916666667
478 0.26 -0.25 0.241833333333
479 0.26 -0.3 0.245666666667
480 0.26 -0.3 0.247583333333
481 0.26 -0.3 0.253333333333
482 0.26 -0.3 0.257583333333
483 0.26 -0.3 0.262916666667
484 0.26 -0.3 0.26675
485 0.26 -0.3 0.27375
486 0.26 -0.3 0.27825
487 0.26 -0.3 0.282083333333
488 0.26 -0.3 0.28975
489 0.26 -0.2 0.291666666667
490 0.26 -0.15 0.291666666667
491 0.26 -0.05 0.291666666667
492 0.26 2.77555756156e-17 0.291666666667
493 0.26 2.77555756156e-17 0.291666666667
494 0.26 2.77555756156e-17 0.291666666667
495 0.26 2.77555756156e-17 0.291666666667
496 0.26 2.77555756156e-17 0.291666666667
497 0.26 2.77555756156e-17 0.291666666667
498 0.26 2.77555756156e-17 0.291666666667
499 0.26 2.77555756156e-17 0.291666666667
500 0.26 2.77555756156e-17 0.291666666667
501 0.26 2.77555756156e-17 0.291666666667
502 0.26 2.77555756156e-17 0.28975
503 0.26 -0.1 0.287833333333
504 0.26 -0.1 0.28975
505 0.26 -0.1 0.28975
506 0.26 -0.1 0.291666666667
507 0.26 -0.1 0.291666666667
508 0.26 -0.1 0.291666666667
509 0.26 -0.1 0.291666666667
510 0.26 -0.1 0.291666666667
511 0.26 -0.1 0.291666666667
512 0.26 -0.1 0.291666666667
513 0.26 -0.1 0.291666666667
514 0.26 -0.1 0.291666666667
515 0.26 -0.1 0.291666666667
516 0.26 -0.1 0.291666666667
517 0.26 -0.1 0.291666666667
518 0.26 -0.1 0.291666666667
519 0.26 -0.1 0.291666666667
520 0.26 -0.1 0.291666666667
521 0.26 -0.1 0.291666666667
522 0.26 -0.1 0.291666666667
523 0.26 -0.1 0.291666666667
524 0.26 -0.1 0.291666666667
525 0.26 -0.1 0.291666666667
526 0.26 -0.1 0.291666666667
527 0.26 -0.1 0.291666666667
528 0.26 -0.1 0.291666666667
529 0.26 -0.1 0.291666666667
530 0.26 -0.1 0.291666666667
531 0.26 -0.1 0.291666666667
532 0.26 -0.1 0.291666666667
533 0.26 -0.1 0.291666666667
534 0.26 -0.1 0.291666666667
535 0.26 -0.1 0.291666666667
536 0.26 -0.1 0.291666666667
537 0.26 -0.05 0.291666666667
538 0.26 2.77555756156e-17 0.291666666667
539 0.26 2.77555756156e-17 0.291666666667
540 0.26 2.77555756156e-17 0.291666666667
541 0.26 2.77555756156e-17 0.291666666667
542 0.26 2.77555756156e-17 0.291666666667
543 0.26 2.77555756156e-17 0.291666666667
544 0.26 2.77555756156e-17 0.291666666667
545 0.26 2.77555756156e-17 0.291666666667
546 0.26 2.77555756156e-17 0.291666666667
547 0.26 2.77555756156e-17 0.291666666667
548 0.26 2.77555756156e-17 0.291666666667
549 0.26 2.77555756156e-17 0.291666666667
550 0.26 2.77555756156e-17 0.291666666667
551 0.26 2.77555756156e-17 0.291666666667
552 0.26 2.77555756156e-17 0.291666666667
553 0.26 2.77555756156e-17 0.291666666667
554 0.26 2.77555756156e-17 0.291666666667
555 0.26 2.77555756156e-17 0.291666666667
556 0.26 2.77555756156e-17 0.291666666667
557 0.26 2.77555756156e-17 0.291666666667
558 0.26 2.77555756156e-17 0.291666666667
559 0.26 2.77555756156e-17 0.291666666667
560 0.26 2.77555756156e-17 0.291666666667
561 0.26 2.77555756156e-17 0.291666666667
562 0.26 2.77555756156e-17 0.291666666667
563 0.26 2.77555756156e-17 0.291666666667
564 0.26 2.77555756156e-17 0.291666666667
565 0.26 2.77555756156e-17 0.291666666667
566 0.26 2.77555756156e-17 0.291666666667
567 0.26 2.77555756156e-17 0.291666666667
568 0.26 2.77555756156e-17 0.291666666667
569 0.26 2.77555756156e-17 0.291666666667
570 0.26 2.77555756156e-17 0.291666666667
571 0.26 2.77555756156e-17 0.291666666667
572 0.26 2.77555756156e-17 0.291666666667
573 0.26 2.77555756156e-17 0.291666666667
574 0.26 2.77555756156e-17 0.291666666667
575 0.26 2.77555756156e-17 0.291666666667
576 0.26 2.77555756156e-17 0.291666666667
577 0.26 2.77555756156e-17 0.291666666667
578 0.26 2.77555756156e-17 0.291666666667
579 0.26 2.77555756156e-17 0.291666666667
580 0.26 2.77555756156e-17 0.291666666667
581 0.26 2.77555756156e-17 0.291666666667
582 0.26 2.77555756156e-17 0.291666666667
583 0.26 2.77555756156e-17 0.291666666667
584 0.26 2.77555756156e-17 0.291666666667
585 0.26 2.77555756156e-17 0.291666666667
586 0.26 2.77555756156e-17 0.291666666667
587 0.26 2.77555756156e-17 0.291666666667
588 0.26 2.77555756156e-17 0.291666666667
589 0.26 2.77555756156e-17 0.291666666667
590 0.26 2.77555756156e-17 0.291666666667
591 0.26 2.77555756156e-17 0.291666666667
592 0.26 2.77555756156e-17 0.291666666667
593 0.26 2.77555756156e-17 0.291666666667
594 0.26 2.77555756156e-17 0.291666666667
595 0.26 2.77555756156e-17 0.291666666667
596 0.26 2.77555756156e-17 0.291666666667
597 0.26 2.77555756156e-17 0.291666666667
598 0.26 2.77555756156e-17 0.291666666667
599 0.26 2.77555756156e-17 0.291666666667
600 0.26 2.77555756156e-17 0.291666666667
601 0.26 2.77555756156e-17 0.291666666667
602 0.26 2.77555756156e-17 0.291166666667
603 0.26 2.77555756156e-17 0.28975
604 0.26 2.77555756156e-17 0.28975
605 0.26 2.77555756156e-17 0.287833333333
606 0.26 2.77555756156e-17 0.287833333333
607 0.26 2.77555756156e-17 0.287833333333
608 0.26 2.77555756156e-17 0.285916666667
609 0.26 2.77555756156e-17 0.285916666667
610 0.26 2.77555756156e-17 0.284
611 0.26 2.77555756156e-17 0.284
