0 0.125 0.0 0.291666666667
1 0.15 0.0 0.291666666667
2 0.175 0.0 0.291666666667
3 0.18 0.0 0.291666666667
4 0.19 0.0 0.291666666667
5 0.195 0.0 0.291666666667
6 0.205 0.0 0.291666666667
7 0.21 0.0 0.291666666667
8 0.22 0.0 0.291666666667
9 0.225 0.0 0.291666666667
10 0.235 0.0 0.291666666667
11 0.24 0.0 0.291666666667
12 0.25 0.0 0.291666666667
13 0.255 0.0 0.291666666667
14 0.26 0.0 0.291666666667
15 0.26 0.0 0.291666666667
16 0.26 0.0 0.291666666667
17 0.26 0.0 0.291666666667
18 0.26 0.0 0.291666666667
19 0.26 0.0 0.291666666667
20 0.26 0.0 0.286
21 0.26 0.0 0.291666666667
22 0.26 0.0 0.291666666667
23 0.26 0.0 0.291666666667
24 0.26 0.0 0.291666666667
25 0.26 0.0 0.291666666667
26 0.26 0.0 0.2685
27 0.26 -0.05 0.2025
28 0.26 -0.1 0.240666666667
29 0.26 -0.15 0.238916666667
30 0.26 -0.2 0.2525
31 0.26 -0.2 0.261666666667
32 0.26 -0.2 0.266333333333
33 0.26 -0.2 0.24825
34 0.26 -0.2 0.2385
35 0.26 -0.2 0.23675
36 0.26 -0.3 0.233166666667
37 0.26 -0.3 0.228666666667
38 0.26 -0.3 0.230666666667
39 0.26 -0.3 0.272333333333
40 0.26 -0.3 0.291666666667
41 0.26 -0.3 0.291666666667
42 0.26 -0.3 0.291666666667
43 0.26 -0.3 0.291666666667
44 0.26 -0.3 0.291666666667
45 0.26 -0.3 0.291666666667
46 0.26 -0.3 0.291666666667
47 0.26 -0.3 0.291666666667
48 0.26 -0.25 0.291666666667
49 0.26 -0.2 0.291666666667
50 0.26 -0.15 0.291666666667
51 0.26 -0.05 0.291666666667
52 0.26 -2.77555756156e-17 0.291666666667
53 0.26 -2.77555756156e-17 0.291666666667
54 0.26 -2.77555756156e-17 0.291666666667
55 0.26 -2.77555756156e-17 0.291666666667
56 0.26 -2.77555756156e-17 0.291666666667
57 0.26 -2.77555756156e-17 0.291666666667
58 0.26 -2.77555756156e-17 0.291666666667
59 0.26 -2.77555756156e-17 0.291666666667
60 0.26 -2.77555756156e-17 0.291666666667
61 0.26 -2.77555756156e-17 0.291666666667
62 0.26 -2.77555756156e-17 0.291416666667
63 0.26 -2.77555756156e-17 0.268666666667
64 0.26 -2.77555756156e-17 0.238083333333
65 0.26 0.05 0.21375
66 0.26 0.1 0.198416666667
67 0.26 0.2 0.188916666667
68 0.26 0.2 0.193166666667
69 0.26 0.2 0.20475
70 0.26 0.2 0.216416666667
71 0.26 0.2 0.227333333333
72 0.26 0.2 0.235666666667
73 0.26 0.2 0.23575
74 0.26 0.2 0.235083333333
75 0.26 0.2 0.2335
76 0.26 0.2 0.232083333333
77 0.26 0.2 0.231666666667
78 0.26 0.2 0.234
79 0.26 0.2 0.249916666667
80 0.26 0.15 0.25925
81 0.26 0.1 0.26825
82 0.26 0.1 0.274666666667
83 0.26 0.1 0.278833333333
84 0.26 0.1 0.260666666667
85 0.26 0.1 0.202
86 0.26 0.05 0.163583333333
87 0.26 -2.77555756156e-17 0.179
88 0.26 -0.05 0.226833333333
89 0.26 -0.15 0.290083333333
90 0.26 -0.2 0.279666666667
91 0.26 -0.2 0.444333333333
92 0.26 -0.2 0.674166666667
93 0.26 -0.2 0.74375
94 0.26 -0.2 0.788916666667
95 0.26 -0.2 0.858833333333
96 0.26 -0.2 0.962083333333
97 0.26 -0.2 1.0
98 0.26 -0.2 1.0
99 0.26 -0.2 1.0
100 0.26 -0.3 0.546583333333
101 0.26 -0.3 0.297583333333
102 0.26 -0.3 0.291666666667
103 0.26 -0.3 0.2835
104 0.26 -0.3 0.256333333333
105 0.26 -0.3 0.245833333333
106 0.26 -0.3 0.243416666667
107 0.26 -0.3 0.240916666667
108 0.26 -0.25 0.291666666667
109 0.26 -0.2 0.291666666667
110 0.26 -0.1 0.291666666667
111 0.26 -0.05 0.291666666667
112 0.26 -2.77555756156e-17 0.291666666667
113 0.26 0.05 0.291666666667
114 0.26 0.1 0.291666666667
115 0.26 0.1 0.291666666667
116 0.26 0.1 0.291666666667
117 0.26 0.1 0.291666666667
118 0.26 0.1 0.291666666667
119 0.26 0.1 0.291666666667
120 0.26 0.1 0.291666666667
121 0.26 0.1 0.291666666667
122 0.26 0.1 0.291666666667
123 0.26 0.1 0.291666666667
124 0.26 0.1 0.291666666667
125 0.26 0.1 0.291666666667
126 0.26 0.1 0.291666666667
127 0.26 0.1 0.291666666667
128 0.26 0.1 0.291666666667
129 0.26 0.1 0.291666666667
130 0.26 0.1 0.291666666667
131 0.26 0.1 0.291666666667
132 0.26 0.1 0.291666666667
133 0.26 0.1 0.291666666667
134 0.26 0.1 0.291666666667
135 0.26 0.1 0.291666666667
136 0.26 0.1 0.291666666667
137 0.26 0.1 0.291666666667
138 0.26 0.2 0.291666666667
139 0.26 0.2 0.291666666667
140 0.26 0.2 0.291666666667
141 0.26 0.2 0.291666666667
142 0.26 0.2 0.291666666667
143 0.26 0.2 0.291666666667
144 0.26 0.2 0.291666666667
145 0.26 0.2 0.291666666667
146 0.26 0.2 0.291666666667
147 0.26 0.2 0.291666666667
148 0.26 0.2 0.291666666667
149 0.26 0.1 0.291666666667
150 0.26 0.1 0.291666666667
151 0.26 0.1 0.291666666667
152 0.26 0.1 0.291666666667
153 0.26 0.1 0.291666666667
154 0.26 0.1 0.291666666667
155 0.26 0.1 0.291666666667
156 0.26 -2.77555756156e-17 0.291666666667
157 0.26 -2.77555756156e-17 0.291666666667
158 0.26 -2.77555756156e-17 0.291666666667
159 0.26 -2.77555756156e-17 0.291666666667
160 0.26 -2.77555756156e-17 0.291666666667
161 0.26 -2.77555756156e-17 0.291666666667
162 0.26 -2.77555756156e-17 0.291666666667
163 0.26 -2.77555756156e-17 0.291666666667
164 0.26 -2.77555756156e-17 0.291666666667
165 0.26 -2.77555756156e-17 0.291666666667
166 0.26 -2.77555756156e-17 0.291666666667
167 0.26 -2.77555756156e-17 0.291666666667
168 0.26 -2.77555756156e-17 0.291666666667
169 0.26 -2.77555756156e-17 0.291666666667
170 0.26 -2.77555756156e-17 0.291666666667
171 0.26 -2.77555756156e-17 0.291666666667
172 0.26 -2.77555756156e-17 0.291666666667
173 0.26 -2.77555756156e-17 0.291666666667
174 0.26 -2.77555756156e-17 0.291666666667
175 0.26 -2.77555756156e-17 0.291666666667
176 0.26 -2.77555756156e-17 0.291666666667
177 0.26 -2.77555756156e-17 0.291666666667
178 0.0 0.0 0.291666666667
179 0.0 0.0 0.291666666667
180 0.0 0.0 0.291666666667
181 0.0 0.0 0.291666666667
182 0.0 0.0 0.291666666667
183 0.0 0.0 0.291666666667
184 0.0 0.0 0.291666666667
185 0.01 0.0 0.291666666667
186 0.01 0.0 0.291666666667
187 0.01 0.0 0.291666666667
188 0.01 0.0 0.291666666667
