0.26 0.0
0.26 0.0
0.0 0.0
0.0 0.0
0.0 0.0
0.0 0.0
0.0 0.0
0.0 0.0
0.0 0.0
0.0 0.0
0.0 0.0
0.0 0.0
0.0 0.0
0.0 0.0
0.0 0.0
0.0 0.0
0.0 0.0
0.0 0.0
0.0 0.0
0.0 0.0
0.0 0.0
0.0 0.0
0.0 0.0
0.0 0.0
0.26 0.0
0.26 0.0
0.26 0.0
0.26 0.0
0.26 0.0
0.26 0.0
0.26 0.0
0.26 0.0
0.26 0.0
0.26 0.0
0.26 0.0
0.26 0.0
0.26 0.0
0.26 0.0
0.26 0.0
0.26 0.0
0.26 0.0
0.26 0.0
0.26 0.0
0.26 0.0
0.26 0.0
0.26 0.0
0.26 0.0
0.26 0.0
0.26 0.0
0.26 0.0
0.26 0.0
0.26 0.0
0.26 0.0
0.26 0.0
0.26 0.0
0.26 -0.05
0.26 -0.1
0.26 -0.15
0.26 -0.2
0.26 -0.2
0.26 -0.25
0.26 -0.3
0.26 -0.3
0.26 -0.4
0.26 -0.4
0.26 -0.4
0.26 -0.4
0.26 -0.4
0.26 -0.4
0.26 -0.4
0.26 -0.4
0.26 -0.4
0.26 -0.3
0.26 -0.3
0.26 -0.3
0.26 -0.3
0.26 -0.3
0.26 -0.3
0.26 -0.3
0.26 -0.3
0.26 -0.3
0.26 -0.3
0.26 -0.3
0.26 -0.3
0.26 -0.25
0.26 -0.2
0.26 -0.15
0.26 -0.1
0.26 -0.1
0.26 -0.1
0.26 -0.1
0.26 -0.1
0.26 -0.1
0.26 -0.1
0.26 -0.1
0.26 -0.1
0.26 -0.1
0.26 -0.1
0.26 -0.1
0.26 -0.1
0.26 -0.1
0.26 -0.05
0.26 -2.77555756156e-17
0.26 -2.77555756156e-17
0.26 -2.77555756156e-17
0.26 -2.77555756156e-17
0.26 -2.77555756156e-17
0.26 -2.77555756156e-17
0.26 -2.77555756156e-17
0.26 -2.77555756156e-17
0.26 -2.77555756156e-17
0.26 -2.77555756156e-17
0.26 -2.77555756156e-17
0.26 -2.77555756156e-17
0.26 -2.77555756156e-17
0.26 -2.77555756156e-17
0.26 -2.77555756156e-17
0.26 -2.77555756156e-17
0.26 -2.77555756156e-17
0.26 -2.77555756156e-17
0.26 -2.77555756156e-17
0.26 -2.77555756156e-17
0.26 -2.77555756156e-17
0.26 -2.77555756156e-17
0.26 -2.77555756156e-17
0.26 -2.77555756156e-17
0.26 -2.77555756156e-17
0.26 -2.77555756156e-17
0.26 -2.77555756156e-17
0.26 -2.77555756156e-17
0.26 -2.77555756156e-17
0.26 -2.77555756156e-17
0.26 -2.77555756156e-17
0.26 -2.77555756156e-17
0.26 -2.77555756156e-17
0.26 -2.77555756156e-17
0.26 -2.77555756156e-17
0.26 -2.77555756156e-17
0.26 -2.77555756156e-17
0.26 -2.77555756156e-17
0.26 -2.77555756156e-17
0.26 -2.77555756156e-17
0.26 -2.77555756156e-17
0.26 -2.77555756156e-17
0.26 -2.77555756156e-17
0.26 -2.77555756156e-17
0.26 -2.77555756156e-17
0.26 -2.77555756156e-17
0.26 -2.77555756156e-17
0.26 -2.77555756156e-17
0.26 -2.77555756156e-17
0.26 -2.77555756156e-17
0.26 -2.77555756156e-17
0.26 -2.77555756156e-17
0.26 -2.77555756156e-17
0.26 -2.77555756156e-17
0.26 -2.77555756156e-17
0.26 -2.77555756156e-17
0.26 -2.77555756156e-17
0.26 -2.77555756156e-17
0.26 -2.77555756156e-17
0.26 -2.77555756156e-17
0.26 -2.77555756156e-17
0.26 -2.77555756156e-17
0.26 -2.77555756156e-17
0.26 -2.77555756156e-17
0.26 -2.77555756156e-17
0.26 -2.77555756156e-17
0.26 -2.77555756156e-17
0.26 -2.77555756156e-17
0.26 -2.77555756156e-17
0.26 -2.77555756156e-17
0.26 -2.77555756156e-17
0.26 -2.77555756156e-17
0.26 -2.77555756156e-17
0.26 -2.77555756156e-17
0.26 -2.77555756156e-17
0.26 -2.77555756156e-17
0.26 -2.77555756156e-17
0.26 -2.77555756156e-17
0.26 -2.77555756156e-17
0.26 -2.77555756156e-17
0.26 -2.77555756156e-17
0.26 -2.77555756156e-17
0.26 -2.77555756156e-17
0.26 -2.77555756156e-17
0.26 -2.77555756156e-17
0.26 -2.77555756156e-17
0.26 -2.77555756156e-17
0.26 -2.77555756156e-17
0.26 -2.77555756156e-17
0.26 -2.77555756156e-17
0.26 -2.77555756156e-17
0.26 -2.77555756156e-17
0.26 -2.77555756156e-17
0.26 -2.77555756156e-17
0.26 -2.77555756156e-17
0.26 -2.77555756156e-17
0.26 -2.77555756156e-17
0.26 -2.77555756156e-17
0.26 -2.77555756156e-17
0.26 -2.77555756156e-17
0.26 -2.77555756156e-17
0.26 -2.77555756156e-17
0.26 -2.77555756156e-17
0.26 -2.77555756156e-17
0.26 0.1
0.26 0.1
0.26 0.1
0.26 0.2
0.26 0.2
0.26 0.2
0.26 0.25
0.26 0.3
0.26 0.3
0.26 0.4
0.26 0.4
0.26 0.4
0.26 0.4
0.26 0.4
0.26 0.4
0.26 0.4
0.26 0.4
0.26 0.4
0.26 0.4
0.26 0.4
0.26 0.4
0.26 0.4
0.26 0.4
0.26 0.4
0.26 0.4
0.26 0.4
0.26 0.4
0.26 0.4
0.26 0.4
0.26 0.4
0.26 0.4
0.26 0.35
0.26 0.3
0.26 0.3
0.26 0.3
0.26 0.3
0.26 0.3
0.26 0.3
0.26 0.3
0.26 0.3
0.26 0.3
0.26 0.3
0.26 0.3
0.26 0.3
0.26 0.3
0.26 0.3
0.26 0.3
0.26 0.3
0.26 0.3
0.26 0.3
0.26 0.3
0.26 0.3
0.26 0.3
0.26 0.3
0.26 0.3
0.26 0.3
0.26 0.3
0.26 0.3
0.26 0.3
0.26 0.3
0.26 0.3
0.26 0.3
0.26 0.25
0.26 0.2
0.26 0.2
0.26 0.15
0.26 0.1
0.26 0.1
0.26 0.1
0.26 0.1
0.26 0.05
0.26 2.77555756156e-17
0.26 2.77555756156e-17
0.26 2.77555756156e-17
0.26 2.77555756156e-17
0.26 2.77555756156e-17
0.26 2.77555756156e-17
0.26 2.77555756156e-17
0.26 2.77555756156e-17
0.26 2.77555756156e-17
0.26 2.77555756156e-17
0.26 2.77555756156e-17
0.26 2.77555756156e-17
0.26 2.77555756156e-17
0.26 2.77555756156e-17
0.26 2.77555756156e-17
0.26 2.77555756156e-17
0.26 2.77555756156e-17
0.26 2.77555756156e-17
0.26 2.77555756156e-17
0.26 2.77555756156e-17
0.26 2.77555756156e-17
0.26 2.77555756156e-17
0.26 2.77555756156e-17
0.26 2.77555756156e-17
0.26 2.77555756156e-17
0.26 2.77555756156e-17
0.26 2.77555756156e-17
0.26 2.77555756156e-17
0.26 2.77555756156e-17
0.26 2.77555756156e-17
0.26 2.77555756156e-17
0.26 2.77555756156e-17
0.26 2.77555756156e-17
0.26 2.77555756156e-17
0.26 2.77555756156e-17
0.26 2.77555756156e-17
0.26 2.77555756156e-17
0.26 2.77555756156e-17
0.26 2.77555756156e-17
0.26 2.77555756156e-17
0.26 2.77555756156e-17
0.26 2.77555756156e-17
0.26 2.77555756156e-17
0.26 2.77555756156e-17
0.26 2.77555756156e-17
0.26 2.77555756156e-17
0.26 2.77555756156e-17
0.26 2.77555756156e-17
0.26 2.77555756156e-17
0.26 2.77555756156e-17
0.26 2.77555756156e-17
0.26 2.77555756156e-17
0.26 2.77555756156e-17
0.26 2.77555756156e-17
0.26 2.77555756156e-17
0.26 2.77555756156e-17
0.26 2.77555756156e-17
0.26 2.77555756156e-17
0.26 2.77555756156e-17
0.26 2.77555756156e-17
0.26 2.77555756156e-17
0.26 2.77555756156e-17
0.26 2.77555756156e-17
0.26 2.77555756156e-17
0.26 2.77555756156e-17
0.26 2.77555756156e-17
0.26 2.77555756156e-17
0.26 2.77555756156e-17
0.26 2.77555756156e-17
0.26 2.77555756156e-17
0.26 2.77555756156e-17
0.26 -0.05
0.26 -0.1
0.26 -0.1
0.26 -0.1
0.26 -0.2
0.26 -0.2
0.26 -0.25
0.26 -0.3
0.26 -0.3
0.26 -0.4
0.26 -0.4
0.26 -0.4
0.26 -0.4
0.26 -0.4
0.26 -0.4
0.26 -0.4
0.26 -0.4
0.26 -0.4
0.26 -0.3
0.26 -0.3
0.26 -0.3
0.26 -0.3
0.26 -0.3
0.26 -0.3
0.26 -0.3
0.26 -0.3
0.26 -0.3
0.26 -0.3
0.26 -0.3
0.26 -0.3
0.26 -0.3
0.26 -0.3
0.26 -0.3
0.26 -0.3
0.26 -0.3
0.26 -0.4
0.26 -0.4
0.26 -0.4
0.26 -0.4
0.26 -0.4
0.26 -0.4
0.26 -0.4
0.26 -0.4
0.26 -0.4
0.26 -0.4
0.26 -0.4
0.26 -0.4
0.26 -0.4
0.26 -0.4
0.26 -0.4
0.26 -0.4
0.26 -0.4
0.26 -0.4
0.26 -0.4
0.26 -0.4
0.26 -0.4
0.26 -0.4
0.26 -0.35
0.26 -0.3
0.26 -0.3
0.26 -0.2
0.26 -0.2
0.26 -0.1
0.26 -0.05
0.26 -2.77555756156e-17
0.26 -2.77555756156e-17
0.26 -2.77555756156e-17
0.26 -2.77555756156e-17
0.26 -2.77555756156e-17
0.26 -2.77555756156e-17
0.26 -2.77555756156e-17
0.26 -2.77555756156e-17
0.26 -2.77555756156e-17
0.26 -2.77555756156e-17
0.26 -2.77555756156e-17
0.26 -2.77555756156e-17
0.26 -2.77555756156e-17
0.26 -2.77555756156e-17
0.26 -2.77555756156e-17
0.26 -2.77555756156e-17
0.26 -2.77555756156e-17
0.26 -2.77555756156e-17
0.26 -2.77555756156e-17
0.26 -2.77555756156e-17
0.26 -2.77555756156e-17
0.26 -2.77555756156e-17
0.26 -2.77555756156e-17
0.26 -2.77555756156e-17
0.26 -2.77555756156e-17
0.26 -2.77555756156e-17
0.26 -2.77555756156e-17
0.26 -2.77555756156e-17
0.26 -2.77555756156e-17
0.26 -2.77555756156e-17
0.26 -2.77555756156e-17
0.26 -2.77555756156e-17
0.26 -2.77555756156e-17
0.26 -2.77555756156e-17
0.26 -2.77555756156e-17
0.26 -2.77555756156e-17
0.26 -2.77555756156e-17
0.26 -2.77555756156e-17
0.26 -2.77555756156e-17
0.26 -2.77555756156e-17
0.26 -2.77555756156e-17
0.26 -2.77555756156e-17
0.26 -2.77555756156e-17
0.26 -2.77555756156e-17
0.26 -2.77555756156e-17
0.26 -2.77555756156e-17
0.26 -2.77555756156e-17
0.26 -2.77555756156e-17
0.26 -2.77555756156e-17
0.26 -2.77555756156e-17
0.26 -2.77555756156e-17
0.26 -2.77555756156e-17
0.26 -2.77555756156e-17
0.26 -2.77555756156e-17
0.26 -2.77555756156e-17
0.26 -2.77555756156e-17
0.26 -2.77555756156e-17
0.26 -2.77555756156e-17
0.26 -2.77555756156e-17
0.26 -2.77555756156e-17
0.26 -2.77555756156e-17
0.26 -2.77555756156e-17
0.26 -2.77555756156e-17
0.26 -2.77555756156e-17
0.26 -2.77555756156e-17
0.26 -2.77555756156e-17
0.26 -2.77555756156e-17
0.26 -2.77555756156e-17
0.26 -2.77555756156e-17
0.26 -2.77555756156e-17
0.26 -2.77555756156e-17
0.26 -2.77555756156e-17
0.26 -2.77555756156e-17
0.26 -2.77555756156e-17
0.26 -2.77555756156e-17
0.26 -2.77555756156e-17
0.26 0.05
0.26 0.1
0.26 0.1
0.26 0.2
0.26 0.2
0.26 0.25
0.26 0.3
0.26 0.4
0.26 0.4
0.26 0.4
0.26 0.4
0.26 0.4
0.26 0.4
0.26 0.4
0.26 0.4
0.26 0.4
0.26 0.4
0.26 0.4
0.26 0.35
0.26 0.3
0.26 0.25
0.26 0.2
0.26 0.1
0.26 0.05
0.26 2.77555756156e-17
0.26 2.77555756156e-17
0.26 2.77555756156e-17
0.26 2.77555756156e-17
0.26 2.77555756156e-17
0.26 2.77555756156e-17
0.26 2.77555756156e-17
0.26 2.77555756156e-17
0.26 2.77555756156e-17
0.26 2.77555756156e-17
0.26 2.77555756156e-17
0.26 2.77555756156e-17
0.26 2.77555756156e-17
0.26 2.77555756156e-17
0.26 2.77555756156e-17
0.26 2.77555756156e-17
0.26 2.77555756156e-17
0.26 2.77555756156e-17
0.26 2.77555756156e-17
0.26 2.77555756156e-17
0.26 2.77555756156e-17
0.26 2.77555756156e-17
0.26 2.77555756156e-17
0.26 2.77555756156e-17
0.26 2.77555756156e-17
0.26 2.77555756156e-17
0.26 2.77555756156e-17
0.26 2.77555756156e-17
0.26 2.77555756156e-17
0.26 2.77555756156e-17
0.26 2.77555756156e-17
0.26 2.77555756156e-17
0.26 2.77555756156e-17
0.26 2.77555756156e-17
0.26 2.77555756156e-17
0.26 2.77555756156e-17
0.26 2.77555756156e-17
0.26 2.77555756156e-17
0.26 2.77555756156e-17
0.26 2.77555756156e-17
0.26 2.77555756156e-17
0.26 2.77555756156e-17
0.26 2.77555756156e-17
