0 0.225 0.0 0.0
1 0.255 0.0 0.0
2 0.26 0.0 0.0
3 0.26 0.0 0.0
4 0.26 0.0 0.0
5 0.26 0.0 0.0
6 0.26 0.05 0.0
7 0.26 0.1 0.0
8 0.26 0.2 0.0
9 0.26 0.25 0.0
10 0.26 0.3 0.0
11 0.26 0.4 0.0
12 0.26 0.4 0.0
13 0.26 0.4 0.00625
14 0.26 0.4 0.137083333333
15 0.26 0.4 0.24375
16 0.26 0.4 0.35875
17 0.26 0.4 0.475
18 0.26 0.4 0.6125
19 0.26 0.4 0.625
20 0.0 0.0 0.54375
21 0.0 0.0 0.43125
22 0.0 0.0 0.26875
23 0.0 0.0 0.08125
24 0.01 0.0 0.0
25 0.01 0.0 0.0
26 0.01 0.0 0.0
27 0.03 0.0 0.0
28 0.06 0.0 0.0
29 0.09 0.0 0.0
30 0.12 0.0 0.01875
31 0.145 0.0 0.0
32 0.175 0.0 0.0
33 0.2 0.0 0.0
34 0.23 0.0 0.0
35 0.255 0.0 0.0
36 0.26 0.0 0.0
37 0.26 0.0 0.0
38 0.26 0.0 0.0
39 0.26 0.0 0.0
40 0.26 0.0 0.0
41 0.26 0.0 0.0
42 0.26 0.0 0.0
43 0.26 0.0 0.0
44 0.26 0.0 0.0
45 0.26 0.0 0.0
46 0.26 0.0 0.0
47 0.26 0.0 0.0
48 0.26 0.0 0.0
49 0.26 0.0 0.0
50 0.26 0.0 0.0
51 0.26 0.0 0.0
52 0.26 0.0 0.0
53 0.26 0.0 0.0
54 0.26 0.0 0.0
55 0.26 0.0 0.0
56 0.26 0.0 0.0
57 0.26 0.0 0.0
58 0.26 0.0 0.0
59 0.26 0.0 0.0
60 0.26 0.0 0.0
61 0.26 0.0 0.0
62 0.26 0.0 0.0
63 0.26 0.0 0.0
64 0.26 0.0 0.0
65 0.26 0.0 0.0
66 0.26 0.0 0.0
67 0.26 0.0 0.0
68 0.26 0.0 0.0
69 0.26 0.0 0.0
70 0.26 0.0 0.0
71 0.26 0.0 0.0
72 0.26 0.0 0.0
73 0.26 0.0 0.0
74 0.26 -0.05 0.0
75 0.26 -0.1 0.0
76 0.26 -0.1 0.0
77 0.26 -0.1 0.0
78 0.26 -0.1 0.0
79 0.26 -0.2 0.0
80 0.26 -0.2 0.0
81 0.26 -0.2 0.0
82 0.26 -0.2 0.0
83 0.26 -0.2 0.0
84 0.26 -0.2 0.0
85 0.26 -0.2 0.0
86 0.26 -0.2 0.0
87 0.26 -0.2 0.0
88 0.26 -0.2 0.0
89 0.26 -0.2 0.0
90 0.26 -0.2 0.0
91 0.26 -0.2 0.0
92 0.26 -0.2 0.0
93 0.26 -0.2 0.0
94 0.26 -0.2 0.0
95 0.26 -0.2 0.0
96 0.26 -0.2 0.0
97 0.26 -0.2 0.0
98 0.26 -0.2 0.0
99 0.26 -0.2 0.0
100 0.0 0.0 0.0
101 0.0 0.0 0.0
102 0.0 0.0 0.0
103 0.0 0.0 0.0
104 0.0 0.0 0.0
105 0.005 0.0 0.0
106 0.01 0.0 0.0
107 0.01 0.0 0.0
108 0.02 0.0 0.0
109 0.05 0.0 0.0
110 0.08 0.0 0.0
111 0.105 0.0 0.0
112 0.135 0.0 0.0
113 0.165 0.0 0.0
114 0.19 0.0 0.0
115 0.22 0.0 0.0
116 0.25 0.0 0.0
117 0.26 0.0 0.0
118 0.26 0.0 0.0
119 0.26 0.0 0.0
120 0.26 0.0 0.0
121 0.26 0.0 0.0
122 0.26 0.0 0.0
123 0.26 0.0 0.0
124 0.26 0.0 0.0
125 0.26 0.0 0.0
126 0.26 0.0 0.0
127 0.26 0.0 0.0
128 0.26 0.0 0.0
129 0.26 0.0 0.0
130 0.26 0.0 0.0
131 0.26 0.0 0.0
132 0.26 0.0 0.0
133 0.26 0.0 0.0
134 0.26 0.0 0.0
135 0.26 -0.05 0.0
136 0.26 -0.1 0.0
137 0.26 -0.1 0.0
138 0.26 -0.1 0.0
139 0.26 -0.1 0.0
140 0.26 -0.1 0.0
141 0.26 -0.1 0.0
142 0.26 -0.1 0.0
143 0.26 -0.1 0.0
144 0.26 -0.15 0.0
145 0.26 -0.2 0.0
146 0.26 -0.2 0.0
147 0.26 -0.25 0.0
148 0.26 -0.3 0.0
149 0.26 -0.3 0.0
150 0.26 -0.3 0.0
151 0.26 -0.3 0.0
152 0.26 -0.3 0.0
153 0.26 -0.3 0.0
154 0.26 -0.3 0.0
155 0.26 -0.3 0.0
156 0.26 -0.3 0.0
157 0.26 -0.3 0.0
158 0.26 -0.3 0.0
159 0.26 -0.3 0.0
160 0.26 -0.3 0.0
161 0.26 -0.3 0.0
162 0.26 -0.3 0.0
163 0.26 -0.3 0.0
164 0.26 -0.3 0.0
165 0.26 -0.3 0.0
166 0.26 -0.3 0.0
167 0.26 -0.3 0.04375
168 0.26 -0.3 0.0730833333333
169 0.26 -0.3 0.088
170 0.26 -0.3 0.104666666667
171 0.26 -0.3 0.129583333333
172 0.26 -0.3 0.13525
173 0.26 -0.3 0.155583333333
174 0.26 -0.3 0.224
175 0.26 -0.3 0.314416666667
176 0.26 -0.3 0.309333333333
177 0.26 -0.3 0.368416666667
178 0.26 -0.3 0.431083333333
179 0.26 -0.3 0.492583333333
180 0.0 0.0 0.57375
181 0.0 0.0 0.613166666667
182 0.0 0.0 0.565583333333
183 0.01 0.0 0.5025
184 0.01 0.0 0.502333333333
185 0.01 0.0 0.50225
186 0.03 0.0 0.502333333333
187 0.06 0.0 0.502416666667
188 0.085 0.0 0.507083333333
189 0.115 0.0 0.5065
190 0.145 0.0 0.50525
191 0.17 0.0 0.503833333333
192 0.2 0.0 0.506166666667
193 0.23 0.0 0.506833333333
194 0.25 0.0 0.504333333333
195 0.26 0.0 0.498
196 0.26 0.0 0.169583333333
197 0.26 0.0 0.0
198 0.26 0.0 0.0
199 0.26 0.0 0.0
200 0.26 0.0 0.0
201 0.26 0.0 0.0
202 0.26 0.0 0.0
203 0.26 0.0 0.0
204 0.26 0.0 0.0
205 0.26 0.0 0.0
206 0.26 0.0 0.0
207 0.26 0.0 0.0
208 0.26 0.0 0.0
209 0.26 0.0 0.0
210 0.26 0.0 0.0
211 0.26 0.0 0.0
212 0.26 0.0 0.0
213 0.26 0.0 0.0
214 0.26 0.0 0.0
215 0.26 0.0 0.0
216 0.26 0.0 0.0
217 0.26 0.0 0.0
218 0.26 0.0 0.0
219 0.26 0.0 0.0
220 0.26 0.0 0.0
221 0.26 -0.05 0.0
222 0.26 -0.1 0.0
223 0.26 -0.1 0.0
224 0.26 -0.1 0.0
225 0.26 -0.1 0.0
226 0.26 -0.1 0.0
227 0.26 -0.1 0.0
228 0.26 -0.1 0.0
229 0.26 -0.1 0.0
230 0.26 -0.1 0.0
231 0.26 -0.1 0.0
232 0.26 -0.1 0.0
233 0.26 -0.1 0.0
234 0.26 -0.1 0.0
235 0.26 -0.1 0.0
236 0.26 -0.1 0.0
237 0.26 -0.1 0.0
238 0.26 -0.1 0.0
239 0.26 -0.1 0.0
240 0.26 -0.1 0.0
241 0.26 0.0 0.0
242 0.26 0.0 0.0
243 0.26 0.0 0.0
244 0.26 0.0 0.0
245 0.26 0.0 0.0
246 0.26 0.0 0.0
247 0.26 0.0 0.0
248 0.26 0.0 0.0
249 0.26 0.0 0.0
250 0.26 0.0 0.0
251 0.26 -0.05 0.0
252 0.26 -0.1 0.0
253 0.26 -0.1 0.0
254 0.26 -0.1 0.0
255 0.26 -0.1 0.0
256 0.26 -0.1 0.0
257 0.26 -0.15 0.0
258 0.26 -0.2 0.0
259 0.26 -0.2 0.0
260 0.26 -0.2 0.0
261 0.26 -0.2 0.0
262 0.26 -0.2 0.0
263 0.26 -0.2 0.0
264 0.26 -0.2 0.0
265 0.26 -0.2 0.0
266 0.26 -0.2 0.0
267 0.26 -0.2 0.0
268 0.26 -0.2 0.0
269 0.26 -0.2 0.0
270 0.26 -0.2 0.0
271 0.26 -0.2 0.0
272 0.26 -0.2 0.0
273 0.26 -0.2 0.0
274 0.26 -0.2 0.0
275 0.26 -0.2 0.0
276 0.26 -0.2 0.05
277 0.26 -0.2 0.0944166666667
278 0.26 -0.2 0.15
279 0.26 -0.2 0.17075
280 0.26 -0.2 0.166666666667
281 0.26 -0.2 0.161
282 0.26 -0.2 0.15925
283 0.26 -0.2 0.201166666667
284 0.26 -0.2 0.24975
285 0.26 -0.2 0.292333333333
286 0.26 -0.2 0.33525
287 0.26 -0.2 0.379083333333
288 0.26 -0.2 0.422333333333
289 0.26 -0.2 0.4715
290 0.26 -0.2 0.51525
291 0.26 -0.2 0.51475
292 0.26 -0.2 0.539166666667
293 0.26 -0.2 0.586083333333
294 0.0 0.0 0.602666666667
295 0.0 0.0 0.612833333333
296 0.0 0.0 0.612916666667
297 0.01 0.0 0.613166666667
298 0.01 0.0 0.607333333333
299 0.01 0.0 0.61175
300 0.03 0.0 0.611666666667
301 0.06 0.0 0.61175
302 0.085 0.0 0.611666666667
303 0.115 0.0 0.608083333333
304 0.145 0.0 0.615666666667
305 0.17 0.0 0.621333333333
306 0.2 0.0 0.619916666667
307 0.215 0.0 0.623833333333
308 0.22 0.0 0.632416666667
309 0.23 0.0 0.632
310 0.24 0.0 0.637166666667
311 0.245 0.0 0.643166666667
312 0.255 0.0 0.647333333333
313 0.26 0.0 0.654
314 0.26 0.0 0.658833333333
315 0.26 0.0 0.663583333333
316 0.26 0.0 0.663166666667
317 0.26 0.0 0.546166666667
318 0.26 0.0 0.394
319 0.26 0.0 0.211416666667
320 0.26 0.0 0.06275
321 0.26 0.0 0.0
322 0.26 0.0 0.0
323 0.26 0.0 0.0
324 0.26 0.0 0.0
325 0.26 0.0 0.0
326 0.26 0.0 0.0
327 0.26 0.0 0.0
328 0.26 0.0 0.0
329 0.26 0.0 0.0
330 0.26 0.0 0.0
331 0.26 0.0 0.0
332 0.26 0.0 0.0
333 0.26 0.0 0.0
334 0.26 0.0 0.0
335 0.26 0.0 0.0
336 0.26 0.0 0.0
337 0.26 0.0 0.0
338 0.26 0.0 0.0
339 0.26 0.0 0.0
340 0.26 0.0 0.0
341 0.26 0.0 0.0
342 0.26 0.0 0.0
343 0.26 0.0 0.0
344 0.26 0.0 0.0
345 0.26 0.0 0.0
346 0.26 0.0 0.0
347 0.26 0.0 0.0
348 0.26 0.0 0.0
349 0.26 0.0 0.0
350 0.26 0.0 0.0
351 0.26 0.0 0.0
352 0.26 0.0 0.0
353 0.26 0.0 0.0
