0 0.26 0.0 0.0
1 0.26 0.0 0.0
2 0.26 0.0 0.0
3 0.26 0.1 0.0
4 0.26 0.1 0.0
5 0.26 0.15 0.0
6 0.26 0.2 0.0
7 0.26 0.25 0.0
8 0.26 0.3 0.0
9 0.26 0.3 0.0
10 0.26 0.3 0.05625
11 0.26 0.3 0.1375
12 0.26 0.3 0.2125
13 0.26 0.3 0.29375
14 0.26 0.3 0.35625
15 0.26 0.3 0.45
16 0.26 0.3 0.53125
17 0.0 0.0 0.61875
18 0.0 0.0 0.58125
19 0.0 0.0 0.3875
20 0.01 0.0 0.242416666667
21 0.01 0.0 0.173083333333
22 0.01 0.0 0.1675
23 0.03 0.0 0.162916666667
24 0.06 0.0 0.16875
25 0.09 0.0 0.20625
26 0.115 0.0 0.2375
27 0.145 0.0 0.23125
28 0.17 0.0 0.20625
29 0.2 0.0 0.19375
30 0.225 0.0 0.19375
31 0.25 0.0 0.175333333333
32 0.26 0.0 0.15625
33 0.26 0.0 0.14375
34 0.26 0.0 0.125
35 0.26 0.0 0.10625
36 0.26 0.0 0.0913333333333
37 0.26 0.0 0.06875
38 0.26 0.0 0.05
39 0.26 0.0 0.03125
40 0.26 0.0 0.01875
41 0.26 0.0 0.0
42 0.26 0.0 0.0
43 0.26 0.0 0.0
44 0.26 0.0 0.0
45 0.26 0.0 0.0
46 0.26 0.0 0.0
47 0.26 0.0 0.0
48 0.26 0.0 0.0
49 0.26 0.0 0.0
50 0.26 0.0 0.0
51 0.26 0.0 0.0
52 0.26 0.0 0.0
53 0.26 0.0 0.0
54 0.26 0.0 0.0
55 0.26 0.0 0.0
56 0.26 0.0 0.0
57 0.26 0.0 0.0
58 0.26 0.0 0.0
59 0.26 0.0 0.0
60 0.26 0.0 0.0
61 0.26 0.0 0.0
62 0.26 0.0 0.0
63 0.26 0.0 0.0
64 0.26 0.0 0.0
65 0.26 0.0 0.0
66 0.26 0.0 0.0
67 0.26 0.0 0.0
68 0.26 0.0 0.0
69 0.26 0.0 0.0
70 0.26 0.0 0.0
71 0.26 0.0 0.0
72 0.26 0.0 0.0
73 0.26 0.0 0.0
74 0.26 0.0 0.0
75 0.26 0.0 0.0
76 0.26 0.0 0.0
77 0.26 0.0 0.0
78 0.26 -0.1 0.0
79 0.26 -0.1 0.0
80 0.26 -0.1 0.0
81 0.26 -0.15 0.0
82 0.26 -0.2 0.0
83 0.26 -0.2 0.0
84 0.26 -0.2 0.0
85 0.26 -0.2 0.0
86 0.26 -0.2 0.0
87 0.26 -0.2 0.0
88 0.26 -0.2 0.0
89 0.26 -0.2 0.0
90 0.26 -0.2 0.0
91 0.26 -0.2 0.0
92 0.26 -0.2 0.0
93 0.26 -0.2 0.0
94 0.26 -0.1 0.0
95 0.26 -0.1 0.0
96 0.26 -0.1 0.0
97 0.26 -0.1 0.0
98 0.26 -0.1 0.0
99 0.26 -0.1 0.0
100 0.26 -0.1 0.0
101 0.26 -0.1 0.0
102 0.26 -0.1 0.0
103 0.26 -0.1 0.0
104 0.26 -0.1 0.0
105 0.26 -0.1 0.0
106 0.26 -0.1 0.0
107 0.26 -0.1 0.0
108 0.26 -0.1 0.0
109 0.26 -0.05 0.0
110 0.26 0.0 0.0
111 0.26 0.0 0.0
112 0.26 0.0 0.0
113 0.26 0.0 0.0
114 0.26 0.0 0.0
115 0.26 0.0 0.0
116 0.26 -0.05 0.0
117 0.26 -0.1 0.0
118 0.26 -0.1 0.0
119 0.26 -0.1 0.0
120 0.26 -0.1 0.0
121 0.26 -0.1 0.0
122 0.26 -0.1 0.0
123 0.26 -0.1 0.0
124 0.26 -0.1 0.0
125 0.26 -0.1 0.0
126 0.26 -0.1 0.0
127 0.26 -0.1 0.0
128 0.26 -0.1 0.0
129 0.26 -0.15 0.0
130 0.26 -0.2 0.0
131 0.26 -0.2 0.0
132 0.26 -0.3 0.0
133 0.26 -0.35 0.0
134 0.26 -0.4 0.0
135 0.26 -0.4 0.0
136 0.26 -0.4 0.0
137 0.26 -0.4 0.0
138 0.26 -0.4 0.0
139 0.26 -0.4 0.0
140 0.26 -0.4 0.0
141 0.26 -0.4 0.0
142 0.26 -0.4 0.0
143 0.26 -0.4 0.0
144 0.26 -0.4 0.0
145 0.26 -0.4 0.1125
146 0.26 -0.35 0.171916666667
147 0.26 -0.3 0.196833333333
148 0.26 -0.3 0.20525
149 0.26 -0.3 0.2245
150 0.26 -0.3 0.233416666667
151 0.26 -0.25 0.262333333333
152 0.26 -0.2 0.322083333333
153 0.26 -0.2 0.337416666667
154 0.26 -0.2 0.325916666667
155 0.26 -0.2 0.364416666667
156 0.26 -0.1 0.400333333333
157 0.26 -0.1 0.422833333333
158 0.26 -0.1 0.445083333333
159 0.26 -0.1 0.469
160 0.26 -0.1 0.48825
161 0.26 -0.1 0.514083333333
162 0.26 -0.1 0.540833333333
163 0.26 -0.1 0.563416666667
164 0.26 -2.77555756156e-17 0.591333333333
165 0.26 -2.77555756156e-17 0.389583333333
166 0.26 -2.77555756156e-17 0.0
167 0.26 -2.77555756156e-17 0.0
168 0.0 0.0 0.0
169 0.0 0.0 0.0
170 0.0 0.0 0.0
171 0.005 0.0 0.00533333333333
172 0.01 0.0 0.0116666666667
173 0.01 0.0 0.0116666666667
174 0.02 0.0 0.0115
175 0.045 0.0 0.0110833333333
176 0.07 0.0 0.0104166666667
177 0.1 0.0 0.00958333333333
178 0.13 0.0 0.0085
179 0.16 0.0 0.00875
180 0.185 0.0 0.00741666666667
181 0.21 0.0 0.00491666666667
182 0.24 0.0 0.00275
183 0.245 0.0 0.00075
184 0.255 0.0 0.0
185 0.26 0.0 0.0
186 0.26 0.0 0.0
187 0.26 -0.05 0.0
188 0.26 -0.1 0.0
189 0.26 -0.1 0.0
190 0.26 -0.1 0.0
191 0.26 -0.1 0.0
192 0.26 -0.1 0.0
193 0.26 -0.1 0.0
194 0.26 -0.1 0.0
195 0.26 -0.1 0.0
196 0.26 -0.1 0.0
197 0.26 -0.1 0.0
198 0.26 -0.1 0.0
199 0.26 -0.1 0.0
200 0.26 -0.1 0.0
201 0.26 -0.1 0.0
202 0.26 -0.1 0.0
203 0.26 -0.1 0.0
204 0.26 -0.1 0.0
205 0.26 -0.1 0.0
206 0.26 -0.1 0.0
207 0.26 -0.1 0.0
208 0.26 -0.1 0.0
209 0.26 -0.1 0.0
210 0.26 -0.1 0.0
211 0.26 -0.1 0.0
212 0.26 -0.1 0.0
213 0.26 -0.1 0.0
214 0.26 -0.05 0.0
215 0.26 0.0 0.0
216 0.26 0.0 0.0
217 0.26 0.0 0.0
218 0.26 0.0 0.0
219 0.26 0.0 0.0
220 0.26 0.0 0.0
221 0.26 0.0 0.0
222 0.26 0.0 0.0
223 0.26 0.0 0.0
224 0.26 0.0 0.0
225 0.26 0.0 0.0
226 0.26 0.0 0.0
227 0.26 0.0 0.0
228 0.26 0.0 0.0
229 0.26 0.0 0.0
230 0.26 -0.1 0.0
231 0.26 -0.1 0.0
232 0.26 -0.1 0.0
233 0.26 -0.1 0.0
234 0.26 -0.1 0.0
235 0.26 -0.1 0.0
236 0.26 -0.1 0.0
237 0.26 -0.15 0.0
238 0.26 -0.2 0.0
239 0.26 -0.2 0.0
240 0.26 -0.2 0.0
241 0.26 -0.2 0.0
242 0.26 -0.2 0.0
243 0.26 -0.2 0.0
244 0.26 -0.2 0.0
245 0.26 -0.25 0.0
246 0.26 -0.3 0.0
247 0.26 -0.3 0.0
248 0.26 -0.3 0.0
249 0.26 -0.3 0.0
250 0.26 -0.3 0.0
251 0.26 -0.3 0.0
252 0.26 -0.3 0.0
253 0.26 -0.3 0.0
254 0.26 -0.3 0.0
255 0.26 -0.3 0.075
256 0.26 -0.3 0.15625
257 0.26 -0.3 0.18425
258 0.26 -0.3 0.177333333333
259 0.26 -0.3 0.223416666667
260 0.26 -0.3 0.297666666667
261 0.26 -0.3 0.35925
262 0.26 -0.3 0.438416666667
263 0.26 -0.3 0.517416666667
264 0.0 0.0 0.54125
265 0.0 0.0 0.53475
266 0.0 0.0 0.535
267 0.0 0.0 0.535166666667
268 0.01 0.0 0.540666666667
269 0.01 0.0 0.540833333333
270 0.01 0.0 0.53575
271 0.025 0.0 0.534583333333
272 0.055 0.0 0.534833333333
273 0.085 0.0 0.535
274 0.11 0.0 0.528916666667
275 0.14 0.0 0.528666666667
276 0.17 0.0 0.528916666667
277 0.195 0.0 0.528333333333
278 0.225 0.0 0.52775
279 0.255 0.0 0.521583333333
280 0.26 0.0 0.525833333333
281 0.26 0.0 0.521
282 0.26 0.0 0.5145
283 0.26 0.0 0.513833333333
284 0.26 0.0 0.507583333333
285 0.26 0.0 0.504916666667
286 0.26 0.0 0.498083333333
287 0.26 0.0 0.49475
288 0.26 0.0 0.494333333333
289 0.26 0.0 0.488
290 0.26 0.0 0.48775
291 0.26 0.0 0.481416666667
292 0.26 0.0 0.481333333333
293 0.26 0.0 0.4875
294 0.26 0.0 0.4875
295 0.26 0.0 0.4875
296 0.26 0.0 0.49375
297 0.26 0.0 0.49375
298 0.26 0.0 0.49375
299 0.26 0.0 0.238833333333
300 0.26 -0.05 0.0
301 0.26 -0.1 0.0
302 0.26 -0.1 0.0
303 0.26 -0.1 0.0
304 0.26 -0.1 0.0
305 0.26 -0.1 0.0
306 0.26 -0.1 0.0
307 0.26 -0.1 0.0
308 0.26 -0.05 0.0
309 0.26 0.0 0.0
310 0.26 0.0 0.0
311 0.26 0.0 0.0
312 0.26 0.0 0.0
313 0.26 0.0 0.0
314 0.26 0.0 0.0
315 0.26 0.0 0.0
316 0.26 0.0 0.0
317 0.26 0.0 0.0
318 0.26 0.0 0.0
319 0.26 0.0 0.0
320 0.26 0.0 0.0
321 0.26 0.0 0.0
322 0.26 0.0 0.0
323 0.26 0.0 0.0
324 0.26 0.0 0.0
325 0.26 0.0 0.0
326 0.26 0.0 0.0
327 0.26 0.0 0.0
328 0.26 0.0 0.0
329 0.26 0.0 0.0
330 0.26 0.0 0.0
331 0.26 0.0 0.0
332 0.26 0.0 0.0
333 0.26 0.0 0.0
334 0.26 0.0 0.0
335 0.26 0.0 0.0
336 0.26 0.0 0.0
337 0.26 0.0 0.0
338 0.26 0.0 0.0
339 0.26 0.0 0.0
340 0.26 0.0 0.0
341 0.26 0.0 0.0
342 0.26 0.0 0.0
343 0.26 0.0 0.0
344 0.26 0.0 0.0
345 0.26 0.0 0.0
346 0.26 0.0 0.0
347 0.26 0.0 0.0
348 0.26 0.0 0.0
349 0.26 0.0 0.0
350 0.26 0.0 0.0
351 0.26 0.0 0.0
352 0.26 0.0 0.0
353 0.26 0.0 0.0
354 0.26 0.0 0.0
