0 0.26 0.0 0.0696666666667
1 0.26 0.0 0.0625
2 0.26 0.0 0.05425
3 0.26 0.0 0.04375
4 0.26 0.0 0.03125
5 0.26 0.0 0.01875
6 0.26 0.0 0.00625
7 0.26 0.0 0.0
8 0.26 0.0 0.0
9 0.26 0.0 0.0
10 0.26 0.0 0.0
11 0.26 0.0 0.0
12 0.26 0.0 0.0
13 0.26 0.0 0.0
14 0.26 0.0 0.0
15 0.26 0.0 0.0
16 0.26 0.0 0.0
17 0.26 0.0 0.0
18 0.26 0.0 0.0
19 0.26 -0.05 0.0
20 0.26 -0.15 0.0
21 0.26 -0.2 0.0
22 0.26 -0.3 0.0
23 0.26 -0.35 0.0
24 0.26 -0.4 0.0
25 0.26 -0.4 0.0
26 0.26 -0.4 0.0
27 0.26 -0.4 0.05
28 0.26 -0.4 0.1625
29 0.26 -0.4 0.26875
30 0.26 -0.4 0.39375
31 0.26 -0.4 0.4875
32 0.26 -0.4 0.51875
33 0.0 0.0 0.50625
34 0.0 0.0 0.41875
35 0.0 0.0 0.41875
36 0.0 0.0 0.4375
37 0.005 0.0 0.4375
38 0.01 0.0 0.4375
39 0.01 0.0 0.4375
40 0.025 0.0 0.4375
41 0.05 0.0 0.4375
42 0.08 0.0 0.43125
43 0.105 0.0 0.43125
44 0.13 0.0 0.43125
45 0.16 0.0 0.43125
46 0.19 0.0 0.43125
47 0.215 0.0 0.4125
48 0.245 0.0 0.40625
49 0.26 0.0 0.39375
50 0.26 0.0 0.38125
51 0.26 0.0 0.3625
52 0.26 0.0 0.35
53 0.26 0.0 0.335333333333
54 0.26 0.0 0.322833333333
55 0.26 0.0 0.30625
56 0.26 0.0 0.29375
57 0.26 0.0 0.275
58 0.26 0.0 0.2625
59 0.26 0.0 0.25
60 0.26 0.0 0.23125
61 0.26 0.0 0.21875
62 0.26 0.0 0.20625
63 0.26 0.1 0.19375
64 0.26 0.1 0.206666666667
65 0.26 0.2 0.225
66 0.26 0.2 0.264416666667
67 0.26 0.3 0.3125
68 0.26 0.3 0.38125
69 0.26 0.4 0.45625
70 0.26 0.4 0.54375
71 0.26 0.4 0.6375
72 0.26 0.4 0.73125
73 0.26 0.4 0.75
74 0.26 0.4 0.75
75 0.26 0.4 0.75
76 0.26 0.4 0.75
77 0.0 0.0 0.75
78 0.0 0.0 0.75
79 0.0 0.0 0.75
80 0.005 0.0 0.75
81 0.01 0.0 0.75
82 0.01 0.0 0.75
83 0.02 0.0 0.75
84 0.045 0.0 0.75
85 0.07 0.0 0.75
86 0.095 0.0 0.75
87 0.125 0.0 0.75
88 0.15 0.0 0.75
89 0.165 0.0 0.75
90 0.175 0.0 0.75
91 0.18 0.0 0.75
92 0.19 0.0 0.75
93 0.2 0.0 0.75
94 0.205 0.0 0.75
95 0.215 0.0 0.75
96 0.225 0.0 0.75
97 0.23 0.0 0.75
98 0.24 0.0 0.75
99 0.25 0.0 0.75
100 0.255 0.0 0.75
101 0.26 0.0 0.75
102 0.26 0.0 0.75
103 0.26 0.0 0.75
104 0.26 0.0 0.75
105 0.26 0.0 0.75
106 0.26 0.0 0.75
107 0.26 0.0 0.75
108 0.26 0.0 0.75
