0 0.26 0.0 0.18125
1 0.26 0.0 0.175
2 0.26 0.0 0.16875
3 0.26 0.0 0.1625
4 0.26 0.0 0.15
5 0.26 0.0 0.14375
6 0.26 0.0 0.132083333333
7 0.26 0.05 0.125
8 0.26 0.1 0.125
9 0.26 0.15 0.14375
10 0.26 0.2 0.175
11 0.26 0.25 0.23125
12 0.26 0.3 0.30625
13 0.26 0.3 0.38125
14 0.26 0.3 0.475
15 0.26 0.3 0.55625
16 0.26 0.3 0.64375
17 0.26 0.3 0.73125
18 0.26 0.3 0.64375
19 0.26 0.3 0.56875
20 0.26 0.3 0.4875
21 0.26 0.3 0.40625
22 0.26 0.3 0.33125
23 0.26 0.3 0.24375
24 0.26 0.3 0.1625
25 0.0 0.0 0.08125
26 0.0 0.0 0.05
27 0.0 0.0 0.11875
28 0.01 0.0 0.13125
29 0.01 0.0 0.13125
30 0.01 0.0 0.1375
31 0.035 0.0 0.1375
32 0.06 0.0 0.13125
33 0.09 0.0 0.125
34 0.115 0.0 0.1
35 0.14 0.0 0.08125
36 0.17 0.0 0.0875
37 0.195 0.0 0.09375
38 0.225 0.0 0.09375
39 0.255 0.0 0.08125
40 0.26 0.0 0.08125
41 0.26 0.0 0.08125
42 0.26 0.0 0.075
43 0.26 0.0 0.075
44 0.26 0.0 0.06875
45 0.26 0.0 0.06875
46 0.26 0.0 0.0625
47 0.26 0.0 0.05
48 0.26 0.0 0.03475
49 0.26 -0.1 0.0213333333333
50 0.26 -0.1 0.0335833333333
51 0.26 -0.1 0.05
52 0.26 -0.1 0.06875
53 0.26 -0.1 0.08125
54 0.26 -0.1 0.1
55 0.26 -0.1 0.11875
56 0.26 -0.2 0.1375
57 0.26 -0.2 0.18125
58 0.26 -0.2 0.225
59 0.26 -0.25 0.26875
60 0.26 -0.3 0.323666666667
61 0.26 -0.3 0.39375
62 0.26 -0.3 0.475
63 0.26 -0.3 0.54375
64 0.26 -0.3 0.60625
65 0.26 -0.3 0.675
66 0.26 -0.3 0.74375
67 0.26 -0.3 0.75
68 0.26 -0.3 0.75
69 0.26 -0.3 0.75
70 0.26 -0.3 0.75
71 0.26 -0.3 0.75
72 0.26 -0.3 0.75
73 0.0 0.0 0.75
74 0.0 0.0 0.75
75 0.005 0.0 0.75
76 0.01 0.0 0.75
77 0.01 0.0 0.75
78 0.015 0.0 0.75
79 0.04 0.0 0.75
80 0.07 0.0 0.75
81 0.095 0.0 0.75
82 0.125 0.0 0.75
83 0.15 0.0 0.75
84 0.18 0.0 0.75
85 0.205 0.0 0.75
86 0.235 0.0 0.75
87 0.26 0.0 0.75
88 0.26 0.0 0.75
89 0.26 0.0 0.75
90 0.26 0.0 0.75
91 0.26 0.0 0.75
92 0.26 0.0 0.75
93 0.26 0.0 0.75
94 0.26 0.0 0.75
95 0.26 0.0 0.75
96 0.26 0.0 0.75
97 0.26 0.0 0.75
98 0.26 0.0 0.75
99 0.26 0.0 0.75
100 0.26 0.0 0.75
101 0.26 0.0 0.75
102 0.26 0.0 0.75
103 0.26 0.0 0.75
104 0.26 0.0 0.75
105 0.26 0.0 0.75
106 0.26 0.0 0.75
