0 0.23 0.0 0.0
1 0.235 0.0 0.0
2 0.245 0.1 0.0
3 0.255 0.1 0.0
4 0.26 0.1 0.0
5 0.26 0.15 0.0
6 0.26 0.25 0.0
7 0.26 0.3 0.0
8 0.26 0.3 0.0
9 0.26 0.3 0.0375
10 0.26 0.3 0.13125
11 0.26 0.3 0.2125
12 0.26 0.3 0.3
13 0.26 0.3 0.3875
14 0.26 0.3 0.475
15 0.26 0.3 0.55625
16 0.26 0.3 0.6375
17 0.26 0.3 0.65
18 0.0 0.0 0.56875
19 0.0 0.0 0.4875
20 0.0 0.0 0.405416666667
21 0.005 0.0 0.329666666667
22 0.01 0.0 0.30625
23 0.01 0.0 0.30625
24 0.03 0.0 0.309916666667
25 0.055 0.0 0.31025
26 0.085 0.0 0.30625
27 0.115 0.0 0.275
28 0.145 0.0 0.25625
29 0.175 0.0 0.245416666667
30 0.2 0.0 0.24375
31 0.23 0.0 0.23125
32 0.26 0.0 0.2125
33 0.26 0.0 0.202916666667
34 0.26 0.0 0.186083333333
35 0.26 0.0 0.16875
36 0.26 0.0 0.151333333333
37 0.26 0.0 0.135583333333
38 0.26 0.0 0.11875
39 0.26 0.0 0.1
40 0.26 0.0 0.0875
41 0.26 0.0 0.0714166666667
42 0.26 0.0 0.05625
43 0.26 0.0 0.0423333333333
44 0.26 0.0 0.01875
45 0.26 0.0 0.00625
46 0.26 0.0 0.0
47 0.26 0.0 0.0
48 0.26 0.0 0.0
49 0.26 0.0 0.0
50 0.26 0.0 0.0
51 0.26 0.0 0.0
52 0.26 0.0 0.0
53 0.26 0.0 0.0
54 0.26 0.0 0.0
55 0.26 0.0 0.0
56 0.26 0.0 0.0
57 0.26 0.0 0.0
58 0.26 0.0 0.0
59 0.26 0.0 0.0
60 0.26 0.0 0.0
61 0.26 0.0 0.0
62 0.26 0.0 0.0
63 0.26 0.0 0.0
64 0.26 0.0 0.0
65 0.26 0.0 0.0
66 0.26 0.0 0.0
67 0.26 0.0 0.0
68 0.26 -0.05 0.0
69 0.26 -0.1 0.0
70 0.26 -0.1 0.0
71 0.26 -0.1 0.0
72 0.26 -0.1 0.0
73 0.26 -0.1 0.0
74 0.26 -0.2 0.0
75 0.26 -0.2 0.0
76 0.26 -0.2 0.0
77 0.26 -0.2 0.0
78 0.26 -0.2 0.0
79 0.26 -0.2 0.0
80 0.26 -0.2 0.0
81 0.26 -0.2 0.0
82 0.26 -0.2 0.0
83 0.0 0.0 0.0
84 0.0 0.0 0.03125
85 0.005 0.0 0.04375
86 0.01 0.0 0.04375
87 0.01 0.0 0.0420833333333
88 0.02 0.0 0.0375
89 0.045 0.0 0.0375
90 0.075 0.0 0.0375
91 0.1 0.0 0.03125
92 0.125 0.0 0.01875
93 0.155 0.0 0.0116666666667
94 0.185 0.0 0.00116666666667
95 0.215 0.0 0.0
96 0.24 0.0 0.0
97 0.26 0.0 0.0
98 0.26 0.0 0.0
99 0.26 0.0 0.0
100 0.26 0.0 0.0
101 0.26 0.0 0.0
102 0.26 0.0 0.0
103 0.26 0.0 0.0
104 0.26 0.0 0.0
105 0.26 0.0 0.0
106 0.26 0.0 0.0
107 0.26 0.0 0.0
108 0.26 0.0 0.0
109 0.26 0.0 0.0
110 0.26 0.0 0.0
111 0.26 0.0 0.0
112 0.26 0.0 0.0
113 0.26 0.0 0.0
114 0.26 0.0 0.0
115 0.26 0.0 0.0
116 0.26 0.0 0.0
117 0.26 0.0 0.0
118 0.26 -0.1 0.0
119 0.26 -0.1 0.0
120 0.26 -0.1 0.0
121 0.26 -0.1 0.0
122 0.26 -0.1 0.0
123 0.26 -0.1 0.0
124 0.26 -0.1 0.0
125 0.26 -0.1 0.0
126 0.26 -0.1 0.0
127 0.26 -0.1 0.0
128 0.26 -0.1 0.0
129 0.26 -0.1 0.0
130 0.26 -0.1 0.0
131 0.26 -0.1 0.0
132 0.26 -0.1 0.0
133 0.26 -0.1 0.0
134 0.26 -0.15 0.0
135 0.26 -0.2 0.0
136 0.26 -0.2 0.0
137 0.26 -0.2 0.0
138 0.26 -0.25 0.0
139 0.26 -0.3 0.0
140 0.26 -0.3 0.0
141 0.26 -0.3 0.0
142 0.26 -0.3 0.0
143 0.26 -0.4 0.0
144 0.26 -0.4 0.0
145 0.26 -0.4 0.0
146 0.26 -0.4 0.0
147 0.26 -0.4 0.0
148 0.26 -0.4 0.0
149 0.26 -0.4 0.0
150 0.26 -0.4 0.0
151 0.26 -0.4 0.0
152 0.26 -0.4 0.0
153 0.26 -0.4 0.0
154 0.26 -0.4 0.0
155 0.26 -0.4 0.0
156 0.26 -0.4 0.1
157 0.26 -0.4 0.13525
158 0.0 0.0 0.16075
159 0.0 0.0 0.177583333333
160 0.0 0.0 0.213333333333
161 0.0 0.0 0.225833333333
162 0.01 0.0 0.225833333333
163 0.01 0.0 0.225666666667
164 0.01 0.0 0.227416666667
165 0.04 0.0 0.23175
166 0.065 0.0 0.231166666667
167 0.095 0.0 0.225916666667
168 0.12 0.0 0.222916666667
169 0.145 0.0 0.20725
170 0.17 0.0 0.209
171 0.2 0.0 0.20775
172 0.225 0.0 0.2095
173 0.25 0.0 0.208333333333
174 0.26 0.0 0.2115
175 0.26 0.0 0.2095
176 0.26 0.0 0.19925
177 0.26 0.0 0.188833333333
178 0.26 0.0 0.173666666667
179 0.26 0.0 0.169666666667
180 0.26 0.0 0.157666666667
181 0.26 0.0 0.14275
182 0.26 0.0 0.138083333333
183 0.26 0.0 0.126916666667
184 0.26 0.0 0.11025
185 0.26 0.0 0.0991666666667
186 0.26 0.0 0.0893333333333
187 0.26 0.0 0.0780833333333
188 0.26 0.0 0.0646666666667
189 0.26 0.0 0.05175
190 0.26 0.0 0.0414166666667
191 0.26 0.0 0.0249166666667
192 0.26 -0.05 0.0203333333333
193 0.26 -0.1 0.0163333333333
194 0.26 -0.1 0.0120833333333
195 0.26 -0.1 0.00758333333333
196 0.26 -0.1 0.00225
197 0.26 -0.1 0.0
198 0.26 -0.1 0.0
199 0.26 -0.1 0.0
200 0.26 -0.1 0.0
201 0.26 -0.1 0.0
202 0.26 -0.1 0.0
203 0.26 -0.1 0.0
204 0.26 -0.1 0.0
205 0.26 -0.1 0.0
206 0.26 -0.1 0.0
207 0.26 -0.15 0.0
208 0.26 -0.2 0.0
209 0.26 -0.2 0.0
210 0.26 -0.2 0.0
211 0.26 -0.2 0.0
212 0.26 -0.2 0.0
213 0.26 -0.2 0.0
214 0.26 -0.2 0.0
215 0.26 -0.2 0.0
216 0.26 -0.2 0.0
217 0.26 -0.2 0.0
218 0.26 -0.2 0.0
219 0.26 -0.2 0.0
220 0.26 -0.2 0.0
221 0.26 -0.2 0.0
222 0.26 -0.2 0.0
223 0.26 -0.2 0.0
224 0.26 -0.2 0.0
225 0.26 -0.2 0.0
226 0.26 -0.15 0.0
227 0.26 -0.1 0.0
228 0.26 -0.1 0.0
229 0.26 -0.1 0.0
230 0.26 -0.1 0.0
231 0.26 -0.1 0.0
232 0.26 -0.1 0.0
233 0.26 -0.1 0.0
234 0.26 -0.1 0.0
235 0.26 -0.1 0.0
236 0.26 -0.1 0.0
237 0.26 -0.1 0.00625
238 0.26 -0.1 0.0188333333333
239 0.26 -0.1 0.0383333333333
240 0.26 -0.1 0.05625
241 0.26 -0.1 0.06875
242 0.26 -0.1 0.0918333333333
243 0.26 -0.1 0.10625
244 0.26 -0.1 0.125
245 0.26 -0.1 0.147833333333
246 0.26 0.0 0.166833333333
247 0.26 0.0 0.1625
248 0.26 0.0 0.15625
249 0.26 0.0 0.14375
250 0.26 0.0 0.13125
251 0.26 0.0 0.121666666667
252 0.26 0.0 0.10625
253 0.26 0.0 0.1
254 0.26 0.0 0.0823333333333
255 0.26 -0.05 0.075
256 0.26 -0.1 0.075
257 0.26 -0.1 0.09375
258 0.26 -0.1 0.112583333333
259 0.26 -0.1 0.13275
260 0.26 -0.1 0.15625
261 0.26 -0.1 0.175
262 0.26 -0.1 0.18225
263 0.26 -0.1 0.179083333333
264 0.26 -0.1 0.173166666667
265 0.26 -0.1 0.167416666667
266 0.26 -0.1 0.161583333333
267 0.26 -0.1 0.154916666667
268 0.26 -0.1 0.142583333333
269 0.26 -0.1 0.136916666667
270 0.26 -0.1 0.13175
271 0.26 -0.1 0.144166666667
272 0.26 -0.1 0.161916666667
273 0.26 -0.1 0.180416666667
274 0.26 -0.1 0.204333333333
275 0.26 -0.1 0.222833333333
276 0.26 -0.1 0.241083333333
277 0.26 -0.1 0.259583333333
278 0.26 -0.1 0.2775
279 0.26 -0.1 0.289916666667
280 0.26 -0.1 0.3205
281 0.26 -0.1 0.332916666667
282 0.26 -0.1 0.35125
283 0.26 -0.1 0.369583333333
284 0.26 -0.1 0.38825
285 0.26 -0.1 0.419
286 0.26 -0.1 0.444
287 0.0 0.0 0.475083333333
288 0.0 0.0 0.5
289 0.0 0.0 0.50625
290 0.01 0.0 0.50625
291 0.01 0.0 0.50625
292 0.01 0.0 0.50625
293 0.04 0.0 0.50625
294 0.065 0.0 0.50625
295 0.095 0.0 0.50625
296 0.125 0.0 0.50625
297 0.15 0.0 0.5
298 0.18 0.0 0.5
299 0.21 0.0 0.449666666667
300 0.235 0.0 0.34625
301 0.26 0.0 0.25425
302 0.26 0.0 0.156916666667
303 0.26 0.0 0.0596666666667
304 0.26 0.0 0.0
305 0.26 0.0 0.0
306 0.26 0.0 0.0
307 0.26 0.0 0.0
308 0.26 0.0 0.0
309 0.26 0.0 0.0
310 0.26 0.0 0.0
311 0.26 0.0 0.0
312 0.26 0.0 0.0
313 0.26 0.0 0.0
314 0.26 0.0 0.0
315 0.26 0.0 0.0
316 0.26 0.0 0.0
317 0.26 0.0 0.0
318 0.26 0.0 0.0
319 0.26 0.0 0.0
320 0.26 0.0 0.0
321 0.26 0.0 0.0
322 0.26 0.0 0.0
323 0.26 0.0 0.0
324 0.26 0.0 0.0
325 0.26 0.0 0.0
326 0.26 0.0 0.0
327 0.26 0.0 0.0
328 0.26 0.0 0.0
329 0.26 0.0 0.0
330 0.26 0.0 0.0
331 0.26 0.0 0.0
332 0.26 0.0 0.0
333 0.26 0.0 0.0
334 0.26 0.0 0.0
335 0.26 0.0 0.0
336 0.26 0.0 0.0
337 0.26 0.0 0.0
338 0.26 0.0 0.0
339 0.26 0.0 0.0
340 0.26 0.0 0.0
341 0.26 0.0 0.0
342 0.26 0.0 0.0
343 0.26 0.0 0.0
344 0.26 0.0 0.0
345 0.26 0.0 0.0
346 0.26 0.0 0.0
347 0.26 0.0 0.0
348 0.26 0.0 0.0
349 0.26 0.0 0.0
350 0.26 0.0 0.0
351 0.26 0.0 0.0
352 0.26 0.0 0.0
