0 0.17 0.0 0.0
1 0.19 0.0 0.0
2 0.205 0.0 0.0
3 0.215 0.0 0.0
4 0.225 0.05 0.0
5 0.235 0.1 0.0
6 0.25 0.2 0.0
7 0.26 0.3 0.0
8 0.26 0.3 0.0
9 0.26 0.4 0.0658333333333
10 0.26 0.4 0.2
11 0.26 0.4 0.3375
12 0.26 0.4 0.44375
13 0.26 0.4 0.6
14 0.26 0.4 0.658666666667
15 0.26 0.45 0.55875
16 0.26 0.5 0.45
17 0.26 0.5 0.3375
18 0.26 0.5 0.16875
19 0.26 0.5 0.0125
20 0.26 0.5 0.0
21 0.26 0.5 0.0
22 0.26 0.5 0.0
23 0.26 0.5 0.0
24 0.26 0.5 0.0
25 0.26 0.45 0.0
26 0.26 0.4 0.0
27 0.26 0.35 0.0
28 0.26 0.3 0.0
29 0.26 0.2 0.0
30 0.26 0.2 0.0
31 0.26 0.15 0.0
32 0.26 0.1 0.0
33 0.26 0.05 0.0
34 0.26 2.77555756156e-17 0.0
35 0.26 2.77555756156e-17 0.0
36 0.26 2.77555756156e-17 0.0
37 0.26 2.77555756156e-17 0.0
38 0.26 2.77555756156e-17 0.0
39 0.26 2.77555756156e-17 0.0
40 0.26 -0.05 0.0
41 0.26 -0.1 0.0
42 0.26 -0.1 0.0
43 0.26 -0.3 0.0
44 0.26 -0.45 0.0
45 0.26 -0.55 0.0
46 0.26 -0.65 0.0
47 0.26 -0.7 0.0
48 0.26 -0.7 0.0
49 0.26 -0.7 0.0
50 0.26 -0.7 0.0
51 0.26 -0.7 0.0
52 0.26 -0.7 0.0
53 0.26 -0.7 0.0
54 0.26 -0.7 0.0
55 0.0 0.0 0.03125
56 0.0 0.0 0.074
57 0.005 0.0 0.0644166666667
58 0.01 0.0 0.0
59 0.01 0.0 0.0
60 0.04 0.0 0.0
61 0.075 0.0 0.0
62 0.115 0.0 0.0
63 0.145 0.0 0.0
64 0.18 0.0 0.0
65 0.21 0.0 0.0
66 0.235 0.0 0.0
67 0.26 0.0 0.0
68 0.26 0.0 0.0
69 0.26 0.0 0.0
70 0.26 0.0 0.0
71 0.26 0.0 0.0
72 0.26 0.0 0.0
73 0.26 -0.05 0.0
74 0.26 -0.1 0.0
75 0.26 -0.1 0.0
76 0.26 -0.1 0.0
77 0.26 -0.1 0.0
78 0.26 -0.1 0.0
79 0.26 -0.2 0.0
80 0.26 -0.2 0.0
81 0.26 -0.2 0.0
82 0.26 -0.2 0.0
83 0.26 -0.2 0.0
84 0.26 -0.2 0.0
85 0.26 -0.2 0.0
86 0.26 -0.2 0.0
87 0.26 -0.2 0.0
88 0.26 -0.2 0.0
89 0.26 -0.2 0.0
90 0.26 -0.2 0.075
91 0.26 -0.2 0.1375
92 0.26 -0.2 0.21875
93 0.26 -0.2 0.275
94 0.26 -0.2 0.35625
95 0.26 -0.2 0.4125
96 0.26 -0.2 0.473416666667
97 0.26 -0.2 0.50275
98 0.26 -0.2 0.334666666667
99 0.26 -0.15 0.176
100 0.26 -0.1 0.048
101 0.26 0.0 0.0131666666667
102 0.26 0.0 0.00941666666667
103 0.26 0.0 0.00516666666667
104 0.26 0.0 0.0
105 0.26 0.0 0.0
106 0.26 0.0 0.0
107 0.26 0.0 0.0
108 0.26 0.0 0.0
109 0.26 0.0 0.0
110 0.26 0.0 0.0
111 0.26 0.0 0.0
112 0.26 0.0 0.0
113 0.26 0.0 0.0
114 0.26 0.0 0.0
115 0.26 0.0 0.0
116 0.26 0.0 0.0
117 0.26 0.0 0.0
118 0.26 0.0 0.0
119 0.26 0.0 0.0
120 0.26 0.0 0.0
121 0.26 0.0 0.0
122 0.26 0.0 0.0
123 0.26 0.0 0.0
124 0.26 0.0 0.0
125 0.26 0.0 0.0
126 0.26 0.0 0.0
127 0.26 0.0 0.0
128 0.26 0.0 0.0
129 0.26 0.0 0.0
130 0.26 0.0 0.0
131 0.26 0.0 0.0
132 0.26 0.0 0.0
133 0.26 0.0 0.0
134 0.26 0.0 0.0
135 0.26 0.0 0.0
136 0.26 0.0 0.0
137 0.26 -0.05 0.0
138 0.26 -0.1 0.0
139 0.26 -0.1 0.0
140 0.26 -0.45 0.0
141 0.26 -0.55 0.0
142 0.26 -0.65 0.0
143 0.26 -0.75 0.0
144 0.26 -0.85 0.0
145 0.26 -0.9 0.0
146 0.26 -0.9 0.1
147 0.26 -0.9 0.264083333333
148 0.0 0.0 0.317083333333
149 0.0 0.0 0.360166666667
150 0.01 0.0 0.358666666667
151 0.01 0.0 0.359166666667
152 0.01 0.0 0.359166666667
153 0.04 0.0 0.363583333333
154 0.075 0.0 0.358416666667
155 0.1 0.0 0.357333333333
156 0.13 0.0 0.351166666667
157 0.165 0.0 0.354083333333
158 0.195 0.0 0.347333333333
159 0.22 0.0 0.34525
160 0.255 0.0 0.330916666667
161 0.26 0.0 0.321666666667
162 0.26 0.0 0.317166666667
163 0.26 0.0 0.302416666667
164 0.26 0.0 0.292416666667
165 0.26 0.0 0.2865
166 0.26 0.0 0.28125
167 0.26 0.0 0.2765
168 0.26 0.0 0.269583333333
169 0.26 0.0 0.204
170 0.26 0.0 0.128166666667
171 0.26 0.0 0.05875
172 0.26 0.0 0.035
173 0.26 0.0 0.0223333333333
174 0.26 0.0 0.0161666666667
175 0.26 0.0 0.0115833333333
176 0.26 0.0 0.0085
177 0.26 0.0 0.00558333333333
178 0.26 0.0 0.00283333333333
179 0.26 0.0 0.0
180 0.26 0.0 0.0
181 0.26 0.0 0.0
182 0.26 0.0 0.0
183 0.26 0.0 0.0
184 0.26 0.0 0.0
185 0.26 0.0 0.0
186 0.26 0.0 0.0
187 0.26 -0.1 0.0
188 0.26 -0.1 0.0
189 0.26 -0.1 0.0
190 0.26 -0.1 0.0
191 0.26 -0.1 0.0
192 0.26 -0.1 0.0
193 0.26 -0.1 0.0
194 0.26 -0.1 0.0
195 0.26 -0.1 0.0
196 0.26 -0.1 0.0
197 0.26 -0.1 0.0
198 0.26 -0.1 0.0
199 0.26 -0.1 0.0
200 0.26 -0.1 0.0
201 0.26 -0.1 0.0
202 0.26 -0.1 0.0
203 0.26 -0.1 0.0
204 0.26 -0.1 0.0
205 0.26 -0.15 0.0
206 0.26 -0.2 0.0
207 0.26 -0.2 0.0
208 0.26 -0.2 0.0
209 0.26 -0.2 0.0
210 0.26 -0.2 0.0
211 0.26 -0.2 0.0
212 0.26 -0.2 0.0
213 0.26 -0.2 0.0
214 0.26 -0.2 0.0
215 0.26 -0.2 0.0
216 0.26 -0.2 0.0
217 0.26 -0.2 0.0
218 0.26 -0.2 0.0
219 0.26 -0.2 0.0
220 0.26 -0.2 0.0
221 0.26 -0.2 0.0
222 0.26 -0.2 0.0
223 0.26 -0.2 0.0
224 0.26 -0.2 0.0
225 0.26 -0.2 0.0
226 0.26 -0.2 0.0
227 0.26 -0.2 0.0
228 0.26 -0.2 0.0
229 0.26 -0.2 0.0
230 0.26 -0.2 0.0
231 0.26 -0.2 0.0
232 0.26 -0.2 0.03125
233 0.26 -0.2 0.0700833333333
234 0.26 -0.2 0.11875
235 0.26 -0.2 0.18125
236 0.26 -0.2 0.21875
237 0.26 -0.2 0.2185
238 0.26 -0.2 0.217916666667
239 0.26 -0.2 0.211416666667
240 0.26 -0.15 0.261333333333
241 0.26 -0.1 0.304416666667
242 0.26 -0.1 0.322333333333
243 0.26 -0.1 0.335166666667
244 0.26 -0.1 0.35225
245 0.26 0.0 0.363666666667
246 0.26 0.0 0.350333333333
247 0.26 0.0 0.342166666667
248 0.26 0.0 0.328333333333
249 0.26 0.0 0.321416666667
250 0.26 0.0 0.312833333333
251 0.26 0.0 0.293583333333
252 0.26 0.0 0.292333333333
253 0.26 0.0 0.280083333333
254 0.26 0.0 0.267583333333
255 0.26 0.0 0.26
256 0.26 0.0 0.259416666667
257 0.26 0.0 0.252583333333
258 0.26 0.0 0.239833333333
259 0.26 0.0 0.22675
260 0.26 0.0 0.22
261 0.26 0.0 0.207083333333
262 0.26 0.0 0.2005
263 0.26 0.0 0.19425
264 0.26 0.0 0.1815
265 0.26 0.0 0.175083333333
266 0.26 0.0 0.1625
267 0.26 0.0 0.15625
268 0.26 0.0 0.15
269 0.26 0.0 0.12925
270 0.26 0.0 0.08525
271 0.26 0.0 0.0415833333333
272 0.26 0.0 0.0
273 0.26 0.0 0.0
274 0.26 0.0 0.0
275 0.26 0.0 0.0
276 0.26 0.0 0.0
277 0.26 0.0 0.0
278 0.26 0.0 0.0
279 0.26 0.0 0.0
280 0.26 0.0 0.0
281 0.26 0.0 0.0
282 0.26 0.0 0.0
283 0.26 0.0 0.0
284 0.26 0.0 0.0
285 0.26 0.0 0.0
286 0.26 0.0 0.0
287 0.26 0.0 0.0
288 0.26 0.0 0.0
289 0.26 0.0 0.0
290 0.26 0.0 0.0
291 0.26 0.0 0.0
292 0.26 0.0 0.0
293 0.26 0.0 0.0
294 0.26 0.0 0.0
295 0.26 0.0 0.0
296 0.26 0.0 0.0
297 0.26 0.0 0.0
298 0.26 0.0 0.0
299 0.26 0.0 0.0
300 0.26 0.0 0.0
301 0.26 0.0 0.0
302 0.26 0.0 0.0
303 0.26 0.0 0.0
304 0.26 0.0 0.0
305 0.26 0.0 0.0
306 0.26 0.0 0.0
307 0.26 0.0 0.0
308 0.26 0.0 0.0
