0 0.26 0.0 0.0
1 0.26 0.0 0.0
2 0.26 0.0 0.0
3 0.26 0.0 0.0
4 0.26 0.05 0.0
5 0.26 0.1 0.0
6 0.26 0.2 0.0
7 0.26 0.3 0.0
8 0.26 0.35 0.0
9 0.26 0.45 0.0
10 0.26 0.55 0.0
11 0.26 0.6 0.0
12 0.26 0.7 0.0
13 0.26 0.7 0.0
14 0.26 0.8 0.0
15 0.26 0.8 0.0
16 0.26 0.8 0.0
17 0.26 0.8 0.0
18 0.0 0.0 0.0
19 0.0 0.0 0.0
20 0.0 0.0 0.0
21 0.0 0.0 0.0
22 0.01 0.0 0.0
23 0.01 0.0 0.0
24 0.01 0.0 0.0
25 0.03 0.0 0.0
26 0.06 0.0 0.0
27 0.085 0.0 0.0
28 0.115 0.0 0.0
29 0.145 0.0 0.0
30 0.175 0.0 0.0
31 0.205 0.0 0.0
32 0.215 -0.05 0.0
33 0.225 -0.1 0.0
34 0.23 -0.1 0.0
35 0.24 -0.15 0.0
36 0.25 -0.2 0.0
37 0.26 -0.2 0.0
38 0.26 -0.2 0.0
39 0.26 -0.2 0.0
40 0.26 -0.2 0.0
41 0.26 -0.2 0.0
42 0.26 -0.2 0.0
43 0.26 -0.2 0.0
44 0.26 -0.2 0.0
45 0.26 -0.2 0.0
46 0.26 -0.2 0.0
47 0.26 -0.25 0.0
48 0.26 -0.3 0.0
49 0.26 -0.3 0.0
50 0.26 -0.3 0.0
51 0.26 -0.3 0.0
52 0.26 -0.3 0.0
53 0.26 -0.3 0.0
54 0.26 -0.3 0.0
55 0.26 -0.3 0.0
56 0.26 -0.3 0.0
57 0.26 -0.3 0.0
58 0.26 -0.3 0.0
59 0.26 -0.3 0.0
60 0.26 -0.3 0.0
61 0.26 -0.3 0.0
62 0.26 -0.3 0.04375
63 0.26 -0.3 0.125
64 0.26 -0.3 0.2
65 0.26 -0.3 0.275
66 0.26 -0.3 0.3625
67 0.26 -0.3 0.44375
68 0.26 -0.3 0.5375
69 0.26 -0.3 0.63125
70 0.0 0.0 0.70625
71 0.0 0.0 0.75
72 0.0 0.05 0.73125
73 0.0 0.1 0.725
74 0.0 0.1 0.7
75 0.005 0.1 0.66875
76 0.01 0.1 0.64375
77 0.01 0.1 0.6125
78 0.015 0.1 0.5875
79 0.04 0.1 0.55625
80 0.065 0.1 0.53125
81 0.095 0.1 0.50625
82 0.11 0.1 0.48125
83 0.125 0.0 0.45
84 0.14 0.0 0.44375
85 0.145 0.0 0.45
86 0.155 0.0 0.44375
87 0.18 0.0 0.44375
88 0.205 0.0 0.44375
89 0.235 0.0 0.4375
90 0.26 0.0 0.4375
91 0.26 0.0 0.4375
92 0.26 0.0 0.43125
93 0.26 0.0 0.43125
94 0.26 0.0 0.43125
95 0.26 -0.05 0.43125
96 0.26 -0.1 0.4375
97 0.26 -0.1 0.4625
98 0.26 0.0 0.4875
99 0.26 0.0 0.49375
100 0.26 0.0 0.49375
101 0.26 0.0 0.4875
102 0.26 0.0 0.4875
103 0.26 0.0 0.4875
104 0.26 0.0 0.4875
105 0.26 0.0 0.4875
106 0.26 0.0 0.4875
107 0.26 0.0 0.4875
108 0.26 0.0 0.4875
109 0.26 0.0 0.48125
110 0.26 0.0 0.48125
111 0.26 0.0 0.48125
112 0.26 0.0 0.48125
113 0.26 0.0 0.48125
114 0.26 0.0 0.48125
115 0.26 0.0 0.48125
116 0.26 0.0 0.48125
117 0.26 0.0 0.48125
118 0.26 0.0 0.48125
119 0.26 0.0 0.475
120 0.26 0.0 0.475
121 0.26 0.0 0.475
122 0.26 0.0 0.475
123 0.26 0.0 0.475
124 0.26 0.0 0.475
125 0.26 0.0 0.475
126 0.26 0.0 0.46875
127 0.26 0.0 0.46875
128 0.26 0.0 0.46875
129 0.26 0.0 0.46875
130 0.26 0.0 0.46875
131 0.26 0.0 0.46875
132 0.26 0.0 0.46875
133 0.26 0.0 0.46875
134 0.26 0.0 0.46875
135 0.26 0.0 0.4625
136 0.26 0.0 0.4625
137 0.26 0.0 0.4625
138 0.26 0.0 0.4625
139 0.26 0.0 0.4625
140 0.26 0.0 0.4625
141 0.26 0.0 0.462166666667
142 0.26 0.0 0.45625
143 0.26 0.0 0.45625
144 0.26 0.0 0.45625
145 0.26 0.0 0.45625
146 0.26 0.0 0.45625
147 0.26 0.0 0.45625
148 0.26 0.0 0.45625
149 0.26 0.0 0.45
150 0.26 0.0 0.45
151 0.26 0.0 0.45
152 0.26 0.0 0.45
153 0.26 0.0 0.45
154 0.26 0.0 0.45
155 0.26 0.0 0.45
156 0.26 0.0 0.44375
157 0.26 0.0 0.44375
158 0.26 0.0 0.44375
159 0.26 0.0 0.44375
160 0.26 0.0 0.44375
161 0.26 0.0 0.44375
162 0.26 0.0 0.44375
163 0.26 0.0 0.44375
164 0.26 0.0 0.4375
165 0.26 0.0 0.4375
166 0.26 0.0 0.4375
167 0.26 0.0 0.4375
168 0.26 0.0 0.4375
169 0.26 0.0 0.4375
170 0.26 0.0 0.4375
171 0.26 0.0 0.4375
172 0.26 0.0 0.4375
173 0.26 0.0 0.44375
174 0.26 0.0 0.44375
175 0.26 0.0 0.44375
176 0.26 0.0 0.44375
177 0.26 0.0 0.44375
178 0.26 0.0 0.45
179 0.26 0.0 0.45
180 0.26 0.0 0.45
181 0.26 0.0 0.45
182 0.26 0.0 0.45625
183 0.26 0.0 0.45625
184 0.26 0.0 0.45625
185 0.26 0.0 0.4625
186 0.26 0.0 0.4625
187 0.26 0.0 0.4625
188 0.26 0.0 0.4625
189 0.26 0.0 0.46875
190 0.26 0.0 0.46875
191 0.26 0.0 0.46875
192 0.26 0.0 0.475
193 0.26 0.0 0.475
194 0.26 0.0 0.48125
195 0.26 0.0 0.48125
196 0.26 0.0 0.48125
197 0.26 0.0 0.48125
198 0.26 0.0 0.4875
199 0.26 0.0 0.4875
200 0.26 0.0 0.49375
201 0.26 0.0 0.49375
