0 0.26 0.0 0.0705833333333
1 0.26 0.0 0.04375
2 0.26 0.0 0.04375
3 0.26 0.0 0.03125
4 0.26 0.0 0.01875
5 0.26 0.0 0.0125
6 0.26 0.0 0.0
7 0.26 0.0 0.0
8 0.26 0.0 0.0
9 0.26 0.0 0.0
10 0.26 0.0 0.0
11 0.26 0.0 0.0
12 0.26 0.0 0.0
13 0.26 0.0 0.0
14 0.26 0.0 0.0
15 0.26 0.0 0.0
16 0.26 0.0 0.0
17 0.26 0.0 0.0
18 0.26 0.0 0.0
19 0.26 0.0 0.0
20 0.26 0.0 0.0
21 0.26 0.0 0.0
22 0.26 0.0 0.0
23 0.26 -0.05 0.0
24 0.26 -0.1 0.0
25 0.26 -0.2 0.0
26 0.26 -0.3 0.0
27 0.26 -0.4 0.0
28 0.26 -0.45 0.0
29 0.26 -0.5 0.0
30 0.26 -0.5 0.0
31 0.26 -0.5 0.0
32 0.26 -0.5 0.0920833333333
33 0.26 -0.5 0.23125
34 0.26 -0.5 0.36875
35 0.26 -0.5 0.41875
36 0.26 -0.5 0.45625
37 0.26 -0.5 0.338166666667
38 0.26 -0.5 0.159166666667
39 0.0 0.0 0.0
40 0.0 0.0 0.0
41 0.0 0.0 0.0
42 0.0 0.0 0.0
43 0.005 0.0 0.0
44 0.01 0.0 0.0
45 0.01 0.0 0.0
46 0.02 0.0 0.0
47 0.045 0.0 0.0
48 0.07 0.0 0.0
49 0.1 0.0 0.0
50 0.125 0.0 0.0
51 0.15 0.0 0.0
52 0.18 0.0 0.0
53 0.21 0.0 0.0
54 0.215 0.0 0.0
55 0.23 0.05 0.0
56 0.235 0.1 0.0
57 0.245 0.1 0.0
58 0.255 0.2 0.0
59 0.26 0.2 0.0
60 0.26 0.3 0.0
61 0.26 0.3 0.0
62 0.26 0.4 0.0
63 0.26 0.45 0.0
64 0.26 0.5 0.0
65 0.26 0.5 0.0
66 0.26 0.5 0.0
67 0.26 0.5 0.0
68 0.26 0.5 0.13125
69 0.26 0.5 0.26875
70 0.26 0.5 0.4
71 0.26 0.5 0.51875
72 0.26 0.5 0.7
73 0.26 0.5 0.75
74 0.26 0.5 0.75
75 0.26 0.5 0.75
76 0.0 0.0 0.75
77 0.0 0.0 0.75
78 0.0 0.0 0.75
79 0.0 0.0 0.75
80 0.005 0.0 0.75
81 0.01 0.0 0.75
82 0.01 0.0 0.75
83 0.025 0.0 0.75
84 0.05 0.0 0.75
85 0.075 0.0 0.75
86 0.1 0.0 0.75
87 0.13 0.0 0.75
88 0.155 0.0 0.75
89 0.18 0.0 0.75
90 0.185 0.0 0.75
91 0.195 0.0 0.75
92 0.205 0.0 0.75
93 0.21 0.0 0.75
94 0.22 0.0 0.75
95 0.23 0.0 0.75
96 0.235 0.0 0.75
97 0.245 0.0 0.75
98 0.255 0.0 0.75
99 0.26 0.0 0.75
100 0.26 0.0 0.75
101 0.26 0.0 0.75
102 0.26 0.0 0.75
103 0.26 0.0 0.75
104 0.26 0.0 0.75
105 0.26 0.0 0.75
106 0.26 0.0 0.75
107 0.26 0.0 0.75
108 0.26 0.0 0.75
