0 0.26 0.0 0.0
1 0.26 0.0 0.0
2 0.26 0.0 0.0
3 0.26 0.0 0.0
4 0.26 0.0 0.0
5 0.26 0.0 0.0
6 0.26 0.0 0.0
7 0.26 0.0 0.0
8 0.26 0.0 0.0
9 0.26 0.0 0.0
10 0.26 0.0 0.0
11 0.26 0.0 0.0
12 0.26 0.0 0.0
13 0.26 -0.1 0.0
14 0.26 -0.15 0.0
15 0.26 -0.2 0.0
16 0.26 -0.25 0.0
17 0.26 -0.35 0.0
18 0.26 -0.4 0.0
19 0.26 -0.5 0.0
20 0.26 -0.5 0.0
21 0.26 -0.5 0.0375
22 0.26 -0.5 0.08125
23 0.26 -0.5 0.09225
24 0.26 -0.5 0.1
25 0.26 -0.5 0.116916666667
26 0.26 -0.5 0.02975
27 0.0 0.0 0.0
28 0.0 0.0 0.0
29 0.0 0.0 0.0
30 0.0 0.0 0.0
31 0.01 0.0 0.0
32 0.01 0.0 0.0
33 0.01 0.0 0.0
34 0.03 0.0 0.0
35 0.055 0.0 0.0
36 0.08 0.0 0.0
37 0.105 0.0 0.0
38 0.135 0.0 0.0
39 0.16 0.0 0.0
40 0.185 0.0 0.0
41 0.21 0.0 0.0
42 0.22 0.05 0.0
43 0.225 0.1 0.0
44 0.235 0.1 0.0
45 0.245 0.2 0.0
46 0.255 0.2 0.0
47 0.26 0.3 0.0
48 0.26 0.3 0.0
49 0.26 0.35 0.0
50 0.26 0.4 0.0
51 0.26 0.4 0.0
52 0.26 0.4 0.0
53 0.26 0.4 0.0
54 0.26 0.4 0.0
55 0.26 0.4 0.0
56 0.26 0.4 0.0
57 0.26 0.4 0.0
58 0.26 0.4 0.025
59 0.26 0.4 0.15625
60 0.26 0.4 0.2625
61 0.26 0.4 0.325
62 0.26 0.4 0.31875
63 0.26 0.4 0.30625
64 0.26 0.4 0.3
65 0.26 0.4 0.2375
66 0.0 0.0 0.13125
67 0.0 0.0 0.01875
68 0.0 0.0 0.06875
69 0.0 0.0 0.08125
70 0.005 0.0 0.08125
71 0.01 0.0 0.08125
72 0.01 0.0 0.08125
73 0.03 0.0 0.08125
74 0.06 0.0 0.08125
75 0.085 0.0 0.08125
76 0.11 0.0 0.075
77 0.14 0.0 0.06875
78 0.17 0.0 0.075
79 0.2 0.0 0.08125
80 0.225 0.0 0.08125
81 0.255 0.0 0.075
82 0.26 0.0 0.075
83 0.26 0.0 0.06875
84 0.26 0.0 0.0625
85 0.26 0.0 0.05625
86 0.26 0.0 0.05
87 0.26 0.0 0.04375
88 0.26 0.0 0.0401666666667
89 0.26 0.0 0.0351666666667
90 0.26 0.0 0.025
91 0.26 0.0 0.01875
92 0.26 0.0 0.0125
93 0.26 0.0 0.00625
94 0.26 0.0 0.0
95 0.26 0.0 0.0
96 0.26 0.0 0.0
97 0.26 0.0 0.0
98 0.26 0.0 0.0
99 0.26 0.0 0.0
100 0.26 0.0 0.0
101 0.26 0.0 0.0
102 0.26 0.0 0.0
103 0.26 0.0 0.0
104 0.26 0.0 0.0
105 0.26 0.0 0.0
106 0.26 0.0 0.0
107 0.26 0.0 0.0
108 0.26 0.0 0.0
109 0.26 0.0 0.0
110 0.26 0.0 0.0
111 0.26 0.0 0.0
112 0.26 0.0 0.0
113 0.26 0.0 0.0
114 0.26 0.0 0.0
115 0.26 0.0 0.0
116 0.26 0.0 0.0
117 0.26 0.0 0.0
118 0.26 0.0 0.0
119 0.26 0.0 0.0
120 0.26 0.0 0.0
121 0.26 0.0 0.0
122 0.26 0.0 0.0
123 0.26 0.05 0.0
124 0.26 0.1 0.0
125 0.26 0.1 0.0
126 0.26 0.1 0.0
127 0.26 0.1 0.0
128 0.26 0.2 0.0
129 0.26 0.2 0.0
130 0.26 0.3 0.0
131 0.26 0.3 0.0
132 0.26 0.4 0.0
133 0.26 0.45 0.0
134 0.26 0.5 0.0
135 0.26 0.5 0.0
136 0.26 0.5 0.0
137 0.26 0.5 0.0
138 0.26 0.5 0.0
139 0.26 0.5 0.0
140 0.26 0.5 0.0
141 0.26 0.5 0.0
142 0.26 0.5 0.0
143 0.0 0.0 0.0
144 0.0 0.0 0.0
145 0.0 0.0 0.0
146 0.005 0.0 0.0
147 0.01 0.0 0.0
148 0.01 0.0 0.0
149 0.02 0.0 0.0
150 0.05 0.0 0.0
151 0.08 0.0 0.0
152 0.105 0.0 0.0
153 0.135 0.0 0.0
154 0.165 0.0 0.0
155 0.19 0.0 0.0
156 0.22 0.0 0.0
157 0.25 0.0 0.0
158 0.26 0.0 0.0
159 0.26 0.0 0.0
160 0.26 0.0 0.0
161 0.26 0.0 0.0
162 0.26 0.0 0.0
163 0.26 -0.1 0.0
164 0.26 -0.1 0.0
165 0.26 -0.2 0.0
166 0.26 -0.2 0.0
167 0.26 -0.3 0.0
168 0.26 -0.35 0.0
169 0.26 -0.4 0.0
170 0.26 -0.45 0.0
171 0.26 -0.5 0.0
172 0.26 -0.5 0.0
173 0.26 -0.5 0.0
174 0.26 -0.5 0.0
175 0.26 -0.5 0.0
176 0.26 -0.5 0.0
177 0.26 -0.5 0.0
178 0.26 -0.5 0.0
179 0.26 -0.5 0.00625
180 0.26 -0.5 0.14375
181 0.0 0.0 0.26875
182 0.0 0.0 0.4125
183 0.0 0.0 0.56875
184 0.0 0.0 0.75
185 0.01 0.0 0.75
186 0.01 0.0 0.7
187 0.01 0.0 0.5
188 0.01 0.1 0.325
189 0.01 0.1 0.23125
190 0.01 0.1 0.18125
191 0.01 0.3 0.18125
192 0.01 0.6 0.20625
193 0.01 0.7 0.26875
194 0.01 0.8 0.45625
195 0.01 0.9 0.73125
196 0.0 0.0 0.75
197 0.0 0.0 0.75
198 0.0 0.0 0.75
199 0.01 0.0 0.75
200 0.01 0.0 0.75
201 0.01 0.0 0.75
202 0.035 0.0 0.75
203 0.06 0.0 0.75
204 0.09 0.0 0.75
205 0.12 0.0 0.75
206 0.15 0.0 0.75
