0 0.0 0.0 0.291666666667
1 0.0 0.0 0.291666666667
2 0.0 0.0 0.291666666667
3 0.0 0.0 0.291666666667
4 0.0 0.0 0.291666666667
5 0.0 0.0 0.291666666667
6 0.0 0.0 0.291666666667
7 0.0 0.0 0.291666666667
8 0.0 0.0 0.291666666667
9 0.0 0.0 0.291666666667
10 0.0 0.0 0.291666666667
11 0.0 0.0 0.291666666667
12 0.0 0.0 0.291666666667
13 0.0 0.0 0.291666666667
14 0.0 0.0 0.291666666667
15 0.0 0.0 0.291666666667
16 0.0 0.05 0.291666666667
17 0.0 0.1 0.291666666667
18 0.0 0.1 0.291666666667
19 0.0 0.1 0.291666666667
20 0.0 0.1 0.291666666667
21 0.0 0.1 0.291666666667
22 0.0 0.05 0.291666666667
23 0.0 0.0 0.291666666667
24 0.0 0.0 0.291666666667
25 0.0 0.0 0.291666666667
26 0.0 0.0 0.291666666667
27 0.0 0.0 0.291666666667
28 0.0 0.0 0.291666666667
29 0.0 0.0 0.291666666667
30 0.0 0.0 0.291666666667
31 0.0 0.0 0.291666666667
32 0.0 0.0 0.291666666667
33 0.0 0.0 0.291666666667
34 0.0 0.0 0.291666666667
35 0.0 0.0 0.291666666667
36 0.0 0.0 0.291666666667
37 0.0 0.0 0.291666666667
38 0.0 0.0 0.291666666667
39 0.0 0.0 0.291666666667
40 0.0 0.0 0.291666666667
41 0.0 0.0 0.291666666667
42 0.0 0.0 0.291666666667
43 0.0 0.0 0.291666666667
44 0.0 0.0 0.291666666667
45 0.005 0.0 0.291666666667
46 0.01 0.0 0.291666666667
47 0.01 0.0 0.291666666667
48 0.01 0.0 0.291666666667
49 0.01 0.0 0.291666666667
50 0.01 0.0 0.291666666667
51 0.01 0.0 0.291666666667
52 0.01 0.0 0.291666666667
53 0.01 0.0 0.291666666667
54 0.01 0.0 0.291666666667
55 0.01 0.0 0.291666666667
56 0.01 0.0 0.291666666667
57 0.01 0.0 0.291666666667
58 0.01 0.0 0.291666666667
59 0.01 0.0 0.291666666667
60 0.01 0.0 0.291666666667
61 0.01 0.0 0.291666666667
62 0.01 0.0 0.291666666667
63 0.01 0.0 0.291666666667
64 0.01 0.0 0.291666666667
65 0.01 0.0 0.291666666667
66 0.01 0.0 0.291666666667
67 0.01 0.0 0.291666666667
68 0.01 0.0 0.291666666667
69 0.01 0.0 0.291666666667
70 0.01 0.0 0.291666666667
71 0.01 0.0 0.291666666667
72 0.01 0.0 0.291666666667
73 0.01 0.0 0.291666666667
74 0.01 0.0 0.291666666667
75 0.0 0.0 0.291666666667
76 0.0 0.0 0.256833333333
77 0.0 0.0 0.256833333333
78 0.0 0.0 0.255916666667
79 0.0 0.0 0.255916666667
80 0.01 0.0 0.256
81 0.01 0.0 0.255333333333
82 0.01 0.0 0.255666666667
83 0.025 0.0 0.25525
84 0.045 0.0 0.254916666667
85 0.07 0.0 0.254416666667
86 0.095 0.0 0.253583333333
87 0.12 0.0 0.254083333333
88 0.14 0.0 0.253333333333
89 0.155 0.0 0.253333333333
90 0.16 0.0 0.252583333333
91 0.17 0.0 0.253083333333
92 0.175 0.0 0.25275
93 0.18 0.0 0.251583333333
94 0.19 0.0 0.2505
95 0.195 0.0 0.250333333333
96 0.205 0.0 0.249416666667
97 0.21 0.0 0.249666666667
98 0.215 0.0 0.248666666667
99 0.225 0.0 0.248333333333
100 0.23 0.0 0.247916666667
101 0.24 0.0 0.246916666667
102 0.245 0.0 0.24775
103 0.25 0.0 0.2465
104 0.26 0.0 0.246
105 0.26 0.0 0.246333333333
106 0.26 0.0 0.246416666667
107 0.26 0.0 0.245
108 0.26 0.0 0.245583333333
109 0.26 0.0 0.244083333333
110 0.26 0.0 0.243666666667
111 0.26 0.05 0.243583333333
112 0.26 0.1 0.24275
113 0.26 0.15 0.24275
114 0.26 0.2 0.243666666667
115 0.26 0.25 0.243083333333
116 0.26 0.3 0.242583333333
117 0.26 0.4 0.243166666667
118 0.26 0.4 0.242083333333
119 0.26 0.4 0.254083333333
120 0.26 0.4 0.251916666667
121 0.26 0.4 0.254666666667
122 0.26 0.4 0.254
123 0.26 0.4 0.245833333333
124 0.26 0.4 0.239833333333
125 0.26 0.4 0.239833333333
126 0.26 0.4 0.251666666667
127 0.26 0.4 0.252583333333
128 0.26 0.4 0.259083333333
129 0.26 0.4 0.265083333333
130 0.26 0.4 0.2655
131 0.26 0.4 0.26575
132 0.26 0.4 0.266
133 0.26 0.4 0.2685
134 0.26 0.4 0.278416666667
135 0.26 0.4 0.278666666667
136 0.26 0.4 0.279583333333
137 0.26 0.4 0.29125
138 0.26 0.4 0.291666666667
139 0.26 0.4 0.291666666667
140 0.26 0.3 0.291666666667
141 0.26 0.3 0.291666666667
142 0.26 0.3 0.291666666667
143 0.26 0.3 0.291666666667
144 0.26 0.3 0.291666666667
145 0.26 0.3 0.291666666667
146 0.26 0.3 0.291666666667
147 0.26 0.3 0.291666666667
148 0.26 0.3 0.291666666667
149 0.26 0.3 0.291666666667
150 0.26 0.3 0.291666666667
151 0.26 0.3 0.291666666667
152 0.26 0.3 0.291666666667
153 0.26 0.3 0.291666666667
154 0.26 0.3 0.291666666667
155 0.26 0.3 0.291666666667
156 0.26 0.3 0.291666666667
157 0.26 0.2 0.291666666667
158 0.26 0.2 0.291666666667
159 0.26 0.2 0.291666666667
160 0.26 0.1 0.291666666667
161 0.26 0.1 0.291666666667
162 0.26 0.1 0.291666666667
163 0.26 0.05 0.291666666667
164 0.26 2.77555756156e-17 0.291666666667
165 0.26 2.77555756156e-17 0.291666666667
166 0.26 2.77555756156e-17 0.291666666667
167 0.26 2.77555756156e-17 0.291666666667
168 0.26 2.77555756156e-17 0.291666666667
169 0.26 2.77555756156e-17 0.291666666667
170 0.26 2.77555756156e-17 0.291666666667
171 0.26 2.77555756156e-17 0.291666666667
172 0.26 2.77555756156e-17 0.291666666667
173 0.26 2.77555756156e-17 0.291666666667
174 0.26 2.77555756156e-17 0.291666666667
175 0.26 2.77555756156e-17 0.291666666667
176 0.26 2.77555756156e-17 0.291666666667
177 0.26 2.77555756156e-17 0.291666666667
178 0.26 2.77555756156e-17 0.291666666667
179 0.26 2.77555756156e-17 0.291666666667
180 0.26 2.77555756156e-17 0.291666666667
181 0.26 2.77555756156e-17 0.291666666667
182 0.26 2.77555756156e-17 0.291666666667
183 0.26 2.77555756156e-17 0.291666666667
184 0.26 2.77555756156e-17 0.291666666667
185 0.26 2.77555756156e-17 0.291666666667
186 0.26 2.77555756156e-17 0.291666666667
187 0.26 2.77555756156e-17 0.291666666667
188 0.26 2.77555756156e-17 0.291666666667
189 0.26 2.77555756156e-17 0.291666666667
190 0.26 2.77555756156e-17 0.291666666667
191 0.26 2.77555756156e-17 0.291666666667
192 0.26 2.77555756156e-17 0.291666666667
193 0.26 2.77555756156e-17 0.291666666667
194 0.26 2.77555756156e-17 0.291666666667
195 0.26 2.77555756156e-17 0.291666666667
196 0.26 2.77555756156e-17 0.291666666667
197 0.26 2.77555756156e-17 0.291666666667
198 0.26 2.77555756156e-17 0.291666666667
199 0.26 2.77555756156e-17 0.291666666667
200 0.26 2.77555756156e-17 0.291666666667
201 0.26 2.77555756156e-17 0.291666666667
202 0.26 2.77555756156e-17 0.291666666667
203 0.26 2.77555756156e-17 0.291666666667
204 0.26 2.77555756156e-17 0.291666666667
205 0.26 2.77555756156e-17 0.291666666667
206 0.26 2.77555756156e-17 0.291666666667
207 0.26 2.77555756156e-17 0.291666666667
208 0.26 2.77555756156e-17 0.291666666667
209 0.26 2.77555756156e-17 0.291666666667
210 0.26 2.77555756156e-17 0.291666666667
211 0.26 2.77555756156e-17 0.291666666667
212 0.26 2.77555756156e-17 0.291666666667
213 0.26 2.77555756156e-17 0.291666666667
214 0.26 2.77555756156e-17 0.291666666667
215 0.26 2.77555756156e-17 0.291666666667
216 0.26 2.77555756156e-17 0.291666666667
217 0.26 2.77555756156e-17 0.291666666667
218 0.26 2.77555756156e-17 0.291666666667
219 0.26 2.77555756156e-17 0.291666666667
220 0.26 2.77555756156e-17 0.291666666667
221 0.26 2.77555756156e-17 0.291666666667
222 0.26 2.77555756156e-17 0.291666666667
223 0.26 2.77555756156e-17 0.291666666667
224 0.26 2.77555756156e-17 0.291666666667
225 0.26 2.77555756156e-17 0.291666666667
226 0.26 2.77555756156e-17 0.291666666667
227 0.26 2.77555756156e-17 0.291666666667
228 0.26 2.77555756156e-17 0.291666666667
229 0.26 2.77555756156e-17 0.291666666667
230 0.26 2.77555756156e-17 0.291666666667
231 0.26 2.77555756156e-17 0.291666666667
232 0.26 2.77555756156e-17 0.291666666667
233 0.26 2.77555756156e-17 0.291666666667
234 0.26 2.77555756156e-17 0.291666666667
235 0.26 2.77555756156e-17 0.291666666667
236 0.26 2.77555756156e-17 0.291666666667
237 0.26 2.77555756156e-17 0.291666666667
238 0.26 2.77555756156e-17 0.291666666667
239 0.26 2.77555756156e-17 0.291666666667
240 0.26 2.77555756156e-17 0.291666666667
241 0.26 2.77555756156e-17 0.291666666667
242 0.26 2.77555756156e-17 0.291666666667
243 0.26 2.77555756156e-17 0.291666666667
244 0.26 2.77555756156e-17 0.291666666667
245 0.26 2.77555756156e-17 0.291666666667
246 0.26 2.77555756156e-17 0.291666666667
247 0.26 2.77555756156e-17 0.291666666667
248 0.26 2.77555756156e-17 0.291666666667
249 0.26 2.77555756156e-17 0.291666666667
250 0.26 2.77555756156e-17 0.291666666667
251 0.26 2.77555756156e-17 0.291666666667
252 0.26 2.77555756156e-17 0.291666666667
253 0.26 2.77555756156e-17 0.291666666667
254 0.26 2.77555756156e-17 0.291666666667
255 0.26 2.77555756156e-17 0.28975
256 0.26 2.77555756156e-17 0.287833333333
257 0.26 2.77555756156e-17 0.285916666667
258 0.26 2.77555756156e-17 0.282083333333
259 0.26 2.77555756156e-17 0.280166666667
260 0.26 2.77555756156e-17 0.27825
261 0.26 2.77555756156e-17 0.274416666667
262 0.26 2.77555756156e-17 0.2725
263 0.26 2.77555756156e-17 0.270583333333
264 0.26 2.77555756156e-17 0.26675
265 0.26 2.77555756156e-17 0.264833333333
266 0.26 2.77555756156e-17 0.262916666667
267 0.26 2.77555756156e-17 0.259083333333
268 0.26 2.77555756156e-17 0.257166666667
269 0.26 2.77555756156e-17 0.253333333333
270 0.26 2.77555756156e-17 0.251416666667
271 0.26 2.77555756156e-17 0.2495
272 0.26 2.77555756156e-17 0.246166666667
273 0.26 2.77555756156e-17 0.24375
274 0.26 2.77555756156e-17 0.239916666667
275 0.26 2.77555756156e-17 0.238
276 0.26 2.77555756156e-17 0.236083333333
277 0.26 2.77555756156e-17 0.234166666667
278 0.26 2.77555756156e-17 0.23225
279 0.26 2.77555756156e-17 0.228416666667
280 0.26 2.77555756156e-17 0.2265
281 0.26 2.77555756156e-17 0.224583333333
282 0.26 2.77555756156e-17 0.22075
283 0.26 2.77555756156e-17 0.218833333333
284 0.26 2.77555756156e-17 0.216916666667
285 0.26 -0.1 0.215
286 0.26 -0.1 0.213083333333
287 0.26 -0.1 0.211166666667
288 0.26 -0.2 0.211166666667
289 0.26 -0.2 0.213083333333
290 0.26 -0.25 0.215
291 0.26 -0.3 0.216916666667
292 0.26 -0.3 0.22075
293 0.26 -0.35 0.224583333333
294 0.26 -0.4 0.230333333333
295 0.26 -0.4 0.238
296 0.26 -0.4 0.24375
297 0.26 -0.4 0.251416666667
298 0.26 -0.4 0.261
299 0.26 -0.4 0.26675
300 0.26 -0.4 0.276333333333
301 0.26 -0.4 0.285916666667
302 0.26 -0.4 0.2915
303 0.26 -0.4 0.285666666667
304 0.26 -0.4 0.276583333333
305 0.26 -0.4 0.27575
306 0.26 -0.4 0.267916666667
307 0.26 -0.4 0.265333333333
308 0.26 -0.4 0.265333333333
309 0.26 -0.4 0.2655
310 0.26 -0.4 0.264166666667
311 0.26 -0.4 0.25675
312 0.26 -0.5 0.248666666667
313 0.26 -0.5 0.2485
314 0.26 -0.5 0.248
315 0.26 -0.6 0.24875
316 0.26 -0.6 0.2635
317 0.26 -0.6 0.269083333333
318 0.26 -0.6 0.2555
319 0.26 -0.7 0.251083333333
320 0.26 -0.7 0.259
321 0.26 -0.7 0.272333333333
322 0.26 -0.7 0.272166666667
323 0.26 -0.7 0.253166666667
324 0.26 -0.7 0.244916666667
325 0.26 -0.7 0.268166666667
326 0.26 -0.7 0.267666666667
327 0.26 -0.7 0.266583333333
328 0.26 -0.7 0.264833333333
329 0.26 -0.7 0.250166666667
330 0.26 -0.7 0.246833333333
331 0.26 -0.7 0.263416666667
332 0.26 -0.65 0.262583333333
333 0.26 -0.6 0.261833333333
334 0.26 -0.6 0.261083333333
335 0.26 -0.6 0.26075
336 0.26 -0.6 0.262416666667
337 0.26 -0.6 0.2795
338 0.26 -0.6 0.291666666667
339 0.26 -0.6 0.291666666667
340 0.26 -0.6 0.291666666667
341 0.26 -0.55 0.291666666667
342 0.26 -0.5 0.291666666667
343 0.26 -0.5 0.291666666667
344 0.26 -0.5 0.291666666667
345 0.26 -0.5 0.291666666667
346 0.26 -0.5 0.28525
347 0.26 -0.5 0.27825
348 0.26 -0.45 0.27625
349 0.26 -0.4 0.259666666667
350 0.26 -0.4 0.254833333333
351 0.26 -0.3 0.254083333333
352 0.26 -0.25 0.25425
353 0.26 -0.15 0.247416666667
354 0.26 -0.1 0.245583333333
355 0.26 -0.1 0.246416666667
356 0.26 -0.1 0.246416666667
357 0.26 -0.05 0.246333333333
358 0.26 -2.77555756156e-17 0.246083333333
359 0.26 -2.77555756156e-17 0.246416666667
360 0.26 -2.77555756156e-17 0.2445
361 0.26 -2.77555756156e-17 0.243
362 0.26 -2.77555756156e-17 0.2415
363 0.26 -2.77555756156e-17 0.239833333333
364 0.26 -2.77555756156e-17 0.239416666667
365 0.26 -2.77555756156e-17 0.238166666667
366 0.26 -2.77555756156e-17 0.237166666667
367 0.26 -2.77555756156e-17 0.23625
368 0.26 -2.77555756156e-17 0.23525
369 0.26 -2.77555756156e-17 0.235416666667
370 0.26 -2.77555756156e-17 0.2345
371 0.26 -2.77555756156e-17 0.23475
372 0.26 -2.77555756156e-17 0.234166666667
373 0.26 -2.77555756156e-17 0.234
374 0.26 -2.77555756156e-17 0.233
375 0.26 -2.77555756156e-17 0.23325
376 0.26 -2.77555756156e-17 0.232166666667
377 0.26 -2.77555756156e-17 0.231833333333
378 0.26 -2.77555756156e-17 0.231833333333
379 0.26 -2.77555756156e-17 0.232083333333
380 0.26 -2.77555756156e-17 0.231166666667
381 0.26 -2.77555756156e-17 0.231083333333
382 0.26 -2.77555756156e-17 0.232083333333
383 0.26 -2.77555756156e-17 0.23275
384 0.26 -2.77555756156e-17 0.232166666667
385 0.26 -2.77555756156e-17 0.231416666667
386 0.26 -2.77555756156e-17 0.227916666667
387 0.26 -2.77555756156e-17 0.2265
388 0.26 -2.77555756156e-17 0.22575
389 0.26 -2.77555756156e-17 0.225333333333
390 0.26 -2.77555756156e-17 0.227
391 0.26 -2.77555756156e-17 0.228083333333
392 0.26 -2.77555756156e-17 0.22825
393 0.26 -2.77555756156e-17 0.229583333333
394 0.26 -2.77555756156e-17 0.22975
395 0.26 -2.77555756156e-17 0.229
396 0.26 -2.77555756156e-17 0.228583333333
397 0.26 -2.77555756156e-17 0.23
398 0.26 -2.77555756156e-17 0.229333333333
399 0.26 -2.77555756156e-17 0.231833333333
400 0.26 -2.77555756156e-17 0.234083333333
401 0.26 -2.77555756156e-17 0.235416666667
402 0.26 -2.77555756156e-17 0.237083333333
403 0.26 -2.77555756156e-17 0.237166666667
404 0.26 -2.77555756156e-17 0.236
405 0.26 -2.77555756156e-17 0.234083333333
406 0.26 -2.77555756156e-17 0.23325
407 0.26 -2.77555756156e-17 0.232833333333
408 0.26 -2.77555756156e-17 0.230833333333
409 0.26 -2.77555756156e-17 0.234583333333
410 0.26 -2.77555756156e-17 0.238333333333
411 0.26 -2.77555756156e-17 0.241
412 0.26 -2.77555756156e-17 0.242833333333
413 0.26 -2.77555756156e-17 0.246
414 0.26 -2.77555756156e-17 0.245833333333
415 0.26 -2.77555756156e-17 0.245333333333
416 0.26 -2.77555756156e-17 0.242916666667
417 0.26 -2.77555756156e-17 0.239416666667
418 0.26 -2.77555756156e-17 0.235
419 0.26 -2.77555756156e-17 0.234666666667
420 0.26 -2.77555756156e-17 0.230083333333
421 0.26 0.05 0.227333333333
422 0.26 0.1 0.22375
423 0.26 0.1 0.221583333333
424 0.26 0.1 0.220916666667
425 0.26 0.1 0.224333333333
426 0.26 0.1 0.2265
427 0.26 0.1 0.236
428 0.26 0.1 0.244916666667
429 0.26 0.1 0.248583333333
430 0.26 0.1 0.249166666667
431 0.26 0.1 0.24875
432 0.26 0.1 0.247
433 0.26 0.1 0.2465
434 0.26 0.1 0.244
435 0.26 0.1 0.24675
436 0.26 0.1 0.249083333333
437 0.26 0.1 0.251916666667
438 0.26 0.1 0.254833333333
439 0.26 0.1 0.258666666667
440 0.26 0.1 0.26125
441 0.26 -2.77555756156e-17 0.26475
442 0.26 -2.77555756156e-17 0.2665
443 0.26 -2.77555756156e-17 0.265916666667
444 0.26 -2.77555756156e-17 0.266333333333
445 0.26 -2.77555756156e-17 0.266
446 0.26 -2.77555756156e-17 0.265416666667
447 0.26 -2.77555756156e-17 0.265083333333
448 0.26 -2.77555756156e-17 0.264416666667
449 0.26 -2.77555756156e-17 0.26475
450 0.26 -2.77555756156e-17 0.265333333333
451 0.26 -2.77555756156e-17 0.2645
452 0.26 -2.77555756156e-17 0.265916666667
453 0.26 -2.77555756156e-17 0.266166666667
454 0.26 -2.77555756156e-17 0.265916666667
455 0.26 -2.77555756156e-17 0.265666666667
456 0.26 -2.77555756156e-17 0.26675
457 0.26 -2.77555756156e-17 0.265916666667
458 0.26 -2.77555756156e-17 0.266166666667
459 0.26 -2.77555756156e-17 0.266583333333
460 0.26 -2.77555756156e-17 0.26775
461 0.26 -2.77555756156e-17 0.26825
462 0.26 -2.77555756156e-17 0.269333333333
463 0.26 -2.77555756156e-17 0.268833333333
464 0.26 -2.77555756156e-17 0.269416666667
465 0.26 -2.77555756156e-17 0.27
466 0.26 -2.77555756156e-17 0.269666666667
467 0.26 -2.77555756156e-17 0.27125
468 0.26 -2.77555756156e-17 0.27425
469 0.26 -2.77555756156e-17 0.277333333333
470 0.26 -2.77555756156e-17 0.281583333333
471 0.26 -2.77555756156e-17 0.28325
472 0.26 -2.77555756156e-17 0.287083333333
473 0.26 -2.77555756156e-17 0.29025
474 0.26 -2.77555756156e-17 0.291166666667
475 0.26 -2.77555756156e-17 0.289166666667
476 0.26 -2.77555756156e-17 0.289833333333
477 0.26 -2.77555756156e-17 0.290166666667
478 0.26 -2.77555756156e-17 0.290583333333
479 0.26 -2.77555756156e-17 0.29125
480 0.26 -2.77555756156e-17 0.291416666667
481 0.26 -2.77555756156e-17 0.291666666667
482 0.26 -2.77555756156e-17 0.291666666667
483 0.26 -2.77555756156e-17 0.291666666667
484 0.26 -2.77555756156e-17 0.291666666667
485 0.26 -2.77555756156e-17 0.291666666667
486 0.26 -2.77555756156e-17 0.291666666667
487 0.26 -2.77555756156e-17 0.291666666667
488 0.26 -2.77555756156e-17 0.291666666667
489 0.26 -2.77555756156e-17 0.291666666667
490 0.26 -2.77555756156e-17 0.291666666667
491 0.26 -2.77555756156e-17 0.291666666667
492 0.26 -2.77555756156e-17 0.291666666667
493 0.26 -2.77555756156e-17 0.291666666667
494 0.26 -2.77555756156e-17 0.291666666667
495 0.26 -2.77555756156e-17 0.291666666667
496 0.26 -2.77555756156e-17 0.291666666667
497 0.26 -2.77555756156e-17 0.291666666667
498 0.26 -2.77555756156e-17 0.291666666667
499 0.26 -2.77555756156e-17 0.291666666667
500 0.26 -2.77555756156e-17 0.291666666667
501 0.26 -2.77555756156e-17 0.291666666667
502 0.26 -2.77555756156e-17 0.291666666667
503 0.26 -2.77555756156e-17 0.291666666667
504 0.26 -2.77555756156e-17 0.291666666667
505 0.26 -2.77555756156e-17 0.291666666667
506 0.26 -2.77555756156e-17 0.291666666667
507 0.26 -2.77555756156e-17 0.291666666667
508 0.26 -2.77555756156e-17 0.291666666667
509 0.26 -2.77555756156e-17 0.291666666667
510 0.26 -2.77555756156e-17 0.291666666667
511 0.26 -2.77555756156e-17 0.291666666667
512 0.26 -2.77555756156e-17 0.291666666667
513 0.26 -2.77555756156e-17 0.291666666667
514 0.26 -2.77555756156e-17 0.291666666667
515 0.26 -2.77555756156e-17 0.291666666667
516 0.26 -2.77555756156e-17 0.291666666667
517 0.26 -2.77555756156e-17 0.291666666667
518 0.26 -2.77555756156e-17 0.291666666667
519 0.26 -2.77555756156e-17 0.291666666667
520 0.26 -2.77555756156e-17 0.291666666667
521 0.26 -2.77555756156e-17 0.291666666667
522 0.26 -2.77555756156e-17 0.291666666667
523 0.26 -2.77555756156e-17 0.291666666667
524 0.26 -2.77555756156e-17 0.291666666667
525 0.26 -2.77555756156e-17 0.291666666667
526 0.26 -2.77555756156e-17 0.291666666667
527 0.26 -2.77555756156e-17 0.291666666667
528 0.26 -2.77555756156e-17 0.291666666667
529 0.26 -2.77555756156e-17 0.291666666667
530 0.26 -2.77555756156e-17 0.291666666667
531 0.26 -2.77555756156e-17 0.291666666667
532 0.26 -2.77555756156e-17 0.291666666667
533 0.26 -2.77555756156e-17 0.291666666667
534 0.26 -2.77555756156e-17 0.291666666667
535 0.26 -2.77555756156e-17 0.291666666667
536 0.26 -2.77555756156e-17 0.291666666667
537 0.26 -2.77555756156e-17 0.291666666667
538 0.26 -2.77555756156e-17 0.291666666667
539 0.26 -2.77555756156e-17 0.291666666667
540 0.26 -2.77555756156e-17 0.291666666667
541 0.26 -2.77555756156e-17 0.291666666667
542 0.26 -2.77555756156e-17 0.291666666667
543 0.26 -2.77555756156e-17 0.291666666667
544 0.26 -2.77555756156e-17 0.291666666667
545 0.26 -2.77555756156e-17 0.291666666667
546 0.26 -2.77555756156e-17 0.291666666667
547 0.26 -2.77555756156e-17 0.291666666667
548 0.26 -2.77555756156e-17 0.291666666667
549 0.26 -2.77555756156e-17 0.291666666667
550 0.26 -2.77555756156e-17 0.291666666667
551 0.26 -2.77555756156e-17 0.291666666667
552 0.26 -2.77555756156e-17 0.291666666667
553 0.26 -2.77555756156e-17 0.291666666667
554 0.26 -2.77555756156e-17 0.291666666667
555 0.26 -2.77555756156e-17 0.291666666667
556 0.26 -2.77555756156e-17 0.291666666667
557 0.26 -2.77555756156e-17 0.291666666667
558 0.26 -2.77555756156e-17 0.291666666667
559 0.26 -2.77555756156e-17 0.291666666667
560 0.26 -2.77555756156e-17 0.291666666667
561 0.26 -2.77555756156e-17 0.291666666667
562 0.26 -2.77555756156e-17 0.291666666667
563 0.26 -2.77555756156e-17 0.291666666667
564 0.26 -2.77555756156e-17 0.291666666667
565 0.26 -2.77555756156e-17 0.291666666667
566 0.26 -2.77555756156e-17 0.291666666667
567 0.26 -2.77555756156e-17 0.291666666667
568 0.26 -2.77555756156e-17 0.291666666667
569 0.26 -2.77555756156e-17 0.291666666667
570 0.26 -2.77555756156e-17 0.291666666667
571 0.26 -2.77555756156e-17 0.291666666667
572 0.26 -2.77555756156e-17 0.291666666667
573 0.26 -2.77555756156e-17 0.291666666667
574 0.26 -2.77555756156e-17 0.291666666667
575 0.26 -2.77555756156e-17 0.291666666667
576 0.26 -2.77555756156e-17 0.291666666667
577 0.26 -2.77555756156e-17 0.291666666667
578 0.26 -2.77555756156e-17 0.291666666667
579 0.26 -2.77555756156e-17 0.291666666667
580 0.26 -2.77555756156e-17 0.291666666667
581 0.26 -2.77555756156e-17 0.291666666667
582 0.26 -2.77555756156e-17 0.291666666667
583 0.26 -2.77555756156e-17 0.291666666667
584 0.26 -2.77555756156e-17 0.291666666667
585 0.26 -2.77555756156e-17 0.291666666667
