0 0.26 0.0 0.0
1 0.26 0.0 0.0
2 0.26 0.0 0.0
3 0.26 0.0 0.0
4 0.26 0.0 0.0
5 0.26 0.0 0.0
6 0.26 0.0 0.0
7 0.26 0.0 0.0
8 0.26 0.0 0.0
9 0.26 0.0 0.0
10 0.26 0.0 0.0
11 0.26 0.0 0.0
12 0.26 0.0 0.0
13 0.26 0.0 0.0
14 0.26 0.0 0.0
15 0.26 0.1 0.0
16 0.26 0.1 0.0
17 0.26 0.2 0.0
18 0.26 0.55 0.0
19 0.26 0.95 0.454083333333
20 0.26 1.3 0.39375
21 0.26 1.65 0.5625
22 0.0 0.0 0.0875
23 0.0 0.0 0.0
24 0.0 0.0 0.0
25 0.01 0.0 0.0
26 0.01 0.0 0.0
27 0.015 0.0 0.0
28 0.05 0.0 0.0
29 0.075 0.0 0.0
30 0.105 0.0 0.0
31 0.135 0.0 0.0
32 0.165 0.0 0.0
33 0.195 0.0 0.0
34 0.205 0.0 0.0
35 0.215 0.0 0.0
36 0.225 0.0 0.0
37 0.235 0.0 0.0
38 0.245 0.0 0.0
39 0.25 0.0 0.0
40 0.26 0.0 0.0
41 0.26 0.0 0.0
42 0.26 0.0 0.0
43 0.26 0.0 0.0
44 0.26 -0.1 0.0
45 0.26 -0.1 0.0
46 0.26 -0.1 0.0
47 0.26 -0.1 0.0
48 0.26 -0.1 0.0
49 0.26 -0.1 0.0
50 0.26 -0.1 0.0
51 0.26 -0.1 0.0
52 0.26 -0.1 0.0
53 0.26 -0.1 0.0
54 0.26 -0.1 0.0
55 0.26 -0.1 0.0
56 0.26 -0.1 0.0
57 0.26 -0.1 0.0
58 0.26 -0.1 0.0
59 0.26 -0.1 0.0
60 0.26 -0.2 0.0
61 0.26 -0.2 0.0
62 0.26 -0.2 0.0
63 0.26 -0.2 0.0
64 0.26 -0.2 0.0
65 0.26 -0.2 0.0
66 0.26 -0.2 0.0
67 0.26 -0.2 0.0
68 0.26 -0.2 0.0
69 0.26 -0.15 0.0
70 0.26 -0.1 0.0
71 0.26 -0.1 0.0
72 0.26 -0.1 0.03125
73 0.26 -0.1 0.05625
74 0.26 -0.1 0.08125
75 0.26 -0.1 0.1125
76 0.26 -0.1 0.14375
77 0.26 -0.1 0.175
78 0.26 -0.1 0.2
79 0.26 -0.1 0.178416666667
80 0.26 -0.1 0.1185
81 0.26 -0.1 0.075
82 0.26 -0.1 0.00166666666667
83 0.26 -0.1 0.0
84 0.26 -0.1 0.0
85 0.26 -0.1 0.0
86 0.26 -0.1 0.0
87 0.26 -0.1 0.0
88 0.26 -0.1 0.0
89 0.26 -0.1 0.0
90 0.26 -0.1 0.0
91 0.26 -0.1 0.0
92 0.26 -0.1 0.0
93 0.26 -0.1 0.0
94 0.26 -0.1 0.0
95 0.26 -0.1 0.0
96 0.26 -0.1 0.0
97 0.26 -0.1 0.0
98 0.26 -0.1 0.0
99 0.26 -0.1 0.0
100 0.26 -0.1 0.0
101 0.26 -0.1 0.0
102 0.26 -0.1 0.0
103 0.26 -0.1 0.0
104 0.26 -0.1 0.0
105 0.26 -0.1 0.0
106 0.26 -0.1 0.0
107 0.26 -0.1 0.0
108 0.26 -0.1 0.0
109 0.26 -0.1 0.0
110 0.26 -0.1 0.0
111 0.26 -0.1 0.0
112 0.26 -0.1 0.0
113 0.26 -0.1 0.0
114 0.26 -0.1 0.0
115 0.26 -0.1 0.0
116 0.26 -0.1 0.0
117 0.26 -0.1 0.0
118 0.26 -0.15 0.0
119 0.26 -0.2 0.0
120 0.26 -0.2 0.0
121 0.26 -0.45 0.0
122 0.26 -0.6 0.0
123 0.26 -0.65 0.0
124 0.26 -0.7 0.0
125 0.26 -0.7 0.08525
126 0.26 -0.7 0.115333333333
127 0.26 -0.7 0.112
128 0.0 0.0 0.1995
129 0.0 0.0 0.14775
130 0.005 0.0 0.0639166666667
131 0.01 0.0 0.05975
132 0.01 0.0 0.05175
133 0.02 0.0 0.0375833333333
134 0.05 0.0 0.01325
135 0.075 0.0 0.00758333333333
136 0.115 0.0 0.0
137 0.15 0.0 0.0
138 0.185 0.0 0.0
139 0.215 0.0 0.0
140 0.25 0.0 0.0
141 0.26 0.0 0.0
142 0.26 0.0 0.0
143 0.26 0.0 0.0
144 0.26 0.0 0.0
145 0.26 0.0 0.0
146 0.26 0.0 0.0
147 0.26 0.0 0.0
148 0.26 0.0 0.0
149 0.26 0.0 0.0
150 0.26 0.0 0.0
151 0.26 0.0 0.0
152 0.26 0.0 0.0
153 0.26 0.0 0.0
154 0.26 0.0 0.0
155 0.26 0.0 0.0
156 0.26 0.0 0.0
157 0.26 0.0 0.0
158 0.26 -0.1 0.0
159 0.26 -0.1 0.0
160 0.26 -0.1 0.0
161 0.26 -0.1 0.0
162 0.26 -0.1 0.0
163 0.26 -0.1 0.0
164 0.26 -0.1 0.0
165 0.26 -0.1 0.0
166 0.26 -0.1 0.0
167 0.26 -0.15 0.0
168 0.26 -0.2 0.0
169 0.26 -0.2 0.0
170 0.26 -0.2 0.0
171 0.26 -0.2 0.0
172 0.26 -0.2 0.0
173 0.26 -0.2 0.0
174 0.26 -0.2 0.0
175 0.26 -0.2 0.0
176 0.26 -0.2 0.0
177 0.26 -0.2 0.0
178 0.26 -0.2 0.0
179 0.26 -0.2 0.0
180 0.26 -0.2 0.0
181 0.26 -0.2 0.0
182 0.26 -0.2 0.0
183 0.26 -0.2 0.0
184 0.26 -0.2 0.0
185 0.26 -0.2 0.0
186 0.26 -0.2 0.00925
187 0.26 -0.2 0.06875
188 0.26 -0.2 0.133333333333
189 0.26 -0.2 0.1625
190 0.26 -0.2 0.21325
191 0.26 -0.2 0.207083333333
192 0.26 -0.2 0.20575
193 0.26 -0.2 0.20475
194 0.26 -0.2 0.256583333333
195 0.26 -0.2 0.297333333333
196 0.26 -0.2 0.34125
197 0.26 -0.2 0.388833333333
198 0.26 -0.2 0.4305
199 0.26 -0.2 0.47275
200 0.26 -0.2 0.513333333333
201 0.26 -0.2 0.4945
202 0.26 -0.2 0.562166666667
203 0.26 -0.1 0.59575
204 0.26 -0.1 0.6085
205 0.26 -0.05 0.611583333333
206 0.26 0.0 0.62375
207 0.26 0.0 0.629416666667
208 0.26 0.0 0.628083333333
209 0.26 0.0 0.632416666667
210 0.26 0.0 0.6385
211 0.26 0.0 0.637083333333
212 0.26 0.0 0.640416666667
213 0.26 0.0 0.640416666667
214 0.26 0.0 0.63925
215 0.26 0.0 0.642916666667
216 0.26 0.0 0.64175
217 0.26 0.0 0.64175
218 0.26 0.0 0.640583333333
219 0.26 0.0 0.6445
220 0.26 0.0 0.1705
221 0.26 0.0 0.0
222 0.26 0.0 0.0
223 0.26 0.0 0.0
224 0.26 0.0 0.0
225 0.26 0.0 0.0
226 0.26 0.0 0.0
227 0.26 0.0 0.0
228 0.26 0.0 0.0
229 0.26 0.0 0.0
230 0.26 0.0 0.0
231 0.26 0.0 0.0
232 0.26 0.0 0.0
233 0.26 0.0 0.0
234 0.26 0.0 0.0
235 0.26 0.0 0.0
236 0.26 0.0 0.0
237 0.26 0.0 0.0
238 0.26 0.0 0.0
239 0.26 0.0 0.0
240 0.26 0.0 0.0
241 0.26 0.0 0.0
242 0.26 0.0 0.0
243 0.26 0.0 0.0
244 0.26 0.0 0.0
245 0.26 0.0 0.0
246 0.26 0.0 0.0
247 0.26 0.0 0.0
248 0.26 0.0 0.0
249 0.26 0.0 0.0
250 0.26 0.0 0.0
251 0.26 0.0 0.0
252 0.26 0.0 0.0
253 0.26 0.0 0.0
254 0.26 0.0 0.0
255 0.26 0.0 0.0
256 0.26 0.0 0.0
257 0.26 0.0 0.0
258 0.26 0.0 0.0
259 0.26 0.0 0.0
260 0.26 0.0 0.0
261 0.26 0.0 0.0
262 0.26 0.0 0.0
263 0.26 0.0 0.0
264 0.26 0.0 0.0
265 0.26 0.0 0.0
266 0.26 0.0 0.0
267 0.26 0.0 0.0
268 0.26 0.0 0.0
269 0.26 0.0 0.0
270 0.26 0.0 0.0
271 0.26 0.0 0.0
272 0.26 0.0 0.0
273 0.26 0.0 0.0
274 0.26 0.0 0.0
275 0.26 0.0 0.0
276 0.26 0.0 0.0
277 0.26 0.0 0.0
278 0.26 0.0 0.0
279 0.26 0.0 0.0
280 0.26 0.0 0.0
281 0.26 0.0 0.0
282 0.26 0.0 0.0
283 0.26 0.0 0.0
284 0.26 0.0 0.0
285 0.26 0.0 0.0
286 0.26 0.0 0.0
287 0.26 0.0 0.0
288 0.26 0.0 0.0
289 0.26 0.0 0.0
