0 0.26 0.0 0.0
1 0.26 0.0 0.0
2 0.26 0.0 0.0
3 0.26 0.0 0.0
4 0.26 0.0 0.0
5 0.26 0.0 0.0
6 0.26 -0.05 0.0
7 0.26 -0.1 0.0
8 0.26 -0.1 0.0
9 0.26 -0.2 0.0
10 0.26 -0.2 0.0
11 0.26 -0.25 0.0
12 0.26 -0.3 0.0
13 0.26 -0.3 0.0
14 0.26 -0.35 0.0
15 0.26 -0.4 0.0125
16 0.26 -0.4 0.11875
17 0.26 -0.4 0.23125
18 0.26 -0.4 0.275
19 0.26 -0.4 0.2875
20 0.26 -0.4 0.30625
21 0.26 -0.4 0.30625
22 0.26 -0.4 0.14375
23 0.26 -0.4 0.0015
24 0.0 0.0 0.0
25 0.0 0.0 0.0
26 0.0 0.0 0.0
27 0.005 0.0 0.0963333333333
28 0.01 0.0 0.215083333333
29 0.01 0.0 0.2625
30 0.015 0.0 0.264916666667
31 0.04 -0.05 0.2625
32 0.045 -0.1 0.25
33 0.055 -0.1 0.218333333333
34 0.06 -0.15 0.18125
35 0.06 -0.4 0.14375
36 0.06 -0.55 0.06875
37 0.0 0.0 0.0
38 0.005 0.0 0.0
39 0.01 0.0 0.0
40 0.01 0.0 0.0
41 0.015 0.0 0.0
42 0.045 0.0 0.0
43 0.07 0.0 0.0
44 0.1 0.0 0.0
45 0.125 0.0 0.0
46 0.155 0.0 0.0
47 0.185 0.0 0.0
48 0.21 0.0 0.0
49 0.24 0.0 0.0
50 0.26 0.0 0.0
51 0.26 0.0 0.0
52 0.26 0.0 0.0
53 0.26 0.0 0.0
54 0.26 0.0 0.0
55 0.26 0.0 0.0
56 0.26 0.0 0.0
57 0.26 0.0 0.0
58 0.26 0.0 0.0
59 0.26 0.0 0.0
60 0.26 0.0 0.0
61 0.26 0.0 0.0
62 0.26 0.0 0.0
63 0.26 0.0 0.0
64 0.26 0.0 0.0
65 0.26 0.0 0.0
66 0.26 0.0 0.0
67 0.26 0.0 0.0
68 0.26 0.0 0.0
69 0.26 0.0 0.0
70 0.26 0.0 0.0
71 0.26 0.0 0.0
72 0.26 0.05 0.0
73 0.26 0.1 0.0
74 0.26 0.1 0.0
75 0.26 0.1 0.0
76 0.26 0.1 0.0
77 0.26 0.1 0.0
78 0.26 0.1 0.0
79 0.26 0.1 0.0
80 0.26 0.1 0.0
81 0.26 0.1 0.0
82 0.26 0.2 0.0
83 0.26 0.2 0.0
84 0.26 0.2 0.0
85 0.26 0.2 0.0
86 0.26 0.2 0.0
87 0.26 0.2 0.0
88 0.26 0.2 0.0
89 0.26 0.2 0.03125
90 0.26 0.2 0.0875
91 0.26 0.2 0.1375
92 0.26 0.2 0.1875
93 0.26 0.2 0.24375
94 0.26 0.2 0.29375
95 0.26 0.2 0.34375
96 0.0 0.0 0.3625
97 0.0 0.0 0.35625
98 0.005 0.0 0.35625
99 0.01 0.0 0.35625
100 0.01 0.0 0.3625
101 0.015 0.0 0.3625
102 0.04 0.0 0.3625
103 0.065 0.0 0.3625
104 0.09 0.0 0.3625
105 0.12 0.0 0.3625
106 0.145 0.0 0.3625
107 0.17 0.0 0.363916666667
108 0.195 0.0 0.3625
109 0.205 0.0 0.3625
110 0.215 0.0 0.36875
111 0.22 0.0 0.36875
112 0.23 0.0 0.373083333333
113 0.235 0.0 0.375
114 0.245 0.0 0.375
115 0.255 0.0 0.375
116 0.26 0.0 0.36875
117 0.26 0.0 0.3625
118 0.26 0.0 0.3625
119 0.26 0.0 0.35625
120 0.26 0.0 0.35
121 0.26 0.0 0.3485
122 0.26 0.0 0.34375
123 0.26 0.0 0.3375
124 0.26 0.0 0.33125
125 0.26 0.0 0.33125
126 0.26 0.0 0.325
127 0.26 0.0 0.31875
128 0.26 0.0 0.31875
129 0.26 0.0 0.3125
130 0.26 0.0 0.30625
131 0.26 0.0 0.30625
132 0.26 0.0 0.3
133 0.26 0.0 0.29375
134 0.26 0.0 0.29375
135 0.26 0.0 0.2875
136 0.26 0.0 0.28125
137 0.26 0.0 0.28125
138 0.26 0.05 0.275
139 0.26 0.1 0.28125
140 0.26 0.2 0.30625
141 0.26 0.2 0.3625
142 0.26 0.2 0.40625
143 0.26 0.2 0.45625
144 0.26 0.2 0.51375
145 0.26 0.2 0.56875
146 0.26 0.2 0.6125
147 0.26 0.2 0.61875
148 0.26 0.2 0.625
149 0.26 0.2 0.59375
150 0.26 0.2 0.55
151 0.26 0.2 0.49375
152 0.26 0.2 0.44375
153 0.26 0.2 0.4
154 0.26 0.15 0.33125
155 0.26 0.1 0.2875
156 0.26 0.0 0.25625
157 0.26 -0.05 0.25
158 0.26 -0.1 0.25625
159 0.26 -0.1 0.28125
160 0.26 -0.15 0.31875
161 0.26 -0.35 0.35625
162 0.26 -0.45 0.45
163 0.26 -0.5 0.5785
164 0.26 -0.6 0.74375
165 0.0 0.0 0.6125
166 0.0 0.0 0.46875
167 0.0 0.0 0.3625
168 0.005 0.0 0.3375
169 0.01 0.0 0.3375
170 0.01 0.0 0.3375
171 0.025 0.0 0.3375
172 0.05 0.0 0.3375
173 0.075 0.0 0.33125
174 0.105 0.0 0.33125
175 0.135 0.0 0.33125
176 0.145 0.0 0.33125
177 0.155 0.0 0.33125
178 0.16 0.0 0.33125
179 0.17 0.0 0.329166666667
180 0.175 0.0 0.325
181 0.185 0.0 0.325
182 0.195 0.0 0.325
183 0.2 0.0 0.325
184 0.21 0.0 0.31875
185 0.215 0.0 0.31875
186 0.225 0.05 0.31875
187 0.235 0.1 0.33125
188 0.24 0.1 0.35625
189 0.25 0.1 0.38125
190 0.26 0.1 0.40625
191 0.26 0.1 0.4375
192 0.26 0.1 0.4625
193 0.26 0.1 0.4875
194 0.26 0.1 0.51875
195 0.26 0.1 0.54375
196 0.26 0.1 0.56875
197 0.26 0.1 0.60625
198 0.26 0.1 0.63125
199 0.26 0.1 0.65625
200 0.26 0.1 0.6875
201 0.26 0.1 0.71875
202 0.26 0.1 0.75
203 0.26 0.15 0.75
204 0.26 0.2 0.75
205 0.26 0.2 0.75
206 0.26 0.2 0.75
207 0.26 0.2 0.75
208 0.26 0.2 0.75
209 0.26 0.2 0.75
210 0.26 0.2 0.75
211 0.26 0.15 0.75
212 0.26 0.1 0.75
213 0.26 0.1 0.75
