0 0.26 0.0 0.0385
1 0.26 0.0 0.0253333333333
2 0.26 0.0 0.0
3 0.26 0.0 0.0
4 0.26 0.0 0.0
5 0.26 0.0 0.0
6 0.26 0.0 0.0
7 0.26 0.0 0.0
8 0.26 0.0 0.0
9 0.26 0.0 0.0
10 0.26 0.05 0.0
11 0.26 0.1 0.0
12 0.26 0.1 0.0
13 0.26 0.15 0.0
14 0.26 0.2 0.0
15 0.26 0.2 0.0
16 0.26 0.25 0.0
17 0.26 0.3 0.0
18 0.26 0.3 0.0
19 0.26 0.3 0.0
20 0.26 0.3 0.0375
21 0.26 0.3 0.0875
22 0.26 0.3 0.13125
23 0.26 0.3 0.13125
24 0.26 0.3 0.13125
25 0.26 0.3 0.125
26 0.26 0.3 0.127833333333
27 0.26 0.3 0.11875
28 0.26 0.3 0.124
29 0.26 0.3 0.125
30 0.26 0.3 0.125
31 0.26 0.3 0.11875
32 0.26 0.3 0.125
33 0.26 0.3 0.125
34 0.26 0.3 0.125
35 0.26 0.3 0.09375
36 0.26 0.3 0.0375
37 0.26 0.3 0.0
38 0.26 0.3 0.0
39 0.26 0.3 0.0
40 0.26 0.3 0.0
41 0.26 0.3 0.0
42 0.26 0.3 0.0
43 0.26 0.3 0.0
44 0.26 0.3 0.0
45 0.26 0.3 0.0
46 0.26 0.25 0.0
47 0.26 0.2 0.0
48 0.26 0.2 0.0
49 0.26 0.2 0.0
50 0.26 0.2 0.0
51 0.0 0.0 0.0
52 0.0 0.0 0.0
53 0.0 0.0 0.0
54 0.0 0.0 0.0
55 0.0 0.0 0.0
56 0.0 -0.05 0.0
57 0.0 -0.1 0.0
58 0.0 -0.1 0.0
59 0.0 -0.1 0.0
60 0.0 -0.1 0.0
61 0.005 -0.1 0.0
62 0.01 -0.1 0.0
63 0.01 -0.1 0.0
64 0.01 -0.1 0.0
65 0.01 -0.1 0.0
66 0.025 -0.1 0.0
67 0.04 -0.1 0.0
68 0.055 -0.1 0.0
69 0.075 -0.1 0.0
70 0.09 -0.1 0.0
71 0.105 -0.1 0.0
72 0.125 -0.1 0.0
73 0.14 -0.1 0.0
74 0.16 -0.1 0.0
75 0.175 -0.1 0.0
76 0.195 -0.1 0.0
77 0.21 -0.1 0.0
78 0.22 -0.1 0.0
79 0.225 -0.1 0.0
80 0.23 -0.1 0.0
81 0.235 -0.1 0.0
82 0.24 -0.1 0.0
83 0.245 -0.1 0.0
84 0.25 -0.1 0.0
85 0.255 -0.15 0.0
86 0.26 -0.2 0.0
87 0.26 -0.2 0.0
88 0.26 -0.2 0.0
89 0.26 -0.2 0.0
90 0.26 -0.25 0.0
91 0.26 -0.3 0.0
92 0.26 -0.3 0.0
93 0.26 -0.3 0.0
94 0.26 -0.35 0.0
95 0.26 -0.4 0.0
96 0.26 -0.4 0.0
97 0.26 -0.4 0.0
98 0.26 -0.45 0.0
99 0.26 -0.5 0.0
100 0.26 -0.5 0.0
101 0.26 -0.5 0.0
102 0.26 -0.5 0.0
103 0.26 -0.5 0.00625
104 0.26 -0.5 0.0845833333333
105 0.26 -0.5 0.16875
106 0.26 -0.5 0.24375
107 0.26 -0.5 0.32475
108 0.26 -0.5 0.4
109 0.26 -0.5 0.48125
110 0.26 -0.5 0.55625
111 0.0 0.0 0.6375
112 0.0 0.0 0.725
113 0.0 0.0 0.75
114 0.0 0.0 0.75
115 0.0 0.0 0.64375
116 0.0 0.0 0.48125
117 0.0 0.05 0.31875
118 0.0 0.1 0.175
119 0.0 0.1 0.04375
120 0.0 0.1 0.0
121 0.0 0.1 0.0
122 0.0 0.15 0.0
123 0.0 0.35 0.0
124 0.0 0.5 0.0
125 0.0 0.65 0.0370833333333
126 0.0 0.8 0.0833333333333
127 0.0 1.0 0.0583333333333
128 0.0 1.15 0.0
129 0.0 1.25 0.0
130 0.0 1.3 0.01875
131 0.0 1.35 0.238916666667
132 0.0 0.0 0.4625
133 0.0 0.0 0.69375
134 0.0 0.0 0.75
135 0.0 0.0 0.75
136 0.0 0.0 0.75
137 0.005 0.0 0.75
138 0.01 0.0 0.75
139 0.01 0.0 0.75
140 0.01 0.0 0.75
141 0.01 0.0 0.75
142 0.03 0.0 0.75
143 0.045 0.0 0.75
144 0.06 0.0 0.75
145 0.075 0.0 0.75
146 0.095 0.0 0.75
147 0.11 0.0 0.75
148 0.125 0.0 0.75
149 0.14 0.0 0.75
150 0.16 0.0 0.75
151 0.175 0.0 0.75
152 0.19 0.0 0.75
153 0.21 0.0 0.75
