0 0.26 0.0 0.0506666666667
1 0.26 0.0 0.0
2 0.26 0.0 0.00625
3 0.26 0.0 0.0
4 0.26 0.0 0.0
5 0.26 0.0 0.0
6 0.26 0.0 0.0
7 0.26 0.0 0.0
8 0.26 0.0 0.0
9 0.26 0.0 0.0
10 0.26 0.0 0.0
11 0.26 0.0 0.0
12 0.26 0.1 0.0
13 0.26 0.1 0.0
14 0.26 0.2 0.0
15 0.26 0.25 0.0
16 0.26 0.3 0.0
17 0.26 0.35 0.0125
18 0.26 0.4 0.09375
19 0.26 0.45 0.2
20 0.26 0.5 0.31875
21 0.26 0.5 0.48125
22 0.26 0.5 0.625
23 0.26 0.5 0.64375
24 0.26 0.5 0.50625
25 0.26 0.5 0.375
26 0.26 0.5 0.2375
27 0.26 0.5 0.1
28 0.26 0.5 0.0
29 0.0 0.0 0.0
30 0.0 0.0 0.0
31 0.0 0.0 0.0
32 0.005 0.0 0.0
33 0.01 0.0 0.0
34 0.01 0.0 0.0
35 0.015 0.0 0.0
36 0.04 0.0 0.0
37 0.065 0.0 0.0
38 0.095 0.0 0.0
39 0.125 0.0 0.0
40 0.155 0.0 0.0
41 0.185 0.0 0.0
42 0.21 0.0 0.0
43 0.24 0.0 0.0
44 0.26 0.0 0.0
45 0.26 0.0 0.0
46 0.26 0.0 0.0
47 0.26 0.0 0.0
48 0.26 0.0 0.0
49 0.26 0.0 0.0
50 0.26 0.0 0.0
51 0.26 0.0 0.0
52 0.26 -0.05 0.0
53 0.26 -0.1 0.0
54 0.26 -0.1 0.0
55 0.26 -0.2 0.0
56 0.26 -0.2 0.0
57 0.26 -0.2 0.0
58 0.26 -0.25 0.0
59 0.26 -0.3 0.0
60 0.26 -0.3 0.0
61 0.26 -0.35 0.0
62 0.26 -0.4 0.05625
63 0.26 -0.4 0.15625
64 0.26 -0.4 0.25625
65 0.26 -0.4 0.35625
66 0.26 -0.4 0.45
67 0.26 -0.4 0.54375
68 0.26 -0.4 0.6375
69 0.26 -0.4 0.73125
70 0.26 -0.4 0.75
71 0.26 -0.4 0.75
72 0.26 -0.4 0.75
73 0.0 0.0 0.75
74 0.0 0.0 0.75
75 0.0 0.0 0.75
76 0.0 0.0 0.75
77 0.01 0.0 0.75
78 0.01 0.0 0.75
79 0.01 0.0 0.75
80 0.035 0.0 0.75
81 0.06 0.0 0.75
82 0.09 0.0 0.75
83 0.115 0.0 0.75
84 0.145 0.0 0.75
85 0.175 0.0 0.75
86 0.2 0.0 0.75
87 0.23 0.0 0.75
88 0.255 0.0 0.75
89 0.26 0.0 0.75
90 0.26 0.0 0.75
91 0.26 0.0 0.75
92 0.26 0.0 0.75
93 0.26 0.0 0.75
94 0.26 0.0 0.75
95 0.26 0.0 0.75
96 0.26 0.0 0.75
97 0.26 0.0 0.75
98 0.26 0.0 0.75
99 0.26 0.0 0.75
100 0.26 0.0 0.75
101 0.26 0.0 0.75
102 0.26 0.0 0.75
103 0.26 0.0 0.75
104 0.26 0.0 0.75
105 0.26 0.0 0.75
106 0.26 0.0 0.75
107 0.26 0.0 0.75
