0 0.12 0.0 0.264333333333
1 0.145 0.0 0.262583333333
2 0.17 0.0 0.260166666667
3 0.195 0.0 0.258083333333
4 0.215 0.0 0.255166666667
5 0.24 0.0 0.254666666667
6 0.26 0.0 0.256666666667
7 0.26 0.0 0.255083333333
8 0.26 0.0 0.254583333333
9 0.26 0.0 0.253583333333
10 0.26 0.0 0.25275
11 0.26 0.0 0.254
12 0.26 0.0 0.253833333333
13 0.26 0.0 0.253416666667
14 0.26 0.0 0.2535
15 0.26 0.0 0.252416666667
16 0.26 0.0 0.25375
17 0.26 0.0 0.253
18 0.26 0.0 0.253083333333
19 0.26 0.0 0.253166666667
20 0.26 0.0 0.2525
21 0.26 0.0 0.253666666667
22 0.26 0.0 0.252583333333
23 0.26 -0.1 0.253166666667
24 0.26 -0.1 0.253666666667
25 0.26 -0.1 0.255166666667
26 0.26 -0.1 0.25925
27 0.26 -0.1 0.260833333333
28 0.26 -0.1 0.257416666667
29 0.26 -0.1 0.25475
30 0.26 -0.1 0.254166666667
31 0.26 -0.15 0.256
32 0.26 -0.2 0.252916666667
33 0.26 -0.2 0.252833333333
34 0.26 -0.2 0.251916666667
35 0.26 -0.2 0.251916666667
36 0.26 -0.2 0.251333333333
37 0.26 -0.2 0.25025
38 0.26 -0.2 0.249916666667
39 0.26 -0.2 0.249166666667
40 0.26 -0.2 0.251416666667
41 0.26 -0.2 0.258833333333
42 0.26 -0.2 0.259833333333
43 0.26 -0.2 0.269083333333
44 0.26 -0.2 0.265
45 0.26 -0.2 0.258583333333
46 0.26 -0.2 0.25475
47 0.26 -0.2 0.24825
48 0.26 -0.2 0.245666666667
49 0.26 -0.2 0.24575
50 0.26 -0.2 0.2445
51 0.26 -0.2 0.243416666667
52 0.26 -0.2 0.242833333333
53 0.26 -0.2 0.242083333333
54 0.26 -0.2 0.248333333333
55 0.26 -0.2 0.253833333333
56 0.26 -0.2 0.254333333333
57 0.26 -0.2 0.26425
58 0.26 -0.2 0.266416666667
59 0.26 -0.2 0.266083333333
60 0.26 -0.2 0.265666666667
61 0.26 -0.2 0.264583333333
62 0.26 -0.2 0.265
63 0.26 -0.2 0.263916666667
64 0.26 -0.2 0.26375
65 0.26 -0.2 0.263583333333
66 0.26 -0.2 0.262583333333
67 0.26 -0.2 0.261916666667
68 0.26 -0.2 0.26675
69 0.26 -0.2 0.27575
70 0.26 -0.2 0.275166666667
71 0.26 -0.2 0.273833333333
72 0.26 -0.2 0.274333333333
73 0.26 -0.2 0.280166666667
74 0.26 -0.2 0.289083333333
75 0.26 -0.2 0.2915
76 0.26 -0.2 0.291666666667
77 0.26 -0.2 0.291666666667
78 0.26 -0.2 0.291666666667
79 0.26 -0.15 0.291666666667
80 0.26 -0.1 0.291666666667
81 0.26 -0.1 0.291666666667
82 0.26 -0.1 0.291666666667
83 0.26 -0.05 0.291666666667
84 0.26 0.0 0.291666666667
85 0.26 0.0 0.291666666667
86 0.26 0.0 0.291666666667
87 0.26 0.0 0.291666666667
88 0.26 0.0 0.291666666667
89 0.26 0.0 0.291666666667
90 0.26 0.0 0.291666666667
91 0.26 0.0 0.291666666667
92 0.26 0.0 0.291666666667
93 0.26 0.0 0.291666666667
94 0.26 0.0 0.291666666667
95 0.26 0.0 0.291666666667
96 0.26 0.0 0.291666666667
97 0.26 0.0 0.291666666667
98 0.26 0.0 0.291666666667
99 0.26 0.0 0.291666666667
100 0.26 0.0 0.291666666667
101 0.26 0.0 0.291666666667
102 0.26 0.0 0.291666666667
103 0.26 0.0 0.291666666667
104 0.26 0.0 0.291666666667
105 0.26 0.0 0.291666666667
106 0.26 0.0 0.291666666667
107 0.26 0.0 0.291666666667
108 0.26 0.0 0.291666666667
109 0.26 0.05 0.291666666667
110 0.26 0.1 0.291666666667
111 0.26 0.1 0.291666666667
112 0.26 0.1 0.291666666667
113 0.26 0.1 0.291666666667
114 0.26 0.1 0.291666666667
115 0.26 0.1 0.291666666667
116 0.26 0.1 0.291666666667
117 0.26 0.1 0.291666666667
118 0.26 0.1 0.291666666667
119 0.26 0.1 0.291666666667
120 0.26 0.1 0.291666666667
121 0.26 0.1 0.291666666667
122 0.26 0.1 0.291666666667
123 0.26 0.05 0.291666666667
124 0.26 0.0 0.291666666667
125 0.26 0.0 0.291666666667
126 0.26 0.0 0.291666666667
127 0.26 0.0 0.291666666667
128 0.26 0.0 0.291666666667
129 0.26 0.0 0.291666666667
130 0.26 0.0 0.291666666667
131 0.26 0.0 0.291666666667
132 0.26 0.0 0.291666666667
133 0.26 0.0 0.291666666667
134 0.26 0.0 0.291666666667
135 0.26 0.0 0.291666666667
136 0.26 0.0 0.291666666667
137 0.26 0.0 0.291666666667
138 0.26 0.0 0.291666666667
139 0.26 0.0 0.291666666667
140 0.26 0.0 0.291666666667
141 0.26 0.0 0.291
142 0.26 0.0 0.290416666667
143 0.26 0.0 0.28625
144 0.26 0.0 0.28275
145 0.26 0.0 0.282083333333
146 0.26 0.0 0.2825
147 0.26 0.0 0.282416666667
148 0.26 0.0 0.282166666667
149 0.26 0.0 0.282083333333
150 0.26 0.0 0.28175
151 0.26 0.0 0.281666666667
152 0.26 0.0 0.281416666667
153 0.26 0.0 0.281416666667
154 0.26 0.0 0.281
155 0.26 0.0 0.280833333333
156 0.26 0.0 0.280583333333
157 0.26 0.0 0.2805
158 0.26 0.0 0.279833333333
159 0.26 0.0 0.277416666667
160 0.26 0.0 0.276083333333
161 0.26 0.0 0.272833333333
162 0.26 0.0 0.271333333333
163 0.26 0.0 0.269583333333
164 0.26 0.0 0.266166666667
165 0.26 0.0 0.26225
166 0.26 0.0 0.26025
167 0.26 0.0 0.260583333333
168 0.26 0.0 0.26075
169 0.26 0.0 0.259583333333
170 0.26 0.0 0.259583333333
171 0.26 0.0 0.260083333333
172 0.26 0.0 0.26025
173 0.26 0.0 0.260083333333
174 0.26 0.0 0.259416666667
175 0.26 0.0 0.260083333333
176 0.26 0.0 0.25925
177 0.26 0.0 0.259666666667
178 0.26 0.0 0.259166666667
179 0.26 0.0 0.260166666667
180 0.26 0.0 0.259166666667
181 0.26 0.0 0.259916666667
182 0.26 0.0 0.2595
183 0.26 0.0 0.258333333333
184 0.26 0.0 0.256916666667
185 0.26 0.0 0.256166666667
186 0.26 0.0 0.254333333333
187 0.26 0.0 0.253916666667
188 0.26 0.0 0.254333333333
189 0.26 0.0 0.253
190 0.26 0.0 0.253583333333
191 0.26 0.0 0.255666666667
192 0.26 0.0 0.25525
193 0.26 0.0 0.256083333333
194 0.26 0.0 0.25625
195 0.26 0.0 0.257416666667
196 0.26 0.0 0.257
197 0.26 0.0 0.25775
198 0.26 0.0 0.257333333333
199 0.26 0.05 0.25575
200 0.26 0.1 0.254666666667
201 0.26 0.1 0.253666666667
202 0.26 0.1 0.254166666667
203 0.26 0.1 0.253416666667
204 0.26 0.2 0.2535
205 0.26 0.2 0.253083333333
206 0.26 0.2 0.253166666667
207 0.26 0.2 0.255333333333
208 0.26 0.2 0.254416666667
209 0.26 0.2 0.253416666667
210 0.26 0.2 0.252583333333
211 0.26 0.2 0.252166666667
212 0.26 0.2 0.245666666667
213 0.26 0.25 0.245
214 0.26 0.3 0.251166666667
215 0.26 0.3 0.246333333333
216 0.26 0.3 0.237583333333
217 0.26 0.3 0.237
218 0.26 0.3 0.23725
219 0.26 0.3 0.238083333333
220 0.26 0.3 0.244583333333
221 0.26 0.3 0.249583333333
222 0.26 0.3 0.249833333333
223 0.26 0.3 0.256416666667
224 0.26 0.3 0.262416666667
225 0.26 0.3 0.262083333333
226 0.26 0.3 0.262416666667
227 0.26 0.3 0.25225
228 0.26 0.3 0.242083333333
229 0.26 0.3 0.23525
230 0.26 0.3 0.244916666667
231 0.26 0.3 0.249
232 0.26 0.3 0.249083333333
233 0.26 0.3 0.256416666667
234 0.26 0.3 0.26325
235 0.26 0.3 0.264
236 0.26 0.3 0.264083333333
237 0.26 0.3 0.265083333333
238 0.26 0.3 0.26625
239 0.26 0.3 0.266
240 0.26 0.35 0.2665
241 0.26 0.4 0.267083333333
242 0.26 0.4 0.262583333333
243 0.26 0.4 0.252416666667
244 0.26 0.4 0.2395
245 0.26 0.4 0.2475
246 0.26 0.4 0.2555
247 0.26 0.4 0.256833333333
248 0.26 0.4 0.25675
249 0.26 0.4 0.258416666667
250 0.26 0.4 0.25925
251 0.26 0.4 0.2605
252 0.26 0.4 0.259833333333
253 0.26 0.4 0.2615
254 0.26 0.4 0.262666666667
255 0.26 0.4 0.264083333333
256 0.26 0.4 0.265333333333
257 0.26 0.4 0.27275
258 0.26 0.4 0.288833333333
259 0.26 0.4 0.291666666667
260 0.26 0.4 0.291666666667
261 0.26 0.4 0.291666666667
262 0.26 0.4 0.291666666667
263 0.26 0.4 0.291666666667
264 0.26 0.4 0.291666666667
265 0.26 0.4 0.291666666667
266 0.26 0.4 0.291666666667
267 0.26 0.4 0.291666666667
268 0.26 0.4 0.291666666667
269 0.26 0.4 0.291166666667
270 0.26 0.4 0.282
271 0.26 0.4 0.2785
272 0.26 0.4 0.2675
273 0.26 0.4 0.255583333333
274 0.26 0.3 0.24725
275 0.26 0.3 0.248583333333
276 0.26 0.25 0.249583333333
277 0.26 0.2 0.24925
278 0.26 0.2 0.250833333333
279 0.26 0.2 0.250083333333
280 0.26 0.2 0.245666666667
281 0.26 0.15 0.241833333333
282 0.26 0.1 0.242333333333
283 0.26 0.1 0.242833333333
284 0.26 0.1 0.242333333333
285 0.26 0.1 0.241416666667
286 0.26 0.1 0.240166666667
287 0.26 0.1 0.23675
288 0.26 0.1 0.232333333333
289 0.26 0.1 0.227916666667
290 0.26 0.1 0.227
291 0.26 0.1 0.223666666667
292 0.26 0.1 0.2205
293 0.26 0.1 0.216916666667
294 0.26 0.1 0.21475
295 0.26 0.1 0.212833333333
296 0.26 0.1 0.212
297 0.26 0.1 0.21025
298 0.26 0.1 0.206
299 0.26 0.1 0.204916666667
300 0.26 0.1 0.201333333333
301 0.26 0.1 0.20025
302 0.26 0.1 0.1975
303 0.26 0.1 0.19825
304 0.26 0.1 0.19825
305 0.26 0.1 0.1975
306 0.26 0.1 0.198916666667
307 0.26 0.1 0.19925
308 0.26 0.1 0.2015
309 0.26 0.1 0.202666666667
310 0.26 0.1 0.204166666667
311 0.26 0.1 0.20725
312 0.26 0.1 0.211166666667
313 0.26 0.1 0.213666666667
314 0.26 0.1 0.21525
315 0.26 0.1 0.21875
316 0.26 0.1 0.222083333333
317 0.26 0.1 0.227
318 0.26 0.1 0.231333333333
319 0.26 0.1 0.233833333333
320 0.26 0.1 0.236583333333
321 0.26 0.1 0.24
322 0.26 0.1 0.240833333333
323 0.26 0.1 0.24075
324 0.26 0.1 0.240833333333
325 0.26 0.1 0.242583333333
326 0.26 0.1 0.241416666667
327 0.26 0.1 0.241583333333
328 0.26 0.05 0.242
329 0.26 2.77555756156e-17 0.242666666667
330 0.26 2.77555756156e-17 0.2415
331 0.26 2.77555756156e-17 0.242333333333
332 0.26 2.77555756156e-17 0.2415
333 0.26 2.77555756156e-17 0.24175
334 0.26 2.77555756156e-17 0.241583333333
335 0.26 2.77555756156e-17 0.242083333333
336 0.26 2.77555756156e-17 0.241083333333
337 0.26 -0.05 0.24225
338 0.26 -0.1 0.241416666667
339 0.26 -0.1 0.239583333333
340 0.26 -0.1 0.23375
341 0.26 -0.1 0.233166666667
342 0.26 -0.1 0.231416666667
343 0.26 -0.1 0.232166666667
344 0.26 -0.1 0.232583333333
345 0.26 -0.1 0.232333333333
346 0.26 -0.1 0.228166666667
347 0.26 -0.1 0.2255
348 0.26 -0.1 0.219833333333
349 0.26 -0.1 0.215583333333
350 0.26 -0.1 0.209333333333
351 0.26 -0.1 0.204666666667
352 0.26 -0.1 0.2015
353 0.26 -0.2 0.1975
354 0.26 -0.25 0.195416666667
355 0.26 -0.3 0.194666666667
356 0.26 -0.35 0.205166666667
357 0.26 -0.45 0.217666666667
358 0.26 -0.5 0.225333333333
359 0.26 -0.5 0.241583333333
360 0.26 -0.5 0.260416666667
361 0.26 -0.5 0.25825
362 0.26 -0.5 0.271
363 0.26 -0.5 0.280666666667
364 0.26 -0.5 0.291666666667
365 0.26 -0.5 0.291666666667
366 0.26 -0.5 0.291666666667
367 0.26 -0.5 0.291666666667
368 0.26 -0.5 0.291666666667
369 0.26 -0.5 0.291666666667
370 0.26 -0.5 0.291666666667
371 0.26 -0.5 0.287916666667
372 0.26 -0.5 0.274666666667
373 0.26 -0.5 0.268833333333
374 0.26 -0.5 0.26875
375 0.26 -0.5 0.269583333333
376 0.26 -0.5 0.27125
377 0.26 -0.5 0.26975
378 0.26 -0.5 0.260916666667
379 0.26 -0.5 0.25075
380 0.26 -0.5 0.25075
381 0.26 -0.5 0.256583333333
382 0.26 -0.5 0.267
383 0.26 -0.5 0.264666666667
384 0.26 -0.5 0.24475
385 0.26 -0.5 0.245166666667
386 0.26 -0.5 0.2455
387 0.26 -0.5 0.251166666667
388 0.26 -0.5 0.264833333333
389 0.26 -0.5 0.273666666667
390 0.26 -0.5 0.273083333333
391 0.26 -0.45 0.265166666667
392 0.26 -0.4 0.253916666667
393 0.26 -0.4 0.242
394 0.26 -0.4 0.2575
395 0.26 -0.4 0.262416666667
396 0.26 -0.4 0.262
397 0.26 -0.4 0.261333333333
398 0.26 -0.4 0.260083333333
399 0.26 -0.4 0.259916666667
400 0.26 -0.4 0.258416666667
401 0.26 -0.3 0.251583333333
402 0.26 -0.3 0.242333333333
403 0.26 -0.3 0.242583333333
404 0.26 -0.3 0.25025
405 0.26 -0.3 0.260083333333
406 0.26 -0.3 0.271583333333
407 0.26 -0.3 0.264916666667
408 0.26 -0.3 0.258666666667
409 0.26 -0.3 0.25775
410 0.26 -0.3 0.257333333333
411 0.26 -0.3 0.256583333333
412 0.26 -0.3 0.256083333333
413 0.26 -0.3 0.255833333333
414 0.26 -0.3 0.255666666667
415 0.26 -0.3 0.253666666667
416 0.26 -0.3 0.254083333333
417 0.26 -0.3 0.25325
418 0.26 -0.3 0.264583333333
419 0.26 -0.3 0.271
420 0.26 -0.3 0.270916666667
421 0.26 -0.3 0.270583333333
422 0.26 -0.2 0.2715
423 0.26 -0.2 0.282916666667
424 0.26 -0.2 0.291083333333
425 0.26 -0.2 0.291666666667
426 0.26 -0.2 0.291666666667
427 0.26 -0.2 0.291666666667
428 0.26 -0.2 0.291666666667
429 0.26 -0.15 0.291666666667
430 0.26 -0.1 0.291666666667
431 0.26 -0.1 0.291666666667
432 0.26 -0.1 0.291666666667
433 0.26 -0.1 0.291666666667
434 0.26 -0.1 0.291666666667
435 0.26 -0.1 0.291666666667
436 0.26 -0.05 0.291666666667
437 0.26 -2.77555756156e-17 0.291666666667
438 0.26 -2.77555756156e-17 0.291666666667
439 0.26 -2.77555756156e-17 0.291666666667
440 0.26 -2.77555756156e-17 0.291666666667
441 0.26 -2.77555756156e-17 0.291666666667
442 0.26 -2.77555756156e-17 0.291666666667
443 0.26 -2.77555756156e-17 0.291666666667
444 0.26 -2.77555756156e-17 0.291666666667
445 0.26 -2.77555756156e-17 0.291666666667
446 0.26 -2.77555756156e-17 0.291666666667
447 0.26 -2.77555756156e-17 0.291666666667
448 0.26 -2.77555756156e-17 0.291666666667
449 0.26 -2.77555756156e-17 0.291666666667
450 0.26 -2.77555756156e-17 0.291666666667
451 0.26 -2.77555756156e-17 0.291666666667
452 0.26 -2.77555756156e-17 0.291666666667
453 0.26 -2.77555756156e-17 0.291666666667
454 0.26 -2.77555756156e-17 0.291666666667
455 0.26 -2.77555756156e-17 0.291666666667
456 0.26 -2.77555756156e-17 0.291666666667
457 0.26 -2.77555756156e-17 0.291666666667
458 0.26 -2.77555756156e-17 0.291666666667
459 0.26 -2.77555756156e-17 0.291666666667
460 0.26 -2.77555756156e-17 0.291666666667
461 0.26 -2.77555756156e-17 0.291666666667
462 0.26 -2.77555756156e-17 0.291666666667
463 0.26 -2.77555756156e-17 0.291666666667
464 0.26 -2.77555756156e-17 0.291666666667
465 0.26 -2.77555756156e-17 0.291666666667
466 0.26 -2.77555756156e-17 0.291666666667
467 0.26 -2.77555756156e-17 0.291666666667
468 0.26 -2.77555756156e-17 0.291666666667
469 0.26 -2.77555756156e-17 0.291666666667
470 0.26 -2.77555756156e-17 0.291666666667
471 0.26 -2.77555756156e-17 0.291666666667
472 0.26 -2.77555756156e-17 0.291666666667
473 0.26 -2.77555756156e-17 0.291666666667
474 0.26 -2.77555756156e-17 0.291666666667
475 0.26 -2.77555756156e-17 0.291666666667
476 0.26 -2.77555756156e-17 0.291666666667
477 0.26 -2.77555756156e-17 0.291666666667
478 0.26 -2.77555756156e-17 0.291666666667
479 0.26 -2.77555756156e-17 0.291666666667
480 0.26 -2.77555756156e-17 0.291666666667
481 0.26 -2.77555756156e-17 0.291666666667
482 0.26 -2.77555756156e-17 0.291666666667
483 0.26 -2.77555756156e-17 0.291666666667
484 0.26 -2.77555756156e-17 0.291666666667
485 0.26 -2.77555756156e-17 0.291666666667
486 0.26 -2.77555756156e-17 0.291666666667
487 0.26 -2.77555756156e-17 0.291666666667
488 0.26 -2.77555756156e-17 0.291666666667
489 0.26 -2.77555756156e-17 0.291666666667
490 0.26 -2.77555756156e-17 0.291666666667
491 0.26 -2.77555756156e-17 0.291666666667
492 0.26 -2.77555756156e-17 0.291666666667
493 0.26 -2.77555756156e-17 0.291666666667
494 0.26 -2.77555756156e-17 0.291666666667
495 0.26 -2.77555756156e-17 0.291666666667
496 0.26 -2.77555756156e-17 0.291666666667
497 0.26 -2.77555756156e-17 0.291666666667
498 0.26 -2.77555756156e-17 0.291666666667
499 0.26 -2.77555756156e-17 0.291666666667
500 0.26 -2.77555756156e-17 0.291666666667
501 0.26 -2.77555756156e-17 0.291666666667
502 0.26 -2.77555756156e-17 0.291666666667
503 0.26 -2.77555756156e-17 0.291666666667
504 0.26 -2.77555756156e-17 0.291666666667
505 0.26 -2.77555756156e-17 0.291666666667
506 0.26 -2.77555756156e-17 0.291666666667
507 0.26 -2.77555756156e-17 0.291666666667
508 0.26 -2.77555756156e-17 0.291666666667
509 0.26 -2.77555756156e-17 0.291666666667
510 0.26 -2.77555756156e-17 0.291666666667
511 0.26 -2.77555756156e-17 0.291666666667
512 0.26 -2.77555756156e-17 0.291666666667
513 0.26 -2.77555756156e-17 0.291666666667
514 0.26 -2.77555756156e-17 0.291666666667
515 0.26 -2.77555756156e-17 0.291666666667
516 0.26 -2.77555756156e-17 0.291666666667
517 0.26 -2.77555756156e-17 0.291666666667
518 0.26 -2.77555756156e-17 0.291666666667
519 0.26 -2.77555756156e-17 0.291666666667
520 0.26 -2.77555756156e-17 0.291666666667
521 0.26 -2.77555756156e-17 0.291666666667
522 0.26 -2.77555756156e-17 0.291666666667
523 0.26 -2.77555756156e-17 0.291666666667
524 0.26 -2.77555756156e-17 0.291666666667
525 0.26 -2.77555756156e-17 0.291666666667
526 0.26 -2.77555756156e-17 0.291666666667
527 0.26 -2.77555756156e-17 0.291666666667
528 0.26 -2.77555756156e-17 0.291666666667
529 0.26 -2.77555756156e-17 0.291666666667
530 0.26 -2.77555756156e-17 0.291666666667
531 0.26 -2.77555756156e-17 0.291666666667
532 0.26 -2.77555756156e-17 0.291666666667
533 0.26 -2.77555756156e-17 0.291666666667
534 0.26 -2.77555756156e-17 0.291666666667
535 0.26 -2.77555756156e-17 0.291666666667
536 0.26 -2.77555756156e-17 0.291666666667
537 0.26 -2.77555756156e-17 0.291666666667
538 0.26 -2.77555756156e-17 0.291666666667
539 0.26 -2.77555756156e-17 0.291666666667
540 0.26 -2.77555756156e-17 0.291666666667
541 0.26 -2.77555756156e-17 0.291666666667
542 0.26 -2.77555756156e-17 0.291666666667
543 0.26 -2.77555756156e-17 0.291666666667
544 0.26 -2.77555756156e-17 0.291666666667
545 0.26 -2.77555756156e-17 0.291666666667
546 0.26 -2.77555756156e-17 0.291666666667
547 0.26 -2.77555756156e-17 0.291666666667
548 0.26 -2.77555756156e-17 0.291666666667
549 0.26 -2.77555756156e-17 0.291666666667
550 0.26 -2.77555756156e-17 0.291666666667
551 0.26 -2.77555756156e-17 0.291666666667
552 0.26 -2.77555756156e-17 0.291666666667
553 0.26 -2.77555756156e-17 0.291666666667
554 0.26 -2.77555756156e-17 0.28975
555 0.26 -2.77555756156e-17 0.287833333333
556 0.26 -2.77555756156e-17 0.285916666667
557 0.26 -2.77555756156e-17 0.282083333333
558 0.26 -2.77555756156e-17 0.280166666667
559 0.26 -2.77555756156e-17 0.27825
560 0.26 -2.77555756156e-17 0.276333333333
561 0.26 -2.77555756156e-17 0.274416666667
562 0.26 -2.77555756156e-17 0.270583333333
563 0.26 -2.77555756156e-17 0.268666666667
564 0.26 -2.77555756156e-17 0.26675
565 0.26 -2.77555756156e-17 0.264833333333
566 0.26 -2.77555756156e-17 0.262916666667
567 0.26 -2.77555756156e-17 0.261
568 0.26 -2.77555756156e-17 0.257166666667
569 0.26 -2.77555756156e-17 0.25525
570 0.26 -2.77555756156e-17 0.253333333333
571 0.26 -2.77555756156e-17 0.251416666667
572 0.26 -2.77555756156e-17 0.2495
573 0.26 -2.77555756156e-17 0.247583333333
574 0.26 -2.77555756156e-17 0.245
575 0.26 -2.77555756156e-17 0.241833333333
576 0.26 -2.77555756156e-17 0.239916666667
577 0.26 -2.77555756156e-17 0.238
