0 0.26 0.0 0.0
1 0.26 0.0 0.0
2 0.26 0.0 0.0
3 0.26 0.05 0.0
4 0.26 0.15 0.0
5 0.26 0.2 0.0
6 0.26 0.2 0.0
7 0.26 0.25 0.0
8 0.26 0.35 0.0
9 0.26 0.45 0.0
10 0.26 0.5 0.0
11 0.26 0.6 0.0
12 0.26 0.6 0.0
13 0.26 0.6 0.0
14 0.26 0.6 0.0
15 0.26 0.6 0.0
16 0.26 0.6 0.0
17 0.26 0.6 0.0
18 0.26 0.6 0.0
19 0.26 0.6 0.0
20 0.26 0.6 0.0
21 0.0 0.0 0.0
22 0.0 0.0 0.0
23 0.0 0.0 0.0
24 0.005 0.0 0.0
25 0.01 0.0 0.0
26 0.01 0.0 0.0
27 0.02 0.0 0.0
28 0.05 0.0 0.0
29 0.075 0.0 0.0
30 0.1 0.0 0.0
31 0.13 0.0 0.0
32 0.155 0.0 0.0
33 0.185 0.0 0.0
34 0.215 0.0 0.0
35 0.245 0.0 0.0
36 0.26 0.0 0.0
37 0.26 0.0 0.0
38 0.26 0.0 0.0
39 0.26 0.0 0.0
40 0.26 0.0 0.0
41 0.26 0.0 0.0
42 0.26 0.0 0.0
43 0.26 0.0 0.0
44 0.26 0.0 0.0
45 0.26 -0.05 0.0
46 0.26 -0.1 0.0
47 0.26 -0.15 0.0
48 0.26 -0.2 0.0
49 0.26 -0.25 0.0
50 0.26 -0.3 0.0
51 0.26 -0.35 0.0
52 0.26 -0.4 0.0
53 0.26 -0.4 0.0
54 0.26 -0.45 0.0
55 0.26 -0.5 0.0
56 0.26 -0.5 0.0
57 0.26 -0.5 0.0
58 0.26 -0.5 0.0
59 0.26 -0.5 0.0
60 0.26 -0.5 0.0
61 0.26 -0.5 0.0
62 0.26 -0.5 0.0
63 0.26 -0.5 0.06875
64 0.26 -0.5 0.20625
65 0.26 -0.5 0.33125
66 0.0 0.0 0.44375
67 0.0 0.0 0.40625
68 0.0 0.0 0.23125
69 0.0 0.0 0.14375
70 0.01 0.0 0.1125
71 0.01 0.0 0.11875
72 0.01 0.0 0.11875
73 0.035 0.0 0.11875
74 0.065 0.0 0.11875
75 0.095 0.0 0.125
76 0.125 0.0 0.1375
77 0.15 0.0 0.1
78 0.165 0.0 0.08125
79 0.175 -0.1 0.0875
80 0.18 -0.1 0.10625
81 0.19 -0.1 0.125
82 0.2 -0.1 0.15
83 0.205 -0.1 0.18125
84 0.215 -0.2 0.20625
85 0.225 -0.2 0.25
86 0.23 -0.2 0.30625
87 0.24 -0.2 0.35625
88 0.245 -0.2 0.40625
89 0.255 -0.2 0.45625
90 0.26 -0.2 0.51875
91 0.26 -0.15 0.56875
92 0.26 -0.1 0.63125
93 0.26 0.0 0.6625
94 0.26 0.0 0.66875
95 0.26 0.0 0.66875
96 0.26 0.0 0.66875
97 0.26 0.0 0.675
98 0.26 0.0 0.675
99 0.26 0.0 0.675
100 0.26 0.0 0.68125
101 0.26 0.0 0.68125
102 0.26 0.0 0.68125
103 0.26 0.0 0.68125
104 0.26 0.0 0.6875
105 0.26 0.0 0.6875
106 0.26 0.05 0.6875
107 0.26 0.1 0.68125
108 0.26 0.1 0.65625
109 0.26 0.1 0.625
110 0.26 0.1 0.6
111 0.26 0.1 0.56875
112 0.26 0.1 0.54375
113 0.26 0.05 0.51875
114 0.26 0.0 0.50625
115 0.26 0.0 0.5125
116 0.26 0.0 0.50625
117 0.26 0.0 0.50625
118 0.26 0.0 0.50625
119 0.26 0.0 0.50625
120 0.26 0.0 0.50625
121 0.26 0.0 0.50625
122 0.26 0.0 0.50625
123 0.26 0.0 0.50625
124 0.26 0.0 0.50625
125 0.26 0.0 0.50625
126 0.26 0.0 0.50625
127 0.26 0.0 0.50625
128 0.26 0.0 0.50625
129 0.26 0.0 0.5
130 0.26 0.0 0.50625
131 0.26 0.0 0.5
132 0.26 0.0 0.5
133 0.26 0.0 0.5
134 0.26 0.0 0.5
135 0.26 0.0 0.5
136 0.26 0.0 0.5
137 0.26 0.0 0.5
138 0.26 0.0 0.49375
139 0.26 0.0 0.5
140 0.26 0.0 0.49375
141 0.26 0.0 0.49375
142 0.26 0.0 0.49375
143 0.26 0.0 0.49375
144 0.26 0.0 0.49375
145 0.26 0.0 0.49375
146 0.26 0.0 0.49375
147 0.26 0.0 0.49375
148 0.26 0.0 0.49375
149 0.26 0.0 0.49375
150 0.26 0.0 0.49375
151 0.26 0.0 0.49375
152 0.26 0.0 0.4875
153 0.26 0.0 0.4875
154 0.26 0.0 0.4875
155 0.26 0.0 0.4875
156 0.26 0.0 0.4875
157 0.26 0.0 0.4875
158 0.26 0.0 0.4875
159 0.26 0.0 0.4875
160 0.26 0.0 0.4875
161 0.26 0.0 0.4875
162 0.26 0.0 0.48125
163 0.26 0.0 0.48125
164 0.26 0.0 0.48125
165 0.26 0.0 0.48125
166 0.26 0.0 0.48125
167 0.26 0.0 0.48125
168 0.26 0.0 0.48125
169 0.26 0.0 0.48125
170 0.26 0.0 0.48125
171 0.26 0.0 0.48125
172 0.26 0.0 0.475
173 0.26 0.0 0.475
174 0.26 0.0 0.475
175 0.26 0.0 0.475
176 0.26 0.0 0.477166666667
177 0.26 0.0 0.48125
178 0.26 0.0 0.48125
179 0.26 0.0 0.48125
180 0.26 0.0 0.48125
181 0.26 0.0 0.4875
182 0.26 0.0 0.4875
183 0.26 0.0 0.4875
184 0.26 0.0 0.49375
185 0.26 0.0 0.49375
186 0.26 0.0 0.49375
187 0.26 0.0 0.49375
188 0.26 0.0 0.5
189 0.26 0.0 0.5
190 0.26 0.0 0.5
191 0.26 0.0 0.50625
192 0.26 0.0 0.50625
193 0.26 0.0 0.50625
194 0.26 0.0 0.5125
195 0.26 0.0 0.5125
196 0.26 0.0 0.51875
197 0.26 0.0 0.51875
198 0.26 0.0 0.51875
199 0.26 0.0 0.525
200 0.26 0.0 0.525
201 0.26 0.0 0.53125
202 0.26 0.0 0.53125
203 0.26 0.0 0.5375
204 0.26 0.0 0.5375
205 0.26 0.0 0.5375
206 0.26 0.0 0.54375
207 0.26 0.0 0.54375
208 0.26 0.0 0.55
209 0.26 0.0 0.55
210 0.26 0.0 0.55625
