0 0.125 0.0 0.291666666667
1 0.15 0.0 0.291666666667
2 0.175 0.0 0.291666666667
3 0.205 0.0 0.291666666667
4 0.23 0.0 0.291666666667
5 0.255 0.0 0.291666666667
6 0.26 0.0 0.291666666667
7 0.26 0.0 0.291666666667
8 0.26 0.0 0.291666666667
9 0.26 0.0 0.291666666667
10 0.26 0.0 0.291666666667
11 0.26 0.0 0.291666666667
12 0.26 0.0 0.291666666667
13 0.26 0.0 0.291666666667
14 0.26 0.0 0.291666666667
15 0.26 0.0 0.291666666667
16 0.26 0.0 0.291666666667
17 0.26 0.0 0.291666666667
18 0.26 0.0 0.291666666667
19 0.26 0.0 0.291666666667
20 0.26 0.0 0.291666666667
21 0.26 0.0 0.291666666667
22 0.26 0.0 0.291666666667
23 0.26 0.0 0.255583333333
24 0.26 0.0 0.209
25 0.26 0.0 0.220416666667
26 0.26 0.0 0.220916666667
27 0.26 0.0 0.225416666667
28 0.26 0.0 0.240083333333
29 0.26 0.0 0.246416666667
30 0.26 0.0 0.166166666667
31 0.26 0.0 0.23675
32 0.26 0.0 0.238416666667
33 0.26 0.0 0.227416666667
34 0.26 0.05 0.244833333333
35 0.26 0.1 0.248666666667
36 0.26 0.15 0.249666666667
37 0.26 0.2 0.305666666667
38 0.26 0.2 0.312166666667
39 0.26 0.3 0.295416666667
40 0.26 0.3 0.299333333333
41 0.26 0.3 0.2895
42 0.26 0.3 0.294
43 0.26 0.3 0.319833333333
44 0.26 0.3 0.380833333333
45 0.26 0.3 0.546833333333
46 0.26 0.3 0.66775
47 0.26 0.3 0.8775
48 0.26 0.3 0.714083333333
49 0.26 0.3 0.37925
50 0.26 0.3 0.240833333333
51 0.26 0.3 0.241666666667
52 0.26 0.25 0.27825
53 0.26 0.2 0.291666666667
54 0.26 0.15 0.291666666667
55 0.26 0.1 0.291666666667
56 0.26 2.77555756156e-17 0.291666666667
57 0.26 2.77555756156e-17 0.291666666667
58 0.26 2.77555756156e-17 0.291666666667
59 0.26 2.77555756156e-17 0.291666666667
60 0.26 2.77555756156e-17 0.291666666667
61 0.26 2.77555756156e-17 0.291666666667
62 0.26 2.77555756156e-17 0.291666666667
63 0.26 2.77555756156e-17 0.291666666667
64 0.26 2.77555756156e-17 0.291666666667
65 0.26 2.77555756156e-17 0.291666666667
66 0.26 2.77555756156e-17 0.291666666667
67 0.26 2.77555756156e-17 0.291666666667
68 0.26 2.77555756156e-17 0.291666666667
69 0.26 2.77555756156e-17 0.291666666667
70 0.26 2.77555756156e-17 0.291666666667
71 0.26 2.77555756156e-17 0.291666666667
72 0.26 2.77555756156e-17 0.291666666667
73 0.26 2.77555756156e-17 0.291666666667
74 0.26 2.77555756156e-17 0.291666666667
75 0.26 2.77555756156e-17 0.291666666667
76 0.26 2.77555756156e-17 0.291666666667
77 0.26 2.77555756156e-17 0.291666666667
78 0.26 2.77555756156e-17 0.291666666667
79 0.26 2.77555756156e-17 0.291666666667
80 0.26 2.77555756156e-17 0.291666666667
81 0.26 2.77555756156e-17 0.291666666667
82 0.26 2.77555756156e-17 0.291666666667
83 0.26 2.77555756156e-17 0.291666666667
84 0.26 2.77555756156e-17 0.291666666667
85 0.26 2.77555756156e-17 0.291666666667
86 0.26 -0.1 0.291666666667
87 0.26 -0.1 0.291666666667
88 0.26 -0.15 0.291666666667
89 0.26 -0.2 0.291666666667
90 0.26 -0.2 0.291666666667
91 0.26 -0.2 0.291666666667
92 0.26 -0.2 0.291666666667
93 0.26 -0.2 0.291666666667
94 0.26 -0.2 0.291666666667
95 0.26 -0.2 0.291666666667
96 0.26 -0.2 0.291666666667
97 0.26 -0.2 0.291666666667
98 0.26 -0.2 0.291666666667
99 0.26 -0.2 0.291666666667
100 0.26 -0.2 0.291666666667
101 0.26 -0.2 0.291666666667
102 0.26 -0.2 0.291666666667
103 0.26 -0.2 0.291666666667
104 0.26 -0.2 0.291666666667
105 0.26 -0.2 0.291666666667
106 0.26 -0.2 0.291666666667
107 0.26 -0.2 0.291666666667
108 0.26 -0.1 0.291666666667
109 0.26 -0.1 0.291666666667
110 0.26 -0.1 0.291666666667
111 0.26 -0.05 0.291666666667
112 0.26 2.77555756156e-17 0.291666666667
113 0.26 2.77555756156e-17 0.291666666667
114 0.26 2.77555756156e-17 0.291666666667
115 0.26 2.77555756156e-17 0.291666666667
116 0.26 2.77555756156e-17 0.291666666667
117 0.26 2.77555756156e-17 0.291666666667
118 0.26 2.77555756156e-17 0.291666666667
119 0.26 2.77555756156e-17 0.291666666667
120 0.26 2.77555756156e-17 0.291666666667
121 0.26 2.77555756156e-17 0.291666666667
122 0.26 2.77555756156e-17 0.291666666667
123 0.26 2.77555756156e-17 0.291666666667
124 0.26 2.77555756156e-17 0.291666666667
125 0.26 2.77555756156e-17 0.291666666667
126 0.26 2.77555756156e-17 0.291666666667
127 0.26 2.77555756156e-17 0.291666666667
128 0.26 2.77555756156e-17 0.291666666667
129 0.26 2.77555756156e-17 0.291666666667
130 0.26 2.77555756156e-17 0.291666666667
131 0.26 2.77555756156e-17 0.291666666667
132 0.26 2.77555756156e-17 0.291666666667
133 0.26 2.77555756156e-17 0.291666666667
134 0.26 2.77555756156e-17 0.291666666667
135 0.26 2.77555756156e-17 0.291666666667
136 0.26 2.77555756156e-17 0.291666666667
137 0.26 2.77555756156e-17 0.291666666667
138 0.26 2.77555756156e-17 0.291666666667
139 0.26 2.77555756156e-17 0.291666666667
140 0.26 2.77555756156e-17 0.291666666667
141 0.26 2.77555756156e-17 0.291666666667
142 0.26 2.77555756156e-17 0.291666666667
143 0.26 2.77555756156e-17 0.291666666667
144 0.26 2.77555756156e-17 0.291666666667
145 0.26 2.77555756156e-17 0.291666666667
146 0.26 2.77555756156e-17 0.291666666667
147 0.26 2.77555756156e-17 0.291666666667
148 0.26 2.77555756156e-17 0.291666666667
149 0.26 2.77555756156e-17 0.291666666667
150 0.26 2.77555756156e-17 0.291666666667
151 0.26 2.77555756156e-17 0.291666666667
152 0.26 2.77555756156e-17 0.291666666667
153 0.26 2.77555756156e-17 0.291666666667
154 0.26 2.77555756156e-17 0.291666666667
155 0.26 2.77555756156e-17 0.291666666667
156 0.26 2.77555756156e-17 0.291666666667
157 0.26 2.77555756156e-17 0.291666666667
158 0.26 2.77555756156e-17 0.291666666667
159 0.26 2.77555756156e-17 0.291666666667
160 0.26 2.77555756156e-17 0.291666666667
161 0.26 2.77555756156e-17 0.291666666667
162 0.26 2.77555756156e-17 0.291666666667
163 0.26 2.77555756156e-17 0.291666666667
164 0.26 2.77555756156e-17 0.291666666667
165 0.26 2.77555756156e-17 0.291666666667
166 0.26 2.77555756156e-17 0.291666666667
167 0.26 2.77555756156e-17 0.291666666667
168 0.26 2.77555756156e-17 0.291666666667
169 0.26 2.77555756156e-17 0.291666666667
170 0.26 2.77555756156e-17 0.291666666667
171 0.26 2.77555756156e-17 0.291666666667
172 0.26 2.77555756156e-17 0.291666666667
173 0.26 2.77555756156e-17 0.291666666667
174 0.26 2.77555756156e-17 0.291666666667
175 0.26 2.77555756156e-17 0.291666666667
176 0.26 2.77555756156e-17 0.291666666667
177 0.26 2.77555756156e-17 0.291666666667
178 0.26 2.77555756156e-17 0.291666666667
179 0.26 2.77555756156e-17 0.291666666667
180 0.26 2.77555756156e-17 0.291666666667
181 0.26 2.77555756156e-17 0.291666666667
182 0.26 2.77555756156e-17 0.291666666667
183 0.26 2.77555756156e-17 0.291666666667
184 0.26 2.77555756156e-17 0.291666666667
185 0.26 2.77555756156e-17 0.291666666667
186 0.26 2.77555756156e-17 0.291666666667
187 0.26 2.77555756156e-17 0.291666666667
188 0.26 2.77555756156e-17 0.291666666667
189 0.26 2.77555756156e-17 0.291666666667
