0 0.26 0.0 0.0
1 0.26 0.0 0.0
2 0.26 0.05 0.0
3 0.26 0.1 0.0
4 0.26 0.25 0.0
5 0.26 0.3 0.0
6 0.26 0.35 0.0
7 0.26 0.45 0.0
8 0.26 0.5 0.01875
9 0.26 0.5 0.19375
10 0.26 0.5 0.35625
11 0.26 0.5 0.525
12 0.26 0.5 0.66875
13 0.26 0.5 0.58125
14 0.26 0.5 0.45625
15 0.26 0.5 0.2375
16 0.0 0.0 0.0875
17 0.0 0.0 0.0
18 0.01 0.0 0.0
19 0.01 0.0 0.0
20 0.03 0.0 0.0
21 0.04 -0.1 0.0
22 0.05 -0.1 0.0
23 0.05 -0.25 0.0
24 0.05 -0.65 0.0
25 0.05 -0.8 0.0
26 0.05 -0.9 0.0
27 0.0 0.0 0.0
28 0.0 0.0 0.0
29 0.005 0.0 0.0
30 0.01 0.0 0.0
31 0.01 0.0 0.0
32 0.025 0.0 0.0
33 0.055 0.0 0.0
34 0.095 0.0 0.0
35 0.13 0.0 0.05625
36 0.16 0.0 0.06875
37 0.19 0.0 0.05
38 0.225 0.0 0.025
39 0.255 0.0 0.0125
40 0.26 0.0 0.0
41 0.26 0.0 0.0
42 0.26 0.0 0.0
43 0.26 0.0 0.0
44 0.26 0.0 0.0
45 0.26 0.0 0.0
46 0.26 0.0 0.0
47 0.26 0.0 0.0
48 0.26 0.0 0.0
49 0.26 0.0 0.0
50 0.26 0.0 0.0
51 0.26 0.0 0.0
52 0.26 0.0 0.0
53 0.26 0.0 0.0
54 0.26 0.0 0.0
55 0.26 0.0 0.0
56 0.26 0.0 0.0
57 0.26 0.0 0.0
58 0.26 0.0 0.0
59 0.26 0.0 0.0
60 0.26 0.0 0.0
61 0.26 0.0 0.0
62 0.26 0.0 0.0
63 0.26 0.0 0.0
64 0.26 0.0 0.0
65 0.26 0.0 0.0
66 0.26 0.0 0.0
67 0.26 0.0 0.0
68 0.26 0.0 0.0
69 0.26 0.0 0.0
70 0.26 0.0 0.0
71 0.26 0.0 0.0
72 0.26 0.0 0.0
73 0.26 -0.05 0.0
74 0.26 -0.1 0.0
75 0.26 -0.1 0.0
76 0.26 -0.1 0.0
77 0.26 -0.1 0.0
78 0.26 -0.1 0.0
79 0.26 -0.1 0.0
80 0.26 -0.1 0.0
81 0.26 -0.1 0.0
82 0.26 -0.1 0.0
83 0.26 -0.1 0.0
84 0.26 -0.1 0.0
85 0.26 -0.1 0.0
86 0.26 -0.1 0.0
87 0.26 -0.1 0.0
88 0.26 -0.1 0.0
89 0.26 -0.1 0.0
90 0.26 -0.1 0.0
91 0.26 -0.1 0.0
92 0.26 -0.1 0.0
93 0.26 -0.1 0.0
94 0.26 -0.1 0.0
95 0.26 -0.1 0.0
96 0.26 -0.1 0.0
97 0.26 -0.1 0.0
98 0.26 -0.2 0.0
99 0.26 -0.2 0.0
100 0.26 -0.2 0.0
101 0.26 -0.2 0.0
102 0.26 -0.2 0.0
103 0.26 -0.2 0.0
104 0.26 -0.2 0.0
105 0.26 -0.2 0.0
106 0.26 -0.2 0.0
107 0.26 -0.2 0.0
108 0.26 -0.25 0.0
109 0.26 -0.3 0.0
110 0.26 -0.3 0.0
111 0.26 -0.3 0.0
112 0.26 -0.3 0.0
113 0.26 -0.3 0.0
114 0.26 -0.3 0.0
115 0.26 -0.3 0.0
116 0.26 -0.3 0.0
117 0.26 -0.3 0.0
118 0.26 -0.3 0.0
119 0.26 -0.3 0.0
120 0.26 -0.3 0.0
121 0.26 -0.3 0.0
122 0.26 -0.3 0.0
123 0.26 -0.3 0.05
124 0.26 -0.3 0.13125
125 0.26 -0.3 0.24375
126 0.26 -0.3 0.31875
127 0.26 -0.25 0.3875
128 0.26 -0.2 0.419083333333
129 0.26 -0.2 0.43225
130 0.26 0.1 0.436833333333
131 0.26 0.35 0.416583333333
132 0.26 0.45 0.3945
133 0.26 0.55 0.352583333333
134 0.26 0.65 0.307666666667
135 0.26 0.75 0.11875
136 0.0 0.0 0.0
137 0.0 0.0 0.0
138 0.01 0.0 0.0
139 0.01 0.0 0.0
140 0.02 0.0 0.0
141 0.05 0.0 0.0
142 0.08 0.0 0.0
143 0.13 0.0 0.0
144 0.155 -0.05 0.0
145 0.165 -0.1 0.0
146 0.175 -0.1 0.0
147 0.195 -0.3 0.0
148 0.225 -0.6 0.0
149 0.245 -0.8 0.0
150 0.255 -0.9 0.0
151 0.26 -1.0 0.0
152 0.26 -1.1 0.0
153 0.26 -1.2 0.0296666666667
154 0.26 -1.3 0.161666666667
155 0.0 0.0 0.192916666667
156 0.0 0.0 0.44325
157 0.005 0.0 0.667
158 0.01 0.0 0.703833333333
159 0.01 0.0 0.703833333333
160 0.015 0.0 0.703916666667
161 0.04 0.0 0.704
162 0.065 0.0 0.704
163 0.095 0.0 0.709083333333
164 0.12 0.0 0.709
165 0.15 0.0 0.708833333333
166 0.185 0.0 0.7085
167 0.215 0.0 0.718916666667
168 0.25 0.0 0.723833333333
169 0.26 0.0 0.72375
170 0.26 0.0 0.66775
171 0.26 0.0 0.370333333333
172 0.26 0.0 0.0681666666667
173 0.26 0.0 0.0
174 0.26 0.0 0.0
175 0.26 0.0 0.0
176 0.26 0.0 0.0
177 0.26 0.0 0.0
178 0.26 0.0 0.0
179 0.26 0.0 0.0
180 0.26 0.0 0.0
181 0.26 0.0 0.0
182 0.26 0.0 0.0
183 0.26 0.0 0.0
184 0.26 0.0 0.0
185 0.26 0.0 0.0
186 0.26 0.0 0.0
187 0.26 0.0 0.0
188 0.26 0.0 0.0
189 0.26 0.0 0.0
190 0.26 0.0 0.0
191 0.26 0.0 0.0
192 0.26 0.0 0.0
193 0.26 0.0 0.0
194 0.26 0.0 0.0
195 0.26 0.0 0.0
196 0.26 0.0 0.0
197 0.26 0.0 0.0
198 0.26 0.0 0.0
199 0.26 0.0 0.0
200 0.26 0.0 0.0
201 0.26 0.0 0.0
202 0.26 0.0 0.0
203 0.26 0.0 0.0
204 0.26 0.0 0.0
205 0.26 0.0 0.0
206 0.26 0.0 0.0
207 0.26 0.0 0.0
208 0.26 0.0 0.0
209 0.26 0.0 0.0
210 0.26 0.0 0.0
211 0.26 -0.05 0.0
212 0.26 -0.1 0.0
213 0.26 -0.1 0.0
214 0.26 -0.15 0.0
215 0.26 -0.2 0.0
216 0.26 -0.25 0.0
217 0.26 -0.3 0.0
218 0.26 -0.3 0.0
219 0.26 -0.4 0.0
220 0.26 -0.4 0.0
221 0.26 -0.4 0.0
222 0.26 -0.4 0.0
223 0.26 -0.4 0.0
224 0.26 -0.4 0.0
225 0.26 -0.4 0.0
226 0.26 -0.4 0.0
227 0.26 -0.4 0.04375
228 0.26 -0.4 0.14375
229 0.26 -0.4 0.21475
230 0.26 -0.4 0.221166666667
231 0.26 -0.4 0.330583333333
232 0.26 -0.4 0.430333333333
233 0.26 -0.4 0.54725
234 0.0 0.0 0.571083333333
235 0.0 0.0 0.557083333333
236 0.0 0.0 0.556833333333
237 0.0 0.0 0.563083333333
238 0.005 0.0 0.563166666667
239 0.01 0.0 0.56325
240 0.01 0.0 0.562083333333
241 0.03 0.0 0.557416666667
242 0.065 0.0 0.55725
243 0.09 0.0 0.556833333333
244 0.115 0.0 0.55625
245 0.135 0.0 0.555583333333
246 0.165 0.0 0.54925
247 0.18 0.0 0.5495
248 0.19 0.0 0.536416666667
249 0.195 0.0 0.529416666667
250 0.21 0.0 0.519166666667
251 0.225 0.0 0.5075
252 0.235 0.0 0.493666666667
253 0.245 0.0 0.486916666667
254 0.255 0.0 0.474583333333
255 0.26 0.0 0.473416666667
256 0.26 0.0 0.466833333333
257 0.26 0.0 0.460166666667
258 0.26 0.0 0.453666666667
259 0.26 0.0 0.446833333333
260 0.26 0.0 0.440333333333
261 0.26 0.0 0.433
262 0.26 0.0 0.414
263 0.26 0.0 0.41375
264 0.26 0.0 0.400916666667
265 0.26 0.0 0.394583333333
266 0.26 0.0 0.394
267 0.26 0.0 0.394
268 0.26 0.0 0.393833333333
269 0.26 0.0 0.393833333333
270 0.26 0.0 0.39375
271 0.26 0.0 0.4
272 0.26 0.0 0.33075
273 0.26 0.0 0.25275
274 0.26 0.0 0.17175
275 0.26 0.0 0.07075
276 0.26 0.0 0.0
277 0.26 0.0 0.0
278 0.26 0.0 0.0
279 0.26 0.0 0.0
280 0.26 0.0 0.0
281 0.26 0.0 0.0
282 0.26 0.0 0.0
283 0.26 0.0 0.0
284 0.26 0.0 0.0
285 0.26 0.0 0.0
286 0.26 0.0 0.0
287 0.26 0.0 0.0
288 0.26 0.0 0.0
289 0.26 0.0 0.0
290 0.26 0.0 0.0
291 0.26 0.0 0.0
292 0.26 0.0 0.0
293 0.26 0.0 0.0
294 0.26 0.0 0.0
295 0.26 0.0 0.0
296 0.26 0.0 0.0
