0 0.26 0.0 0.0
1 0.26 0.0 0.0
2 0.26 0.0 0.0
3 0.26 0.0 0.0
4 0.26 0.05 0.0
5 0.26 0.1 0.0
6 0.26 0.15 0.0
7 0.26 0.2 0.0
8 0.26 0.3 0.0
9 0.26 0.3 0.0
10 0.26 0.3 0.0
11 0.26 0.3 0.025
12 0.26 0.3 0.1125
13 0.26 0.3 0.19375
14 0.26 0.3 0.28125
15 0.26 0.3 0.38125
16 0.26 0.3 0.4625
17 0.26 0.3 0.54375
18 0.26 0.3 0.625
19 0.26 0.3 0.63125
20 0.26 0.3 0.58125
21 0.26 0.3 0.5
22 0.0 0.0 0.41875
23 0.0 0.0 0.325
24 0.0 0.0 0.250083333333
25 0.0 0.0 0.25
26 0.01 0.0 0.25
27 0.01 0.0 0.25
28 0.01 0.0 0.25
29 0.035 0.0 0.25
30 0.06 0.0 0.245
31 0.09 0.0 0.24375
32 0.115 0.0 0.2375
33 0.145 0.0 0.2375
34 0.175 0.0 0.225
35 0.2 0.0 0.21875
36 0.23 0.0 0.20625
37 0.255 0.0 0.19375
38 0.26 0.0 0.175
39 0.26 0.0 0.15625
40 0.26 0.0 0.143666666667
41 0.26 0.0 0.125
42 0.26 0.0 0.10625
43 0.26 0.0 0.0875
44 0.26 0.0 0.075
45 0.26 0.0 0.05625
46 0.26 0.0 0.03825
47 0.26 0.0 0.0228333333333
48 0.26 0.0 0.00466666666667
49 0.26 0.0 0.0
50 0.26 0.0 0.0
51 0.26 0.0 0.0
52 0.26 0.0 0.0
53 0.26 0.0 0.0
54 0.26 0.0 0.0
55 0.26 0.0 0.0
56 0.26 0.0 0.0
57 0.26 0.0 0.0
58 0.26 0.0 0.0
59 0.26 0.0 0.0
60 0.26 0.0 0.0
61 0.26 0.0 0.0
62 0.26 0.0 0.0
63 0.26 0.0 0.0
64 0.26 0.0 0.0
65 0.26 0.0 0.0
66 0.26 0.0 0.0
67 0.26 0.0 0.0
68 0.26 0.0 0.0
69 0.26 0.0 0.0
70 0.26 0.0 0.0
71 0.26 0.0 0.0
72 0.26 0.0 0.0
73 0.26 0.0 0.0
74 0.26 0.0 0.0
75 0.26 0.0 0.0
76 0.26 0.0 0.0
77 0.26 0.0 0.0
78 0.26 0.0 0.0
79 0.26 0.0 0.0
80 0.26 0.0 0.0
81 0.26 0.0 0.0
82 0.26 0.0 0.0
83 0.26 0.0 0.0
84 0.26 0.0 0.0
85 0.26 -0.05 0.0
86 0.26 -0.1 0.0
87 0.26 -0.1 0.0
88 0.26 -0.1 0.0
89 0.26 -0.2 0.0
90 0.26 -0.2 0.0
91 0.26 -0.2 0.0
92 0.26 -0.3 0.0
93 0.26 -0.3 0.0
94 0.26 -0.3 0.0
95 0.26 -0.3 0.0
96 0.26 -0.3 0.0
97 0.26 -0.3 0.0
98 0.26 -0.3 0.0
99 0.26 -0.3 0.0
100 0.26 -0.3 0.0
101 0.26 -0.3 0.0
102 0.0 0.0 0.0
103 0.0 0.0 0.0
104 0.0 0.0 0.0
105 0.005 0.0 0.0
106 0.01 0.0 0.0
107 0.01 0.05 0.00541666666667
108 0.01 0.1 0.0095
109 0.01 0.1 0.00783333333333
110 0.01 0.15 0.00583333333333
111 0.01 0.45 0.00458333333333
112 0.01 0.75 0.00391666666667
113 0.01 1.0 0.00416666666667
114 0.01 1.1 0.00608333333333
115 0.01 1.2 0.0
116 0.0 0.0 0.0
117 0.0 0.0 0.0
118 0.0 0.0 0.0
119 0.005 0.0 0.0
120 0.01 0.0 0.0
121 0.01 0.0 0.0
122 0.025 0.0 0.0
123 0.055 0.0 0.0
124 0.08 0.0 0.0
125 0.11 0.0 0.0
126 0.14 0.0 0.0
127 0.17 0.0 0.0
128 0.2 0.0 0.0
129 0.225 0.0 0.0
130 0.255 0.0 0.0
131 0.26 0.0 0.0
132 0.26 0.0 0.0
133 0.26 0.0 0.0
134 0.26 0.0 0.0
135 0.26 0.0 0.0
136 0.26 0.0 0.0
137 0.26 0.0 0.0
138 0.26 0.0 0.0
139 0.26 0.0 0.0
140 0.26 0.0 0.0
141 0.26 0.0 0.0
142 0.26 0.0 0.0
143 0.26 0.0 0.0
144 0.26 0.0 0.0
145 0.26 0.0 0.0
146 0.26 0.0 0.0
147 0.26 0.0 0.0
148 0.26 0.0 0.0
149 0.26 0.0 0.0
150 0.26 -0.05 0.0
151 0.26 -0.1 0.0
152 0.26 -0.1 0.0
153 0.26 -0.15 0.0
154 0.26 -0.2 0.0
155 0.26 -0.2 0.0
156 0.26 -0.25 0.0
157 0.26 -0.3 0.0
158 0.26 -0.3 0.0
159 0.26 -0.4 0.0
160 0.26 -0.4 0.0
161 0.26 -0.45 0.0
162 0.26 -0.5 0.0
163 0.26 -0.55 0.0
164 0.26 -0.6 0.0
165 0.26 -0.6 0.0
166 0.26 -0.6 0.0
167 0.26 -0.6 0.0
168 0.0 0.0 0.13925
169 0.0 0.0 0.17725
170 0.0 0.0 0.203583333333
171 0.0 0.0 0.218416666667
172 0.005 0.0 0.20025
173 0.01 0.0 0.162583333333
174 0.01 0.0 0.025
175 0.015 0.0 0.0
176 0.04 0.0 0.0
177 0.07 0.0 0.0
178 0.095 -0.05 0.0
179 0.105 -0.1 0.0
180 0.11 -0.1 0.0
181 0.125 -0.2 0.0
182 0.155 -0.5 0.0
183 0.17 -0.75 0.0
184 0.17 -0.85 0.06875
185 0.0 0.0 0.151833333333
186 0.0 0.0 0.17025
187 0.0 0.0 0.17775
188 0.005 0.0 0.182583333333
189 0.01 0.0 0.182416666667
190 0.01 0.0 0.183666666667
191 0.025 0.0 0.1835
192 0.05 0.0 0.183083333333
193 0.08 0.0 0.182416666667
194 0.11 0.0 0.181166666667
195 0.135 0.0 0.17325
196 0.165 0.0 0.161583333333
197 0.19 0.0 0.154083333333
198 0.22 0.0 0.151916666667
199 0.245 0.0 0.136166666667
200 0.26 0.0 0.125416666667
201 0.26 0.0 0.115083333333
202 0.26 0.0 0.10275
203 0.26 0.0 0.0864166666667
204 0.26 0.0 0.0765833333333
205 0.26 0.0 0.06575
206 0.26 0.0 0.0454166666667
207 0.26 0.0 0.0348333333333
208 0.26 0.0 0.0255833333333
209 0.26 0.0 0.0204166666667
210 0.26 0.0 0.016
211 0.26 0.0 0.0126666666667
212 0.26 0.0 0.00908333333333
213 0.26 0.0 0.00566666666667
214 0.26 0.0 0.00316666666667
215 0.26 0.0 0.0
216 0.26 0.0 0.0
217 0.26 0.0 0.0
218 0.26 0.0 0.0
219 0.26 0.0 0.0
220 0.26 0.0 0.0
221 0.26 0.0 0.0
222 0.26 0.0 0.0
223 0.26 0.0 0.0
224 0.26 0.0 0.0
225 0.26 0.0 0.0
226 0.26 0.0 0.0
227 0.26 0.0 0.0
228 0.26 0.0 0.0
229 0.26 0.0 0.0
230 0.26 0.0 0.0
231 0.26 0.0 0.0
232 0.26 -0.1 0.0
233 0.26 -0.1 0.0
234 0.26 -0.1 0.0
235 0.26 -0.15 0.0
236 0.26 -0.2 0.0
237 0.26 -0.2 0.0
238 0.26 -0.2 0.0
239 0.26 -0.2 0.0
240 0.26 -0.2 0.0
241 0.26 -0.2 0.0
242 0.26 -0.3 0.0
243 0.26 -0.3 0.0
244 0.26 -0.3 0.0
245 0.26 -0.3 0.0
246 0.26 -0.35 0.0
247 0.26 -0.4 0.0
248 0.26 -0.4 0.0
249 0.26 -0.4 0.0
250 0.26 -0.4 0.0
251 0.26 -0.4 0.0
252 0.26 -0.4 0.0
253 0.26 -0.4 0.0
254 0.26 -0.4 0.0
255 0.26 -0.4 0.0
256 0.26 -0.4 0.01875
257 0.26 -0.4 0.125
258 0.26 -0.4 0.225
259 0.26 -0.4 0.325
260 0.26 -0.4 0.41875
261 0.26 -0.4 0.5125
262 0.26 -0.4 0.60625
263 0.26 -0.4 0.69375
264 0.0 0.0 0.70625
265 0.0 0.0 0.59375
266 0.0 0.0 0.475
267 0.0 0.05 0.45
268 0.0 0.1 0.4625
269 0.0 0.1 0.4875
270 0.0 0.25 0.525
271 0.0 0.55 0.58125
272 0.0 0.7 0.6875
273 0.0 0.0 0.66875
274 0.0 0.0 0.525
275 0.005 0.0 0.51875
276 0.01 0.0 0.51875
277 0.01 0.0 0.51875
278 0.025 0.0 0.51875
279 0.05 0.0 0.51875
280 0.08 0.0 0.5
281 0.11 0.0 0.48125
282 0.135 0.0 0.4875
283 0.165 0.0 0.49375
284 0.19 0.0 0.49375
285 0.22 0.0 0.4875
286 0.245 0.0 0.475
287 0.26 0.0 0.46875
288 0.26 0.0 0.4625
289 0.26 0.0 0.45625
290 0.26 0.0 0.45
291 0.26 0.0 0.44375
292 0.26 0.0 0.4375
293 0.26 0.0 0.425
294 0.26 0.0 0.41875
295 0.26 0.0 0.4125
296 0.26 0.0 0.381333333333
297 0.26 0.0 0.346416666667
298 0.26 0.0 0.307583333333
299 0.26 0.0 0.262833333333
300 0.26 0.0 0.239083333333
301 0.26 0.0 0.231583333333
302 0.26 0.0 0.224333333333
303 0.26 0.0 0.222333333333
304 0.26 0.0 0.215166666667
305 0.26 0.0 0.207666666667
306 0.26 0.0 0.200166666667
307 0.26 0.0 0.193
308 0.26 0.0 0.18825
309 0.26 0.0 0.177333333333
310 0.26 0.0 0.170083333333
311 0.26 0.0 0.162333333333
312 0.26 0.0 0.155
313 0.26 0.0 0.147583333333
314 0.26 0.0 0.141083333333
315 0.26 0.0 0.1325
316 0.26 0.0 0.125583333333
317 0.26 0.0 0.118833333333
318 0.26 -0.05 0.113083333333
319 0.26 -0.1 0.10625
320 0.26 -0.1 0.1
321 0.26 -0.1 0.0945
322 0.26 -0.1 0.0938333333333
323 0.26 -0.15 0.0825
324 0.26 -0.2 0.10175
325 0.26 -0.2 0.1455
326 0.26 -0.2 0.18925
327 0.26 -0.2 0.232416666667
328 0.26 -0.2 0.275833333333
329 0.26 -0.2 0.319583333333
330 0.26 -0.2 0.36925
331 0.26 -0.2 0.41925
332 0.26 -0.2 0.468833333333
333 0.0 0.0 0.525
334 0.0 0.0 0.5875
335 0.005 0.0 0.662
336 0.01 0.0 0.665083333333
337 0.01 0.0 0.665
338 0.02 0.0 0.664916666667
339 0.05 0.0 0.664833333333
340 0.075 0.0 0.664916666667
341 0.1 0.0 0.665416666667
342 0.13 0.0 0.669666666667
343 0.155 0.0 0.665666666667
344 0.185 0.0 0.671583333333
345 0.21 0.0 0.682666666667
346 0.24 0.0 0.447416666667
347 0.26 0.0 0.140916666667
348 0.26 0.0 0.0
349 0.26 0.0 0.0
350 0.26 0.0 0.0
351 0.26 0.0 0.0
352 0.26 0.0 0.0
353 0.26 0.0 0.0
354 0.26 0.0 0.0
355 0.26 0.0 0.0
356 0.26 0.0 0.0
