0 0.26 0.0 0.0705833333333
1 0.26 0.0 0.0625
2 0.26 0.0 0.05
3 0.26 0.0 0.0375
4 0.26 0.0 0.025
5 0.26 0.0 0.01875
6 0.26 0.0 0.00625
7 0.26 0.0 0.0
8 0.26 0.0 0.0
9 0.26 0.0 0.0
10 0.26 0.0 0.0
11 0.26 0.0 0.0
12 0.26 0.0 0.0
13 0.26 0.05 0.0
14 0.26 0.1 0.0
15 0.26 0.15 0.0
16 0.26 0.25 0.0
17 0.26 0.3 0.0
18 0.26 0.4 0.05
19 0.26 0.45 0.1375
20 0.26 0.5 0.25
21 0.26 0.6 0.38125
22 0.26 0.6 0.53125
23 0.26 0.7 0.66975
24 0.26 0.7 0.525
25 0.26 0.7 0.33125
26 0.26 0.7 0.14375
27 0.26 0.7 0.0
28 0.26 0.7 0.0
29 0.0 0.0 0.0
30 0.0 0.0 0.0
31 0.0 0.0 0.0
32 0.01 0.0 0.0
33 0.01 0.0 0.0
34 0.01 0.0 0.0
35 0.035 0.0 0.0
36 0.06 0.0 0.0
37 0.085 0.0 0.0
38 0.11 0.0 0.0
39 0.125 -0.05 0.0
40 0.135 -0.1 0.0
41 0.14 -0.1 0.0
42 0.155 -0.1 0.0
43 0.165 -0.1 0.0
44 0.17 -0.1 0.0
45 0.195 -0.1 0.0
46 0.225 -0.1 0.0
47 0.245 -0.1 0.0
48 0.255 -0.2 0.0
49 0.26 -0.2 0.0
50 0.26 -0.2 0.0
51 0.26 -0.2 0.0
52 0.26 -0.2 0.0
53 0.26 -0.2 0.0
54 0.26 -0.2 0.0
55 0.26 -0.2 0.0
56 0.26 -0.2 0.0
57 0.26 -0.2 0.01875
58 0.26 -0.2 0.06875
59 0.26 -0.2 0.1125
60 0.26 -0.2 0.15625
61 0.26 -0.2 0.206166666667
62 0.26 -0.2 0.244833333333
63 0.26 -0.2 0.29375
64 0.26 -0.2 0.333083333333
65 0.26 -0.2 0.38125
66 0.26 -0.2 0.424833333333
67 0.26 -0.2 0.46875
68 0.26 -0.2 0.5125
69 0.26 -0.2 0.55625
70 0.0 0.0 0.59375
71 0.0 0.0 0.56875
72 0.0 0.0 0.475
73 0.005 0.0 0.41875
74 0.01 0.0 0.413083333333
75 0.01 -0.05 0.4125
76 0.01 -0.1 0.41875
77 0.02 -0.1 0.449416666667
78 0.02 -0.1 0.475
79 0.02 -0.1 0.50625
80 0.045 -0.1 0.525
81 0.07 -0.1 0.53125
82 0.085 -0.2 0.54375
83 0.09 -0.2 0.6
84 0.1 -0.2 0.65
85 0.11 -0.2 0.69375
86 0.115 -0.2 0.75
87 0.0 0.0 0.75
88 0.0 0.0 0.75
89 0.005 0.0 0.75
90 0.01 0.0 0.75
91 0.01 0.0 0.75
92 0.02 0.0 0.75
93 0.045 0.0 0.75
94 0.07 0.0 0.75
95 0.1 0.0 0.75
96 0.125 0.0 0.75
97 0.15 0.0 0.75
98 0.18 0.0 0.75
99 0.21 0.0 0.75
100 0.235 0.0 0.75
101 0.26 0.0 0.75
102 0.26 0.0 0.75
103 0.26 0.0 0.75
104 0.26 0.0 0.75
105 0.26 0.0 0.75
106 0.26 0.0 0.75
107 0.26 0.0 0.75
108 0.26 0.0 0.75
