0 0.12 0.0 0.26075
1 0.145 0.0 0.259916666667
2 0.165 0.0 0.259833333333
3 0.19 0.0 0.258916666667
4 0.2 0.0 0.258583333333
5 0.205 0.0 0.257333333333
6 0.215 0.0 0.257083333333
7 0.225 0.1 0.25575
8 0.23 0.1 0.254333333333
9 0.24 0.15 0.254166666667
10 0.245 0.2 0.25375
11 0.255 0.2 0.253583333333
12 0.26 0.3 0.25375
13 0.26 0.3 0.251666666667
14 0.26 0.35 0.252583333333
15 0.26 0.4 0.252416666667
16 0.26 0.4 0.259083333333
17 0.26 0.4 0.261583333333
18 0.26 0.4 0.27175
19 0.26 0.4 0.271416666667
20 0.26 0.4 0.271416666667
21 0.26 0.4 0.272
22 0.26 0.4 0.2785
23 0.26 0.4 0.2815
24 0.26 0.4 0.28125
25 0.26 0.4 0.291666666667
26 0.26 0.4 0.291666666667
27 0.26 0.4 0.291666666667
28 0.26 0.4 0.291666666667
29 0.26 0.4 0.291666666667
30 0.26 0.4 0.291666666667
31 0.26 0.4 0.291666666667
32 0.26 0.4 0.291666666667
33 0.26 0.4 0.291666666667
34 0.26 0.4 0.291666666667
35 0.26 0.4 0.291666666667
36 0.26 0.4 0.291666666667
37 0.26 0.4 0.291666666667
38 0.26 0.4 0.291666666667
39 0.26 0.4 0.291666666667
40 0.26 0.4 0.291666666667
41 0.26 0.4 0.291666666667
42 0.26 0.4 0.291666666667
43 0.26 0.4 0.291666666667
44 0.26 0.35 0.291666666667
45 0.26 0.3 0.291666666667
46 0.26 0.3 0.291666666667
47 0.26 0.3 0.291666666667
48 0.26 0.2 0.291666666667
49 0.26 0.2 0.291666666667
50 0.26 0.2 0.291666666667
51 0.26 0.2 0.291666666667
52 0.26 0.2 0.291666666667
53 0.26 0.2 0.291666666667
54 0.26 0.2 0.291666666667
55 0.26 0.15 0.291666666667
56 0.26 0.1 0.291666666667
57 0.26 0.1 0.291666666667
58 0.26 2.77555756156e-17 0.291666666667
59 0.26 2.77555756156e-17 0.291666666667
60 0.26 2.77555756156e-17 0.291666666667
61 0.26 2.77555756156e-17 0.291666666667
62 0.26 2.77555756156e-17 0.291666666667
63 0.26 2.77555756156e-17 0.291666666667
64 0.26 2.77555756156e-17 0.291666666667
65 0.26 2.77555756156e-17 0.291666666667
66 0.26 2.77555756156e-17 0.291666666667
67 0.26 2.77555756156e-17 0.291666666667
68 0.26 2.77555756156e-17 0.291666666667
69 0.26 2.77555756156e-17 0.291666666667
70 0.26 2.77555756156e-17 0.291666666667
71 0.26 2.77555756156e-17 0.291666666667
72 0.26 2.77555756156e-17 0.291666666667
73 0.26 2.77555756156e-17 0.291666666667
74 0.26 2.77555756156e-17 0.291666666667
75 0.26 2.77555756156e-17 0.291666666667
76 0.26 2.77555756156e-17 0.291666666667
77 0.26 2.77555756156e-17 0.291666666667
78 0.26 2.77555756156e-17 0.291666666667
79 0.26 2.77555756156e-17 0.291666666667
80 0.26 2.77555756156e-17 0.291666666667
81 0.26 2.77555756156e-17 0.291666666667
82 0.26 2.77555756156e-17 0.291666666667
83 0.26 2.77555756156e-17 0.291666666667
84 0.26 2.77555756156e-17 0.291666666667
85 0.26 2.77555756156e-17 0.291666666667
86 0.26 2.77555756156e-17 0.291666666667
87 0.26 2.77555756156e-17 0.291666666667
88 0.26 2.77555756156e-17 0.291666666667
89 0.26 2.77555756156e-17 0.291666666667
90 0.26 2.77555756156e-17 0.291666666667
91 0.26 2.77555756156e-17 0.291666666667
92 0.26 2.77555756156e-17 0.291666666667
93 0.26 2.77555756156e-17 0.291666666667
94 0.26 2.77555756156e-17 0.291666666667
95 0.26 2.77555756156e-17 0.291666666667
96 0.26 2.77555756156e-17 0.291666666667
97 0.26 2.77555756156e-17 0.291666666667
98 0.26 2.77555756156e-17 0.291666666667
99 0.26 2.77555756156e-17 0.291666666667
100 0.26 2.77555756156e-17 0.291666666667
101 0.26 2.77555756156e-17 0.291666666667
102 0.26 2.77555756156e-17 0.291666666667
103 0.26 2.77555756156e-17 0.291666666667
104 0.26 2.77555756156e-17 0.291666666667
105 0.26 2.77555756156e-17 0.291666666667
106 0.26 2.77555756156e-17 0.291666666667
107 0.26 2.77555756156e-17 0.291666666667
108 0.26 2.77555756156e-17 0.291666666667
109 0.26 2.77555756156e-17 0.291666666667
110 0.26 2.77555756156e-17 0.291666666667
111 0.26 2.77555756156e-17 0.291666666667
112 0.26 2.77555756156e-17 0.291666666667
113 0.26 2.77555756156e-17 0.291666666667
114 0.26 2.77555756156e-17 0.291666666667
115 0.26 2.77555756156e-17 0.291666666667
116 0.26 2.77555756156e-17 0.291666666667
117 0.26 2.77555756156e-17 0.291666666667
118 0.26 2.77555756156e-17 0.291666666667
119 0.26 2.77555756156e-17 0.291666666667
120 0.26 2.77555756156e-17 0.291666666667
121 0.26 2.77555756156e-17 0.291666666667
122 0.26 2.77555756156e-17 0.291666666667
123 0.26 -0.05 0.291666666667
124 0.26 -0.1 0.291666666667
125 0.26 -0.1 0.291666666667
126 0.26 -0.1 0.291666666667
127 0.26 -0.1 0.291666666667
128 0.26 -0.1 0.291666666667
129 0.26 -0.1 0.291666666667
130 0.26 -0.1 0.291666666667
131 0.26 -0.1 0.291666666667
132 0.26 -0.1 0.291666666667
133 0.26 -0.1 0.28975
134 0.26 -0.1 0.287833333333
135 0.26 -0.1 0.285916666667
136 0.26 -0.1 0.285916666667
137 0.26 -0.1 0.284
138 0.26 -0.1 0.282083333333
139 0.26 -0.1 0.282083333333
140 0.26 -0.1 0.280166666667
141 0.26 -0.1 0.280166666667
142 0.26 -0.1 0.27825
143 0.26 -0.1 0.27825
144 0.26 -0.1 0.276333333333
145 0.26 -0.1 0.276333333333
146 0.26 -0.1 0.275083333333
147 0.26 -0.1 0.274416666667
148 0.26 -0.1 0.274416666667
149 0.26 -0.1 0.274166666667
150 0.26 -0.1 0.2725
151 0.26 -0.1 0.2725
152 0.26 -0.1 0.2725
153 0.26 -0.1 0.2725
154 0.26 -0.1 0.2725
155 0.26 -0.1 0.270583333333
156 0.26 -0.1 0.270583333333
157 0.26 -0.1 0.270583333333
158 0.26 -0.1 0.270583333333
159 0.26 -0.1 0.270583333333
160 0.26 -0.1 0.270583333333
161 0.26 -0.1 0.270583333333
162 0.26 -0.1 0.270583333333
163 0.26 -0.1 0.2725
164 0.26 -0.1 0.2725
165 0.26 -0.1 0.2725
166 0.26 -0.1 0.2725
167 0.26 -0.1 0.2725
168 0.26 -0.1 0.2725
169 0.26 -0.1 0.274416666667
170 0.26 -0.1 0.274416666667
171 0.26 -0.1 0.274416666667
172 0.26 -0.1 0.274416666667
173 0.26 -0.1 0.276333333333
174 0.26 -0.1 0.276333333333
175 0.26 -0.1 0.276333333333
176 0.26 -0.1 0.27825
177 0.26 -0.1 0.27825
178 0.26 -0.1 0.27825
179 0.26 -0.1 0.280166666667
180 0.26 -0.1 0.280166666667
181 0.26 -0.1 0.282083333333
182 0.26 -0.1 0.282083333333
183 0.26 -0.1 0.282083333333
184 0.26 -0.1 0.284
185 0.26 -0.1 0.285916666667
186 0.26 -0.1 0.285916666667
187 0.26 -0.1 0.285916666667
188 0.26 -0.1 0.287833333333
189 0.26 -0.1 0.28975
190 0.26 -0.1 0.28975
191 0.26 -0.1 0.291666666667
192 0.26 -0.1 0.291666666667
193 0.26 -0.1 0.291666666667
194 0.26 -0.1 0.291666666667
195 0.26 -0.1 0.291666666667
196 0.26 -0.1 0.291666666667
197 0.26 -0.1 0.291666666667
198 0.26 -0.1 0.291666666667
199 0.26 -0.1 0.291666666667
200 0.26 -0.1 0.291666666667
201 0.26 -0.1 0.291666666667
202 0.26 -0.2 0.291666666667
203 0.26 -0.2 0.291666666667
204 0.26 -0.2 0.291666666667
205 0.26 -0.2 0.291666666667
206 0.26 -0.2 0.29075
207 0.26 -0.2 0.28725
208 0.26 -0.2 0.279416666667
209 0.26 -0.25 0.278583333333
210 0.26 -0.3 0.273333333333
211 0.26 -0.3 0.2685
212 0.26 -0.3 0.268
213 0.26 -0.3 0.268083333333
214 0.26 -0.35 0.267166666667
215 0.26 -0.4 0.266666666667
216 0.26 -0.4 0.266666666667
217 0.26 -0.4 0.2555
218 0.26 -0.4 0.248
219 0.26 -0.4 0.247166666667
220 0.26 -0.4 0.2475
221 0.26 -0.4 0.246916666667
222 0.26 -0.4 0.251166666667
223 0.26 -0.4 0.261583333333
224 0.26 -0.4 0.264333333333
225 0.26 -0.4 0.2605
226 0.26 -0.4 0.26075
227 0.26 -0.4 0.26075
228 0.26 -0.4 0.261083333333
229 0.26 -0.4 0.26025
230 0.26 -0.4 0.274833333333
231 0.26 -0.4 0.274666666667
232 0.26 -0.4 0.267833333333
233 0.26 -0.4 0.26075
234 0.26 -0.4 0.251333333333
235 0.26 -0.4 0.248916666667
236 0.26 -0.4 0.249583333333
237 0.26 -0.4 0.268083333333
238 0.26 -0.4 0.2695
239 0.26 -0.4 0.269916666667
240 0.26 -0.4 0.268833333333
241 0.26 -0.4 0.262416666667
242 0.26 -0.4 0.258083333333
243 0.26 -0.4 0.245666666667
244 0.26 -0.4 0.243
245 0.26 -0.4 0.2525
246 0.26 -0.4 0.262416666667
247 0.26 -0.4 0.265333333333
248 0.26 -0.4 0.265
249 0.26 -0.4 0.264583333333
250 0.26 -0.4 0.264583333333
251 0.26 -0.4 0.264333333333
252 0.26 -0.35 0.264833333333
253 0.26 -0.3 0.265583333333
254 0.26 -0.3 0.266333333333
255 0.26 -0.3 0.27825
256 0.26 -0.3 0.2885
257 0.26 -0.3 0.291666666667
258 0.26 -0.3 0.291666666667
259 0.26 -0.3 0.291666666667
260 0.26 -0.3 0.291666666667
261 0.26 -0.3 0.291666666667
262 0.26 -0.3 0.291666666667
263 0.26 -0.3 0.291666666667
264 0.26 -0.35 0.291666666667
265 0.26 -0.4 0.291666666667
266 0.26 -0.4 0.291666666667
267 0.26 -0.4 0.291666666667
268 0.26 -0.3 0.291666666667
269 0.26 -0.3 0.285666666667
270 0.26 -0.25 0.279583333333
271 0.26 -0.2 0.279166666667
272 0.26 -0.2 0.279
273 0.26 -0.2 0.278916666667
274 0.26 -0.2 0.277333333333
275 0.26 -0.2 0.272416666667
276 0.26 -0.2 0.26575
277 0.26 -0.2 0.259666666667
278 0.26 -0.2 0.25675
279 0.26 -0.2 0.2545
280 0.26 -0.2 0.253333333333
281 0.26 -0.1 0.2515
282 0.26 -0.1 0.245666666667
283 0.26 -0.1 0.24
284 0.26 -0.1 0.2385
285 0.26 -0.1 0.23775
286 0.26 -0.1 0.237333333333
287 0.26 -0.1 0.237083333333
288 0.26 -0.1 0.236333333333
289 0.26 -0.05 0.236333333333
290 0.26 -2.77555756156e-17 0.235666666667
291 0.26 -2.77555756156e-17 0.236416666667
292 0.26 -2.77555756156e-17 0.236083333333
293 0.26 -2.77555756156e-17 0.235333333333
294 0.26 -2.77555756156e-17 0.23625
295 0.26 -2.77555756156e-17 0.235083333333
296 0.26 -2.77555756156e-17 0.2355
297 0.26 -2.77555756156e-17 0.235666666667
298 0.26 -2.77555756156e-17 0.235166666667
299 0.26 -2.77555756156e-17 0.235333333333
300 0.26 -2.77555756156e-17 0.235416666667
301 0.26 -2.77555756156e-17 0.236333333333
302 0.26 -2.77555756156e-17 0.236833333333
303 0.26 -2.77555756156e-17 0.236416666667
304 0.26 -2.77555756156e-17 0.237666666667
305 0.26 -2.77555756156e-17 0.238333333333
306 0.26 -2.77555756156e-17 0.239583333333
307 0.26 -2.77555756156e-17 0.24
308 0.26 0.1 0.241166666667
309 0.26 0.1 0.242666666667
310 0.26 0.1 0.24375
311 0.26 0.1 0.243166666667
312 0.26 0.1 0.243083333333
313 0.26 0.1 0.242833333333
314 0.26 0.1 0.242833333333
315 0.26 0.1 0.245
316 0.26 0.1 0.246833333333
317 0.26 0.1 0.248083333333
318 0.26 0.1 0.248666666667
319 0.26 0.1 0.249083333333
320 0.26 0.1 0.248833333333
321 0.26 0.1 0.248166666667
322 0.26 0.1 0.246916666667
323 0.26 0.1 0.24725
324 0.26 0.1 0.25125
325 0.26 0.1 0.254416666667
326 0.26 0.1 0.2585
327 0.26 0.1 0.26275
328 0.26 0.1 0.2685
329 0.26 0.1 0.271666666667
330 0.26 0.1 0.2735
331 0.26 0.1 0.27675
332 0.26 0.1 0.280333333333
333 0.26 0.1 0.284416666667
334 0.26 0.1 0.28775
335 0.26 0.1 0.291416666667
336 0.26 0.1 0.291666666667
337 0.26 0.1 0.291666666667
338 0.26 0.1 0.291666666667
339 0.26 0.1 0.291666666667
340 0.26 0.1 0.291666666667
341 0.26 0.1 0.291666666667
342 0.26 0.1 0.291666666667
343 0.26 0.1 0.291666666667
344 0.26 0.1 0.291416666667
345 0.26 0.1 0.291
346 0.26 0.1 0.290416666667
347 0.26 0.1 0.285416666667
348 0.26 0.1 0.282666666667
349 0.26 0.1 0.281
350 0.26 0.05 0.279916666667
351 0.26 -2.77555756156e-17 0.28
352 0.26 -2.77555756156e-17 0.280166666667
353 0.26 -2.77555756156e-17 0.27975
354 0.26 -2.77555756156e-17 0.27975
355 0.26 -2.77555756156e-17 0.2795
356 0.26 -2.77555756156e-17 0.279416666667
357 0.26 -2.77555756156e-17 0.278916666667
358 0.26 -2.77555756156e-17 0.279
359 0.26 -2.77555756156e-17 0.278833333333
360 0.26 -2.77555756156e-17 0.27875
361 0.26 -2.77555756156e-17 0.278833333333
362 0.26 -2.77555756156e-17 0.2785
363 0.26 -2.77555756156e-17 0.278833333333
364 0.26 -2.77555756156e-17 0.2785
365 0.26 -2.77555756156e-17 0.27875
366 0.26 -2.77555756156e-17 0.278666666667
367 0.26 -2.77555756156e-17 0.2785
368 0.26 -2.77555756156e-17 0.279333333333
369 0.26 -2.77555756156e-17 0.279083333333
370 0.26 -2.77555756156e-17 0.279
371 0.26 -2.77555756156e-17 0.279083333333
372 0.26 -2.77555756156e-17 0.279083333333
373 0.26 -2.77555756156e-17 0.279416666667
374 0.26 -2.77555756156e-17 0.27925
375 0.26 -2.77555756156e-17 0.279
376 0.26 -2.77555756156e-17 0.27975
377 0.26 -2.77555756156e-17 0.280166666667
378 0.26 -2.77555756156e-17 0.281166666667
379 0.26 -2.77555756156e-17 0.281333333333
380 0.26 -2.77555756156e-17 0.281583333333
381 0.26 -2.77555756156e-17 0.283083333333
382 0.26 -2.77555756156e-17 0.283916666667
383 0.26 -2.77555756156e-17 0.284833333333
384 0.26 -2.77555756156e-17 0.2855
385 0.26 -2.77555756156e-17 0.286416666667
386 0.26 -2.77555756156e-17 0.28675
387 0.26 -2.77555756156e-17 0.287583333333
388 0.26 -2.77555756156e-17 0.288916666667
389 0.26 -2.77555756156e-17 0.29
390 0.26 -2.77555756156e-17 0.2905
391 0.26 -2.77555756156e-17 0.290583333333
392 0.26 -2.77555756156e-17 0.291083333333
393 0.26 -2.77555756156e-17 0.29125
394 0.26 -2.77555756156e-17 0.291583333333
395 0.26 -2.77555756156e-17 0.291666666667
396 0.26 -2.77555756156e-17 0.291666666667
397 0.26 -2.77555756156e-17 0.291666666667
398 0.26 -2.77555756156e-17 0.291666666667
399 0.26 -2.77555756156e-17 0.291666666667
400 0.26 -2.77555756156e-17 0.291666666667
401 0.26 -2.77555756156e-17 0.291666666667
402 0.26 -2.77555756156e-17 0.291666666667
403 0.26 -2.77555756156e-17 0.291666666667
404 0.26 -2.77555756156e-17 0.291666666667
405 0.26 -2.77555756156e-17 0.291666666667
406 0.26 -2.77555756156e-17 0.291666666667
407 0.26 -2.77555756156e-17 0.291666666667
408 0.26 -2.77555756156e-17 0.291666666667
409 0.26 -2.77555756156e-17 0.291666666667
410 0.26 -2.77555756156e-17 0.291666666667
411 0.26 -2.77555756156e-17 0.291666666667
412 0.26 -2.77555756156e-17 0.291666666667
413 0.26 -2.77555756156e-17 0.291666666667
414 0.26 -2.77555756156e-17 0.291666666667
415 0.26 -2.77555756156e-17 0.291666666667
416 0.26 -2.77555756156e-17 0.291666666667
417 0.26 -2.77555756156e-17 0.291666666667
418 0.26 -2.77555756156e-17 0.291666666667
419 0.26 -2.77555756156e-17 0.291666666667
420 0.26 -2.77555756156e-17 0.291666666667
421 0.26 -2.77555756156e-17 0.291666666667
422 0.26 -2.77555756156e-17 0.291666666667
423 0.26 -2.77555756156e-17 0.291666666667
424 0.26 -2.77555756156e-17 0.291666666667
425 0.26 -2.77555756156e-17 0.291666666667
426 0.26 -2.77555756156e-17 0.291666666667
427 0.26 -2.77555756156e-17 0.291666666667
428 0.26 -2.77555756156e-17 0.291666666667
429 0.26 -2.77555756156e-17 0.291666666667
430 0.26 -2.77555756156e-17 0.291666666667
431 0.26 -2.77555756156e-17 0.291666666667
432 0.26 -2.77555756156e-17 0.291666666667
433 0.26 -2.77555756156e-17 0.291666666667
434 0.26 -2.77555756156e-17 0.291666666667
435 0.26 -2.77555756156e-17 0.291666666667
436 0.26 -2.77555756156e-17 0.291666666667
437 0.26 -2.77555756156e-17 0.291666666667
438 0.26 -2.77555756156e-17 0.291666666667
439 0.26 -2.77555756156e-17 0.291666666667
440 0.26 -2.77555756156e-17 0.291666666667
441 0.26 -2.77555756156e-17 0.291666666667
442 0.26 -2.77555756156e-17 0.291666666667
443 0.26 -2.77555756156e-17 0.291666666667
444 0.26 -2.77555756156e-17 0.291666666667
445 0.26 -2.77555756156e-17 0.291666666667
446 0.26 -2.77555756156e-17 0.291666666667
447 0.26 -2.77555756156e-17 0.291666666667
448 0.26 -2.77555756156e-17 0.291666666667
449 0.26 -2.77555756156e-17 0.291666666667
450 0.26 -2.77555756156e-17 0.291666666667
451 0.26 -2.77555756156e-17 0.291666666667
452 0.26 -2.77555756156e-17 0.291666666667
453 0.26 -2.77555756156e-17 0.291666666667
454 0.26 -2.77555756156e-17 0.291666666667
455 0.26 -2.77555756156e-17 0.291666666667
456 0.26 -2.77555756156e-17 0.291666666667
457 0.26 -2.77555756156e-17 0.291666666667
458 0.26 -2.77555756156e-17 0.291666666667
459 0.26 -2.77555756156e-17 0.291666666667
460 0.26 -2.77555756156e-17 0.291666666667
461 0.26 -2.77555756156e-17 0.291666666667
462 0.26 -2.77555756156e-17 0.291666666667
463 0.26 -2.77555756156e-17 0.291666666667
464 0.26 -2.77555756156e-17 0.291666666667
465 0.26 -2.77555756156e-17 0.291666666667
466 0.26 -2.77555756156e-17 0.291666666667
467 0.26 -2.77555756156e-17 0.291666666667
468 0.26 -2.77555756156e-17 0.291666666667
469 0.26 -2.77555756156e-17 0.291666666667
470 0.26 -2.77555756156e-17 0.291666666667
471 0.26 -2.77555756156e-17 0.291666666667
472 0.26 -2.77555756156e-17 0.291666666667
473 0.26 -2.77555756156e-17 0.291666666667
474 0.26 -2.77555756156e-17 0.291666666667
475 0.26 -2.77555756156e-17 0.291666666667
476 0.26 -2.77555756156e-17 0.291666666667
477 0.26 -2.77555756156e-17 0.291666666667
478 0.26 -2.77555756156e-17 0.291666666667
479 0.26 -2.77555756156e-17 0.291666666667
480 0.26 -2.77555756156e-17 0.291666666667
481 0.26 -2.77555756156e-17 0.291666666667
482 0.26 -2.77555756156e-17 0.291666666667
483 0.26 -2.77555756156e-17 0.291666666667
484 0.26 -2.77555756156e-17 0.291666666667
485 0.26 -2.77555756156e-17 0.291666666667
486 0.26 -2.77555756156e-17 0.291666666667
487 0.26 -2.77555756156e-17 0.291666666667
488 0.26 -2.77555756156e-17 0.291666666667
489 0.26 -2.77555756156e-17 0.291666666667
490 0.26 -2.77555756156e-17 0.291666666667
491 0.26 -2.77555756156e-17 0.291666666667
492 0.26 -2.77555756156e-17 0.291666666667
493 0.26 -2.77555756156e-17 0.291666666667
494 0.26 -2.77555756156e-17 0.291666666667
495 0.26 -2.77555756156e-17 0.291666666667
496 0.26 -2.77555756156e-17 0.291666666667
497 0.26 -2.77555756156e-17 0.291666666667
498 0.26 -2.77555756156e-17 0.291666666667
499 0.26 -2.77555756156e-17 0.291666666667
500 0.26 -2.77555756156e-17 0.291666666667
501 0.26 -2.77555756156e-17 0.291666666667
502 0.26 -2.77555756156e-17 0.291666666667
503 0.26 -2.77555756156e-17 0.291666666667
504 0.26 -2.77555756156e-17 0.291666666667
505 0.26 -2.77555756156e-17 0.291666666667
506 0.26 -2.77555756156e-17 0.291666666667
507 0.26 -2.77555756156e-17 0.291666666667
508 0.26 -2.77555756156e-17 0.291666666667
509 0.26 -2.77555756156e-17 0.291666666667
510 0.26 -2.77555756156e-17 0.291666666667
511 0.26 -2.77555756156e-17 0.291666666667
512 0.26 -2.77555756156e-17 0.291666666667
513 0.26 -2.77555756156e-17 0.291666666667
514 0.26 -2.77555756156e-17 0.291666666667
515 0.26 -2.77555756156e-17 0.291666666667
516 0.26 -2.77555756156e-17 0.291666666667
517 0.26 -2.77555756156e-17 0.291666666667
518 0.26 -2.77555756156e-17 0.291666666667
519 0.26 -2.77555756156e-17 0.291666666667
520 0.26 -2.77555756156e-17 0.291666666667
521 0.26 -2.77555756156e-17 0.291666666667
522 0.26 -2.77555756156e-17 0.291666666667
523 0.26 -2.77555756156e-17 0.291666666667
524 0.26 -2.77555756156e-17 0.291666666667
525 0.26 -2.77555756156e-17 0.291666666667
526 0.26 -2.77555756156e-17 0.291666666667
527 0.26 -2.77555756156e-17 0.291666666667
528 0.26 -2.77555756156e-17 0.291666666667
529 0.26 -2.77555756156e-17 0.291666666667
530 0.26 -2.77555756156e-17 0.291666666667
531 0.26 -2.77555756156e-17 0.291666666667
532 0.26 -2.77555756156e-17 0.291666666667
533 0.26 -2.77555756156e-17 0.291666666667
534 0.26 -2.77555756156e-17 0.291666666667
535 0.26 -2.77555756156e-17 0.291666666667
536 0.26 -2.77555756156e-17 0.291666666667
537 0.26 -2.77555756156e-17 0.291666666667
538 0.26 -2.77555756156e-17 0.291666666667
539 0.26 -2.77555756156e-17 0.291666666667
540 0.26 -2.77555756156e-17 0.291666666667
541 0.26 -2.77555756156e-17 0.291666666667
542 0.26 -2.77555756156e-17 0.291666666667
543 0.26 -2.77555756156e-17 0.291666666667
544 0.26 -2.77555756156e-17 0.291666666667
545 0.26 -2.77555756156e-17 0.291666666667
546 0.26 -2.77555756156e-17 0.291666666667
547 0.26 -2.77555756156e-17 0.291666666667
548 0.26 -2.77555756156e-17 0.291666666667
549 0.26 -2.77555756156e-17 0.291666666667
550 0.26 -2.77555756156e-17 0.291666666667
551 0.26 -2.77555756156e-17 0.291666666667
552 0.26 -2.77555756156e-17 0.291666666667
553 0.26 -2.77555756156e-17 0.291666666667
554 0.26 -2.77555756156e-17 0.291666666667
555 0.26 -2.77555756156e-17 0.291666666667
556 0.26 -2.77555756156e-17 0.291666666667
557 0.26 -2.77555756156e-17 0.291666666667
558 0.26 -2.77555756156e-17 0.291666666667
559 0.26 -2.77555756156e-17 0.291666666667
560 0.26 -2.77555756156e-17 0.291666666667
561 0.26 -2.77555756156e-17 0.291666666667
562 0.26 -2.77555756156e-17 0.291666666667
563 0.26 -2.77555756156e-17 0.291666666667
564 0.26 -2.77555756156e-17 0.291666666667
565 0.26 -2.77555756156e-17 0.291666666667
566 0.26 -2.77555756156e-17 0.291666666667
567 0.26 -2.77555756156e-17 0.291666666667
568 0.26 -2.77555756156e-17 0.291666666667
569 0.26 -2.77555756156e-17 0.291666666667
570 0.26 -2.77555756156e-17 0.291666666667
571 0.26 -2.77555756156e-17 0.291666666667
572 0.26 -2.77555756156e-17 0.291666666667
573 0.26 -2.77555756156e-17 0.291666666667
574 0.26 -2.77555756156e-17 0.291666666667
575 0.26 -2.77555756156e-17 0.291666666667
576 0.26 -2.77555756156e-17 0.291666666667
577 0.26 -2.77555756156e-17 0.291666666667
578 0.26 -2.77555756156e-17 0.291666666667
579 0.26 -2.77555756156e-17 0.291666666667
580 0.26 -2.77555756156e-17 0.291666666667
581 0.26 -2.77555756156e-17 0.291666666667
582 0.26 -2.77555756156e-17 0.291666666667
583 0.26 -2.77555756156e-17 0.291666666667
584 0.26 -2.77555756156e-17 0.291666666667
