0 0.26 0.0 0.75
1 0.26 0.0 0.0443333333333
2 0.26 0.0 0.05
3 0.26 0.0 0.0375
4 0.26 0.0 0.03125
5 0.26 0.0 0.04375
6 0.26 0.0 0.0375
7 0.26 0.0 0.03125
8 0.26 0.0 0.025
9 0.26 0.0 0.01875
10 0.26 0.0 0.0125
11 0.26 0.0 0.00625
12 0.26 0.0 0.0
13 0.26 0.0 0.0
14 0.26 0.0 0.0
15 0.26 0.0 0.0
16 0.26 0.0 0.0
17 0.26 0.05 0.0
18 0.26 0.1 0.0
19 0.26 0.1 0.0
20 0.26 0.1 0.0
21 0.26 0.15 0.0
22 0.26 0.2 0.0
23 0.26 0.2 0.0
24 0.26 0.25 0.025
25 0.26 0.3 0.06875
26 0.26 0.3 0.10625
27 0.26 0.35 0.11225
28 0.26 0.4 0.10625
29 0.26 0.4 0.10625
30 0.26 0.4 0.111666666667
31 0.26 0.4 0.10625
32 0.26 0.4 0.1125
33 0.26 0.4 0.1125
34 0.26 0.4 0.1125
35 0.26 0.4 0.1125
36 0.26 0.4 0.11875
37 0.26 0.4 0.0625
38 0.26 0.4 0.0
39 0.26 0.4 0.0
40 0.26 0.4 0.0
41 0.26 0.4 0.0
42 0.26 0.4 0.0
43 0.26 0.4 0.0
44 0.26 0.4 0.0
45 0.26 0.4 0.0
46 0.26 0.4 0.0
47 0.0 0.0 0.0
48 0.0 0.0 0.0
49 0.0 0.0 0.0
50 0.0 0.0 0.0
51 0.0 0.0 0.0
52 0.0 0.0 0.0
53 0.0 0.0 0.0
54 0.0 0.0 0.0
55 0.005 0.0 0.0
56 0.01 0.0 0.0
57 0.01 0.0 0.0
58 0.01 0.0 0.0
59 0.01 0.0 0.0
60 0.02 0.0 0.0
61 0.035 0.0 0.0
62 0.055 0.0 0.0
63 0.07 0.0 0.0
64 0.085 0.0 0.0
65 0.1 0.0 0.0
66 0.115 0.0 0.0
67 0.13 0.0 0.0
68 0.15 0.0 0.0
69 0.165 0.0 0.0
70 0.18 0.0 0.0
71 0.195 0.0 0.0
72 0.215 0.0 0.0
73 0.23 0.0 0.0
74 0.25 0.0 0.0
75 0.26 0.0 0.0
76 0.26 0.0 0.0
77 0.26 0.0 0.0
78 0.26 0.0 0.0
79 0.26 0.0 0.0
80 0.26 0.0 0.0
81 0.26 0.0 0.0
82 0.26 0.0 0.0
83 0.26 0.0 0.0
84 0.26 0.0 0.0
85 0.26 0.0 0.0
86 0.26 0.0 0.0
87 0.26 0.0 0.0
88 0.26 0.0 0.0
89 0.26 0.0 0.0
90 0.26 0.0 0.0
91 0.26 0.0 0.0
92 0.26 0.0 0.0
93 0.26 0.0 0.0
94 0.26 0.0 0.0
95 0.26 0.0 0.0
96 0.26 0.0 0.0
97 0.26 0.0 0.0
98 0.26 0.0 0.0
99 0.26 0.0 0.0
100 0.26 0.0 0.0
101 0.26 0.0 0.0
102 0.26 0.0 0.0
103 0.26 0.0 0.0
104 0.26 0.0 0.0
105 0.26 -0.05 0.0
106 0.26 -0.1 0.0
107 0.26 -0.1 0.0
108 0.26 -0.15 0.0
109 0.26 -0.2 0.0
110 0.26 -0.2 0.0
111 0.26 -0.25 0.0
112 0.26 -0.3 0.0
113 0.26 -0.3 0.0
114 0.26 -0.35 0.0
115 0.26 -0.4 0.0
116 0.26 -0.4 0.0
117 0.26 -0.4 0.0
118 0.26 -0.4 0.0
119 0.26 -0.4 0.0
120 0.26 -0.4 0.0
121 0.26 -0.4 0.0
122 0.26 -0.4 0.025
123 0.26 -0.4 0.0875
124 0.26 -0.4 0.15
125 0.26 -0.4 0.2125
126 0.26 -0.4 0.28125
127 0.26 -0.4 0.34375
128 0.0 0.0 0.40625
129 0.0 0.0 0.46875
130 0.0 0.0 0.55625
131 0.0 0.0 0.69375
132 0.0 0.0 0.75
133 0.0 0.0 0.75
134 0.0 0.0 0.75
135 0.0 0.0 0.75
136 0.0 0.0 0.75
137 0.0 0.05 0.75
138 0.0 0.1 0.75
139 0.0 0.1 0.725
140 0.0 0.1 0.675
141 0.0 0.1 0.641666666667
142 0.0 0.15 0.61875
143 0.0 0.3 0.61875
144 0.0 0.5 0.65
145 0.0 0.65 0.7
146 0.0 0.8 0.75
147 0.0 0.95 0.75
148 0.0 1.05 0.75
149 0.0 0.0 0.75
150 0.0 0.0 0.75
151 0.0 0.0 0.75
152 0.0 0.0 0.75
153 0.0 0.0 0.75
