0 0.26 0.0 0.0696666666667
1 0.26 0.0 0.0625
2 0.26 0.0 0.08125
3 0.26 0.0 0.0625
4 0.26 0.0 0.05
5 0.26 0.0 0.0375
6 0.26 0.0 0.0275
7 0.26 0.0 0.0125
8 0.26 0.0 0.0
9 0.26 0.0 0.0
10 0.26 0.0 0.0
11 0.26 0.0 0.0
12 0.26 0.0 0.0
13 0.26 0.0 0.0
14 0.26 0.0 0.0
15 0.26 0.0 0.0
16 0.26 0.0 0.0
17 0.26 0.0 0.0
18 0.26 -0.05 0.0
19 0.26 -0.1 0.0
20 0.26 -0.2 0.0
21 0.26 -0.25 0.0
22 0.26 -0.3 0.0
23 0.26 -0.4 0.0
24 0.26 -0.4 0.0
25 0.26 -0.4 0.0
26 0.26 -0.4 0.0198333333333
27 0.26 -0.4 0.13125
28 0.26 -0.4 0.24375
29 0.26 -0.4 0.3625
30 0.26 -0.4 0.48125
31 0.26 -0.4 0.525
32 0.26 -0.4 0.55
33 0.0 0.0 0.4375
34 0.0 0.0 0.31875
35 0.0 0.0 0.15625
36 0.0 0.0 0.075
37 0.01 0.0 0.075
38 0.01 0.0 0.075
39 0.01 0.0 0.075
40 0.03 0.0 0.075
41 0.06 0.0 0.075
42 0.085 0.0 0.06875
43 0.115 0.0 0.075
44 0.145 0.0 0.08125
45 0.17 0.0 0.06875
46 0.2 0.0 0.0455833333333
47 0.23 0.0 0.03125
48 0.255 0.0 0.01875
49 0.26 0.0 0.0
50 0.26 0.0 0.0
51 0.26 0.0 0.0
52 0.26 0.0 0.0
53 0.26 0.0 0.0
54 0.26 0.0 0.0
55 0.26 0.0 0.0
56 0.26 0.1 0.0
57 0.26 0.1 0.0
58 0.26 0.15 0.0
59 0.26 0.2 0.0
60 0.26 0.3 0.0
61 0.26 0.35 0.06875
62 0.26 0.4 0.159
63 0.26 0.45 0.265
64 0.26 0.5 0.38125
65 0.26 0.5 0.50625
66 0.26 0.5 0.629666666667
67 0.26 0.5 0.75
68 0.26 0.5 0.75
69 0.26 0.5 0.75
70 0.26 0.5 0.75
71 0.26 0.5 0.75
72 0.0 0.0 0.75
73 0.0 0.0 0.75
74 0.0 0.0 0.75
75 0.005 0.0 0.75
76 0.01 0.0 0.75
77 0.01 0.0 0.75
78 0.01 0.0 0.75
79 0.01 0.05 0.75
80 0.01 0.1 0.75
81 0.01 0.1 0.75
82 0.01 0.2 0.75
83 0.01 0.45 0.75
84 0.01 0.5 0.75
85 0.01 0.6 0.75
86 0.0 0.0 0.75
87 0.0 0.0 0.75
88 0.005 0.0 0.75
89 0.01 0.0 0.75
90 0.01 0.0 0.75
91 0.015 0.0 0.75
92 0.045 0.0 0.75
93 0.075 0.0 0.75
94 0.1 0.0 0.75
95 0.13 0.0 0.75
96 0.155 0.0 0.75
97 0.19 0.0 0.75
98 0.22 0.0 0.75
99 0.245 0.0 0.75
100 0.26 0.0 0.75
101 0.26 0.0 0.75
102 0.26 0.0 0.75
103 0.26 0.0 0.75
104 0.26 0.0 0.75
105 0.26 0.0 0.75
106 0.26 0.0 0.75
107 0.26 0.0 0.75
