0 0.12 0.0 0.258
1 0.145 0.0 0.258
2 0.17 0.0 0.25825
3 0.195 0.0 0.25575
4 0.215 0.0 0.256
5 0.23 0.0 0.256083333333
6 0.24 0.0 0.254916666667
7 0.245 0.0 0.254166666667
8 0.255 0.0 0.2535
9 0.26 0.0 0.254083333333
10 0.26 0.0 0.25375
11 0.26 0.0 0.254583333333
12 0.26 0.0 0.25425
13 0.26 0.0 0.254
14 0.26 0.0 0.2535
15 0.26 0.0 0.252833333333
16 0.26 0.05 0.25175
17 0.26 0.1 0.252333333333
18 0.26 0.15 0.252666666667
19 0.26 0.2 0.252166666667
20 0.26 0.25 0.25325
21 0.26 0.3 0.250166666667
22 0.26 0.3 0.248416666667
23 0.26 0.35 0.251916666667
24 0.26 0.4 0.261583333333
25 0.26 0.4 0.252166666667
26 0.26 0.4 0.253333333333
27 0.26 0.4 0.25225
28 0.26 0.4 0.253416666667
29 0.26 0.4 0.258583333333
30 0.26 0.4 0.261916666667
31 0.26 0.4 0.272333333333
32 0.26 0.4 0.27225
33 0.26 0.4 0.272666666667
34 0.26 0.4 0.272083333333
35 0.26 0.4 0.272583333333
36 0.26 0.4 0.27775
37 0.26 0.4 0.281
38 0.26 0.4 0.29
39 0.26 0.4 0.291666666667
40 0.26 0.4 0.291666666667
41 0.26 0.4 0.291666666667
42 0.26 0.4 0.291666666667
43 0.26 0.4 0.291666666667
44 0.26 0.4 0.291666666667
45 0.26 0.4 0.291666666667
46 0.26 0.4 0.291666666667
47 0.26 0.4 0.291666666667
48 0.26 0.4 0.291666666667
49 0.26 0.4 0.291666666667
50 0.26 0.4 0.291666666667
51 0.26 0.4 0.291666666667
52 0.26 0.4 0.291666666667
53 0.26 0.4 0.291666666667
54 0.26 0.4 0.291666666667
55 0.26 0.4 0.291666666667
56 0.26 0.4 0.291666666667
57 0.26 0.4 0.291666666667
58 0.26 0.4 0.291666666667
59 0.26 0.4 0.291666666667
60 0.26 0.4 0.291666666667
61 0.26 0.35 0.291666666667
62 0.26 0.3 0.291666666667
63 0.26 0.25 0.291666666667
64 0.26 0.2 0.291666666667
65 0.26 0.15 0.291666666667
66 0.26 0.1 0.291666666667
67 0.26 2.77555756156e-17 0.291666666667
68 0.26 2.77555756156e-17 0.291666666667
69 0.26 2.77555756156e-17 0.291666666667
70 0.26 2.77555756156e-17 0.291666666667
71 0.26 2.77555756156e-17 0.291666666667
72 0.26 2.77555756156e-17 0.291666666667
73 0.26 2.77555756156e-17 0.291666666667
74 0.26 2.77555756156e-17 0.291666666667
75 0.26 2.77555756156e-17 0.291666666667
76 0.26 2.77555756156e-17 0.291666666667
77 0.26 2.77555756156e-17 0.291666666667
78 0.26 2.77555756156e-17 0.291666666667
79 0.26 2.77555756156e-17 0.291666666667
80 0.26 2.77555756156e-17 0.291666666667
81 0.26 2.77555756156e-17 0.291666666667
82 0.26 2.77555756156e-17 0.291666666667
83 0.26 2.77555756156e-17 0.291666666667
84 0.26 2.77555756156e-17 0.291666666667
85 0.26 2.77555756156e-17 0.291666666667
86 0.26 2.77555756156e-17 0.291666666667
87 0.26 2.77555756156e-17 0.291666666667
88 0.26 2.77555756156e-17 0.291666666667
89 0.26 2.77555756156e-17 0.291666666667
90 0.26 2.77555756156e-17 0.291666666667
91 0.26 2.77555756156e-17 0.291666666667
92 0.26 2.77555756156e-17 0.291666666667
93 0.26 2.77555756156e-17 0.291666666667
94 0.26 2.77555756156e-17 0.291666666667
95 0.26 2.77555756156e-17 0.291666666667
96 0.26 2.77555756156e-17 0.291666666667
97 0.26 2.77555756156e-17 0.291666666667
98 0.26 2.77555756156e-17 0.291666666667
99 0.26 2.77555756156e-17 0.291666666667
100 0.26 2.77555756156e-17 0.291666666667
101 0.26 2.77555756156e-17 0.291666666667
102 0.26 2.77555756156e-17 0.291666666667
103 0.26 2.77555756156e-17 0.291666666667
104 0.26 2.77555756156e-17 0.291666666667
105 0.26 2.77555756156e-17 0.291666666667
106 0.26 2.77555756156e-17 0.291666666667
107 0.26 2.77555756156e-17 0.291666666667
108 0.26 2.77555756156e-17 0.291666666667
109 0.26 2.77555756156e-17 0.291666666667
110 0.26 2.77555756156e-17 0.291666666667
111 0.26 2.77555756156e-17 0.291666666667
112 0.26 2.77555756156e-17 0.291666666667
113 0.26 2.77555756156e-17 0.291666666667
114 0.26 2.77555756156e-17 0.291666666667
115 0.26 2.77555756156e-17 0.291666666667
116 0.26 2.77555756156e-17 0.291666666667
117 0.26 2.77555756156e-17 0.291666666667
118 0.26 2.77555756156e-17 0.291666666667
119 0.26 2.77555756156e-17 0.291666666667
120 0.26 2.77555756156e-17 0.291666666667
121 0.26 2.77555756156e-17 0.291666666667
122 0.26 2.77555756156e-17 0.291666666667
123 0.26 2.77555756156e-17 0.291666666667
124 0.26 2.77555756156e-17 0.291666666667
125 0.26 2.77555756156e-17 0.291666666667
126 0.26 2.77555756156e-17 0.291666666667
127 0.26 2.77555756156e-17 0.291666666667
128 0.26 2.77555756156e-17 0.291666666667
129 0.26 2.77555756156e-17 0.291666666667
130 0.26 2.77555756156e-17 0.291666666667
131 0.26 2.77555756156e-17 0.291666666667
132 0.26 2.77555756156e-17 0.291666666667
133 0.26 2.77555756156e-17 0.291666666667
134 0.26 2.77555756156e-17 0.291666666667
135 0.26 2.77555756156e-17 0.291666666667
136 0.26 2.77555756156e-17 0.291666666667
137 0.26 2.77555756156e-17 0.291666666667
138 0.26 2.77555756156e-17 0.291666666667
139 0.26 2.77555756156e-17 0.291666666667
140 0.26 2.77555756156e-17 0.291666666667
141 0.26 2.77555756156e-17 0.291666666667
142 0.26 2.77555756156e-17 0.291666666667
143 0.26 2.77555756156e-17 0.291666666667
144 0.26 2.77555756156e-17 0.28975
145 0.26 2.77555756156e-17 0.287833333333
146 0.26 2.77555756156e-17 0.284
147 0.26 2.77555756156e-17 0.280083333333
148 0.26 2.77555756156e-17 0.276333333333
149 0.26 2.77555756156e-17 0.274416666667
150 0.26 2.77555756156e-17 0.270583333333
151 0.26 2.77555756156e-17 0.26675
152 0.26 2.77555756156e-17 0.262916666667
153 0.26 2.77555756156e-17 0.259083333333
154 0.26 2.77555756156e-17 0.25525
155 0.26 2.77555756156e-17 0.251416666667
156 0.26 2.77555756156e-17 0.24875
157 0.26 2.77555756156e-17 0.245666666667
158 0.26 2.77555756156e-17 0.241833333333
159 0.26 2.77555756156e-17 0.238
160 0.26 2.77555756156e-17 0.234166666667
161 0.26 2.77555756156e-17 0.230333333333
162 0.26 2.77555756156e-17 0.227583333333
163 0.26 2.77555756156e-17 0.223
164 0.26 2.77555756156e-17 0.22075
165 0.26 2.77555756156e-17 0.216916666667
166 0.26 2.77555756156e-17 0.213083333333
167 0.26 2.77555756156e-17 0.211166666667
168 0.26 -0.05 0.207333333333
169 0.26 -0.1 0.20425
170 0.26 -0.1 0.201583333333
171 0.26 -0.1 0.201583333333
172 0.26 -0.15 0.199666666667
173 0.26 -0.2 0.19775
174 0.26 -0.2 0.198833333333
175 0.26 -0.2 0.199666666667
176 0.26 -0.2 0.201583333333
177 0.26 -0.2 0.2035
178 0.26 -0.2 0.2035
179 0.26 -0.2 0.205416666667
180 0.26 -0.2 0.207333333333
181 0.26 -0.2 0.20925
182 0.26 -0.2 0.211166666667
183 0.26 -0.2 0.213083333333
184 0.26 -0.2 0.215
185 0.26 -0.2 0.216916666667
186 0.26 -0.2 0.220166666667
187 0.26 -0.2 0.222666666667
188 0.26 -0.2 0.224583333333
189 0.26 -0.2 0.226833333333
190 0.26 -0.2 0.230333333333
191 0.26 -0.2 0.23225
192 0.26 -0.2 0.236083333333
193 0.26 -0.2 0.238
194 0.26 -0.2 0.241833333333
195 0.26 -0.2 0.24375
196 0.26 -0.2 0.247583333333
197 0.26 -0.2 0.2495
198 0.26 -0.2 0.253333333333
199 0.26 -0.2 0.257166666667
200 0.26 -0.2 0.261
201 0.26 -0.2 0.262916666667
202 0.26 -0.2 0.26675
203 0.26 -0.2 0.270583333333
204 0.26 -0.2 0.274416666667
205 0.26 -0.2 0.276333333333
206 0.26 -0.2 0.280166666667
207 0.26 -0.2 0.284
208 0.26 -0.2 0.287833333333
209 0.26 -0.2 0.291666666667
210 0.26 -0.25 0.291666666667
211 0.26 -0.3 0.291666666667
212 0.26 -0.3 0.291666666667
213 0.26 -0.3 0.291666666667
214 0.26 -0.3 0.2915
215 0.26 -0.35 0.28325
216 0.26 -0.4 0.281
217 0.26 -0.4 0.272833333333
218 0.26 -0.4 0.271833333333
219 0.26 -0.4 0.271583333333
220 0.26 -0.4 0.271666666667
221 0.26 -0.4 0.266333333333
222 0.26 -0.4 0.252833333333
223 0.26 -0.4 0.250833333333
224 0.26 -0.4 0.249166666667
225 0.26 -0.4 0.247083333333
226 0.26 -0.4 0.2455
227 0.26 -0.4 0.244833333333
228 0.26 -0.4 0.25375
229 0.26 -0.4 0.254833333333
230 0.26 -0.4 0.2455
231 0.26 -0.4 0.244666666667
232 0.26 -0.4 0.244416666667
233 0.26 -0.4 0.252416666667
234 0.26 -0.4 0.264666666667
235 0.26 -0.4 0.274583333333
236 0.26 -0.4 0.274583333333
237 0.26 -0.4 0.266833333333
238 0.26 -0.4 0.254166666667
239 0.26 -0.4 0.24625
240 0.26 -0.4 0.245916666667
241 0.26 -0.4 0.257666666667
242 0.26 -0.4 0.265833333333
243 0.26 -0.4 0.266083333333
244 0.26 -0.4 0.265
245 0.26 -0.4 0.264333333333
246 0.26 -0.4 0.25525
247 0.26 -0.4 0.250583333333
248 0.26 -0.4 0.249833333333
249 0.26 -0.4 0.235
250 0.26 -0.4 0.24125
251 0.26 -0.4 0.254333333333
252 0.26 -0.4 0.261166666667
253 0.26 -0.4 0.2615
254 0.26 -0.4 0.26175
255 0.26 -0.4 0.261083333333
256 0.26 -0.4 0.261916666667
257 0.26 -0.4 0.261333333333
258 0.26 -0.4 0.265583333333
259 0.26 -0.4 0.275166666667
260 0.26 -0.4 0.27475
261 0.26 -0.4 0.279833333333
262 0.26 -0.4 0.291666666667
263 0.26 -0.4 0.291666666667
264 0.26 -0.4 0.291666666667
265 0.26 -0.4 0.291666666667
266 0.26 -0.4 0.291666666667
267 0.26 -0.3 0.291666666667
268 0.26 -0.3 0.291666666667
269 0.26 -0.25 0.291666666667
270 0.26 -0.2 0.291666666667
271 0.26 -0.1 0.291666666667
272 0.26 -0.1 0.291666666667
273 0.26 -0.1 0.291666666667
274 0.26 -0.1 0.291333333333
275 0.26 -0.1 0.29075
276 0.26 -0.05 0.290416666667
277 0.26 -2.77555756156e-17 0.290833333333
278 0.26 -2.77555756156e-17 0.291583333333
279 0.26 -2.77555756156e-17 0.291666666667
280 0.26 -2.77555756156e-17 0.291666666667
281 0.26 -2.77555756156e-17 0.291666666667
282 0.26 -2.77555756156e-17 0.291666666667
283 0.26 -2.77555756156e-17 0.291666666667
284 0.26 -2.77555756156e-17 0.291666666667
285 0.26 -2.77555756156e-17 0.291666666667
286 0.26 -2.77555756156e-17 0.291666666667
287 0.26 -2.77555756156e-17 0.291666666667
288 0.26 -2.77555756156e-17 0.291666666667
289 0.26 -2.77555756156e-17 0.291666666667
290 0.26 -2.77555756156e-17 0.291666666667
291 0.26 -2.77555756156e-17 0.291666666667
292 0.26 -2.77555756156e-17 0.291666666667
293 0.26 -2.77555756156e-17 0.291666666667
294 0.26 0.1 0.291666666667
295 0.26 0.1 0.291666666667
296 0.26 0.1 0.291666666667
297 0.26 0.1 0.291666666667
298 0.26 0.1 0.291666666667
299 0.26 0.1 0.291666666667
300 0.26 0.1 0.291666666667
301 0.26 0.1 0.291666666667
302 0.26 0.1 0.291666666667
303 0.26 0.1 0.291666666667
304 0.26 0.1 0.291666666667
305 0.26 0.1 0.291666666667
306 0.26 0.1 0.291666666667
307 0.26 0.1 0.291666666667
308 0.26 0.05 0.291666666667
309 0.26 -2.77555756156e-17 0.291666666667
310 0.26 -2.77555756156e-17 0.291666666667
311 0.26 -2.77555756156e-17 0.291666666667
312 0.26 -2.77555756156e-17 0.291666666667
313 0.26 -2.77555756156e-17 0.291666666667
314 0.26 -2.77555756156e-17 0.291583333333
315 0.26 -2.77555756156e-17 0.291166666667
316 0.26 -2.77555756156e-17 0.290583333333
317 0.26 -2.77555756156e-17 0.29025
318 0.26 -2.77555756156e-17 0.29
319 0.26 -2.77555756156e-17 0.289833333333
320 0.26 -2.77555756156e-17 0.28325
321 0.26 -2.77555756156e-17 0.282166666667
322 0.26 -2.77555756156e-17 0.281
323 0.26 -2.77555756156e-17 0.280833333333
324 0.26 -2.77555756156e-17 0.28025
325 0.26 -2.77555756156e-17 0.280083333333
326 0.26 -2.77555756156e-17 0.28
327 0.26 -2.77555756156e-17 0.279833333333
328 0.26 -2.77555756156e-17 0.279833333333
329 0.26 -2.77555756156e-17 0.279916666667
330 0.26 -2.77555756156e-17 0.279666666667
331 0.26 -2.77555756156e-17 0.279583333333
332 0.26 -2.77555756156e-17 0.279583333333
333 0.26 -2.77555756156e-17 0.279833333333
334 0.26 -2.77555756156e-17 0.279333333333
335 0.26 -2.77555756156e-17 0.279333333333
336 0.26 -2.77555756156e-17 0.279333333333
337 0.26 -2.77555756156e-17 0.278666666667
338 0.26 -2.77555756156e-17 0.277083333333
339 0.26 -2.77555756156e-17 0.27675
340 0.26 -2.77555756156e-17 0.274666666667
341 0.26 -2.77555756156e-17 0.272333333333
342 0.26 -2.77555756156e-17 0.271583333333
343 0.26 -2.77555756156e-17 0.271166666667
344 0.26 -2.77555756156e-17 0.271083333333
345 0.26 -2.77555756156e-17 0.270583333333
346 0.26 -2.77555756156e-17 0.270916666667
347 0.26 -2.77555756156e-17 0.271333333333
348 0.26 -2.77555756156e-17 0.271083333333
349 0.26 -2.77555756156e-17 0.271333333333
350 0.26 -2.77555756156e-17 0.271
351 0.26 -2.77555756156e-17 0.271916666667
352 0.26 -2.77555756156e-17 0.27175
353 0.26 -2.77555756156e-17 0.271416666667
354 0.26 -2.77555756156e-17 0.271333333333
355 0.26 -2.77555756156e-17 0.272
356 0.26 -2.77555756156e-17 0.273083333333
357 0.26 -2.77555756156e-17 0.27275
358 0.26 -2.77555756156e-17 0.273833333333
359 0.26 -2.77555756156e-17 0.274416666667
360 0.26 -2.77555756156e-17 0.274333333333
361 0.26 -2.77555756156e-17 0.275333333333
362 0.26 -2.77555756156e-17 0.276916666667
363 0.26 -2.77555756156e-17 0.277
364 0.26 -2.77555756156e-17 0.277583333333
365 0.26 -2.77555756156e-17 0.276583333333
366 0.26 -2.77555756156e-17 0.275333333333
367 0.26 -2.77555756156e-17 0.275333333333
368 0.26 -2.77555756156e-17 0.27425
369 0.26 -2.77555756156e-17 0.272666666667
370 0.26 -2.77555756156e-17 0.2715
371 0.26 -2.77555756156e-17 0.269916666667
372 0.26 -2.77555756156e-17 0.2685
373 0.26 -2.77555756156e-17 0.267916666667
374 0.26 -2.77555756156e-17 0.26825
375 0.26 -2.77555756156e-17 0.26725
376 0.26 -2.77555756156e-17 0.26675
377 0.26 -2.77555756156e-17 0.266833333333
378 0.26 -2.77555756156e-17 0.26625
379 0.26 -2.77555756156e-17 0.265583333333
380 0.26 -2.77555756156e-17 0.26575
381 0.26 -2.77555756156e-17 0.265166666667
382 0.26 -2.77555756156e-17 0.265083333333
383 0.26 -2.77555756156e-17 0.264416666667
384 0.26 -2.77555756156e-17 0.2645
385 0.26 -2.77555756156e-17 0.2645
386 0.26 -2.77555756156e-17 0.263666666667
387 0.26 -2.77555756156e-17 0.263416666667
388 0.26 -2.77555756156e-17 0.262833333333
389 0.26 -2.77555756156e-17 0.26375
390 0.26 -2.77555756156e-17 0.263
391 0.26 -2.77555756156e-17 0.262666666667
392 0.26 -2.77555756156e-17 0.2625
393 0.26 -2.77555756156e-17 0.262
394 0.26 -2.77555756156e-17 0.261833333333
395 0.26 -2.77555756156e-17 0.262333333333
396 0.26 -2.77555756156e-17 0.2615
397 0.26 -2.77555756156e-17 0.2615
398 0.26 -2.77555756156e-17 0.260666666667
399 0.26 -2.77555756156e-17 0.261083333333
400 0.26 -2.77555756156e-17 0.261
401 0.26 -2.77555756156e-17 0.261083333333
402 0.26 -2.77555756156e-17 0.2605
403 0.26 -2.77555756156e-17 0.260666666667
404 0.26 -2.77555756156e-17 0.2605
405 0.26 -2.77555756156e-17 0.260416666667
406 0.26 -2.77555756156e-17 0.26025
407 0.26 -2.77555756156e-17 0.258833333333
408 0.26 -2.77555756156e-17 0.259666666667
409 0.26 -2.77555756156e-17 0.260083333333
410 0.26 -2.77555756156e-17 0.2605
411 0.26 -2.77555756156e-17 0.26075
412 0.26 -2.77555756156e-17 0.262833333333
413 0.26 -2.77555756156e-17 0.262916666667
414 0.26 -2.77555756156e-17 0.263916666667
415 0.26 -2.77555756156e-17 0.2655
416 0.26 -2.77555756156e-17 0.266083333333
417 0.26 -2.77555756156e-17 0.269
418 0.26 -2.77555756156e-17 0.27
419 0.26 -2.77555756156e-17 0.270916666667
420 0.26 -2.77555756156e-17 0.271416666667
421 0.26 -2.77555756156e-17 0.272333333333
422 0.26 -2.77555756156e-17 0.272583333333
423 0.26 -2.77555756156e-17 0.272833333333
424 0.26 -2.77555756156e-17 0.273
425 0.26 -2.77555756156e-17 0.274
426 0.26 -2.77555756156e-17 0.274083333333
427 0.26 -2.77555756156e-17 0.273416666667
428 0.26 -2.77555756156e-17 0.274333333333
429 0.26 -2.77555756156e-17 0.274583333333
430 0.26 -2.77555756156e-17 0.27475
431 0.26 -2.77555756156e-17 0.274833333333
432 0.26 -2.77555756156e-17 0.275
433 0.26 -2.77555756156e-17 0.274916666667
434 0.26 -2.77555756156e-17 0.275083333333
435 0.26 -2.77555756156e-17 0.274166666667
436 0.26 -2.77555756156e-17 0.273583333333
437 0.26 -2.77555756156e-17 0.274583333333
438 0.26 -2.77555756156e-17 0.2745
439 0.26 -2.77555756156e-17 0.273583333333
440 0.26 -2.77555756156e-17 0.272166666667
441 0.26 -2.77555756156e-17 0.271
442 0.26 -2.77555756156e-17 0.27025
443 0.26 -2.77555756156e-17 0.271083333333
444 0.26 -2.77555756156e-17 0.269833333333
445 0.26 -2.77555756156e-17 0.268166666667
446 0.26 -2.77555756156e-17 0.267333333333
447 0.26 -2.77555756156e-17 0.267416666667
448 0.26 -2.77555756156e-17 0.266416666667
449 0.26 -2.77555756156e-17 0.265083333333
450 0.26 -2.77555756156e-17 0.263583333333
451 0.26 -2.77555756156e-17 0.26125
452 0.26 -2.77555756156e-17 0.259083333333
453 0.26 -2.77555756156e-17 0.258833333333
454 0.26 -2.77555756156e-17 0.254833333333
455 0.26 -2.77555756156e-17 0.253666666667
456 0.26 -2.77555756156e-17 0.253083333333
457 0.26 -2.77555756156e-17 0.25325
458 0.26 -2.77555756156e-17 0.253166666667
459 0.26 -2.77555756156e-17 0.254333333333
460 0.26 -2.77555756156e-17 0.257
461 0.26 -2.77555756156e-17 0.26025
462 0.26 -2.77555756156e-17 0.262666666667
463 0.26 -2.77555756156e-17 0.264916666667
464 0.26 -2.77555756156e-17 0.264583333333
465 0.26 -2.77555756156e-17 0.266166666667
466 0.26 -2.77555756156e-17 0.26525
467 0.26 -2.77555756156e-17 0.26275
468 0.26 -2.77555756156e-17 0.258833333333
469 0.26 -2.77555756156e-17 0.254666666667
470 0.26 -2.77555756156e-17 0.251583333333
471 0.26 -2.77555756156e-17 0.25125
472 0.26 -0.05 0.249333333333
473 0.26 -0.1 0.25025
474 0.26 -0.1 0.255166666667
475 0.26 -0.1 0.259083333333
476 0.26 -0.1 0.261083333333
477 0.26 -0.1 0.26325
478 0.26 -0.1 0.263166666667
479 0.26 -0.1 0.261833333333
480 0.26 -0.1 0.262333333333
481 0.26 -0.1 0.263833333333
482 0.26 -0.1 0.260333333333
483 0.26 -0.1 0.2655
484 0.26 -0.1 0.26725
485 0.26 -0.1 0.269666666667
486 0.26 -0.1 0.273833333333
487 0.26 -0.1 0.277333333333
488 0.26 -2.77555756156e-17 0.28025
489 0.26 -2.77555756156e-17 0.282833333333
490 0.26 -2.77555756156e-17 0.286
491 0.26 -2.77555756156e-17 0.286416666667
492 0.26 -2.77555756156e-17 0.289083333333
493 0.26 -2.77555756156e-17 0.29075
494 0.26 -2.77555756156e-17 0.291666666667
495 0.26 -2.77555756156e-17 0.291666666667
496 0.26 -2.77555756156e-17 0.291666666667
497 0.26 -2.77555756156e-17 0.291666666667
498 0.26 -2.77555756156e-17 0.291666666667
499 0.26 -2.77555756156e-17 0.291666666667
500 0.26 -2.77555756156e-17 0.291666666667
501 0.26 -2.77555756156e-17 0.291666666667
502 0.26 -2.77555756156e-17 0.291666666667
503 0.26 -2.77555756156e-17 0.291666666667
504 0.26 -2.77555756156e-17 0.291666666667
505 0.26 -2.77555756156e-17 0.291666666667
506 0.26 -2.77555756156e-17 0.291666666667
507 0.26 -2.77555756156e-17 0.291666666667
508 0.26 -2.77555756156e-17 0.291666666667
509 0.26 -2.77555756156e-17 0.291666666667
510 0.26 -2.77555756156e-17 0.291666666667
511 0.26 -2.77555756156e-17 0.291666666667
512 0.26 -2.77555756156e-17 0.291666666667
513 0.26 -2.77555756156e-17 0.291666666667
514 0.26 -2.77555756156e-17 0.291666666667
515 0.26 -2.77555756156e-17 0.291666666667
516 0.26 -2.77555756156e-17 0.291666666667
517 0.26 -2.77555756156e-17 0.291666666667
518 0.26 -2.77555756156e-17 0.291666666667
519 0.26 -2.77555756156e-17 0.291666666667
520 0.26 -2.77555756156e-17 0.291666666667
521 0.26 -2.77555756156e-17 0.291666666667
522 0.26 -2.77555756156e-17 0.291666666667
523 0.26 -2.77555756156e-17 0.291666666667
524 0.26 -2.77555756156e-17 0.291666666667
525 0.26 -2.77555756156e-17 0.291666666667
526 0.26 -2.77555756156e-17 0.291666666667
527 0.26 -2.77555756156e-17 0.291666666667
528 0.26 -2.77555756156e-17 0.291666666667
529 0.26 -2.77555756156e-17 0.291666666667
530 0.26 -2.77555756156e-17 0.291666666667
531 0.26 -2.77555756156e-17 0.291666666667
532 0.26 -2.77555756156e-17 0.291666666667
533 0.26 -2.77555756156e-17 0.291666666667
534 0.26 -2.77555756156e-17 0.291666666667
535 0.26 -2.77555756156e-17 0.291666666667
536 0.26 -2.77555756156e-17 0.291666666667
537 0.26 -2.77555756156e-17 0.291666666667
538 0.26 -2.77555756156e-17 0.291666666667
539 0.26 -2.77555756156e-17 0.291666666667
540 0.26 -2.77555756156e-17 0.291666666667
541 0.26 -2.77555756156e-17 0.291666666667
542 0.26 -2.77555756156e-17 0.291666666667
543 0.26 -2.77555756156e-17 0.291666666667
544 0.26 -2.77555756156e-17 0.291666666667
545 0.26 -2.77555756156e-17 0.291666666667
546 0.26 -2.77555756156e-17 0.291666666667
547 0.26 -2.77555756156e-17 0.291666666667
548 0.26 -2.77555756156e-17 0.291666666667
549 0.26 -2.77555756156e-17 0.291666666667
550 0.26 -2.77555756156e-17 0.291666666667
551 0.26 -2.77555756156e-17 0.291666666667
552 0.26 -2.77555756156e-17 0.291666666667
553 0.26 -2.77555756156e-17 0.291666666667
554 0.26 -2.77555756156e-17 0.291666666667
555 0.26 -2.77555756156e-17 0.291666666667
556 0.26 -2.77555756156e-17 0.291666666667
557 0.26 -2.77555756156e-17 0.291666666667
558 0.26 -2.77555756156e-17 0.291666666667
559 0.26 -2.77555756156e-17 0.291666666667
560 0.26 -2.77555756156e-17 0.291666666667
561 0.26 -2.77555756156e-17 0.291666666667
562 0.26 -2.77555756156e-17 0.291666666667
563 0.26 -2.77555756156e-17 0.291666666667
564 0.26 -2.77555756156e-17 0.291666666667
565 0.26 -2.77555756156e-17 0.291666666667
566 0.26 -2.77555756156e-17 0.291666666667
567 0.26 -2.77555756156e-17 0.291666666667
568 0.26 -2.77555756156e-17 0.291666666667
569 0.26 -2.77555756156e-17 0.291666666667
570 0.26 -2.77555756156e-17 0.291666666667
571 0.26 -2.77555756156e-17 0.291666666667
572 0.26 -2.77555756156e-17 0.291666666667
573 0.26 -2.77555756156e-17 0.291666666667
574 0.26 -2.77555756156e-17 0.291666666667
575 0.26 -2.77555756156e-17 0.291666666667
