0 0.12 0.0 0.271666666667
1 0.145 0.0 0.2705
2 0.165 0.0 0.271
3 0.185 0.0 0.269666666667
4 0.19 0.0 0.269333333333
5 0.2 -0.05 0.267666666667
6 0.205 -0.1 0.263666666667
7 0.215 -0.15 0.263833333333
8 0.22 -0.2 0.262333333333
9 0.23 -0.2 0.26175
10 0.24 -0.3 0.259833333333
11 0.245 -0.3 0.256583333333
12 0.255 -0.35 0.249583333333
13 0.26 -0.4 0.250666666667
14 0.26 -0.4 0.254833333333
15 0.26 -0.4 0.256916666667
16 0.26 -0.4 0.256166666667
17 0.26 -0.4 0.255333333333
18 0.26 -0.4 0.25425
19 0.26 -0.4 0.253916666667
20 0.26 -0.4 0.254833333333
21 0.26 -0.4 0.254166666667
22 0.26 -0.4 0.254
23 0.26 -0.4 0.252833333333
24 0.26 -0.4 0.252583333333
25 0.26 -0.4 0.256
26 0.26 -0.4 0.255
27 0.26 -0.4 0.25275
28 0.26 -0.4 0.2525
29 0.26 -0.4 0.251416666667
30 0.26 -0.4 0.2505
31 0.26 -0.4 0.257666666667
32 0.26 -0.4 0.2675
33 0.26 -0.4 0.271166666667
34 0.26 -0.4 0.2705
35 0.26 -0.4 0.26975
36 0.26 -0.4 0.2695
37 0.26 -0.3 0.268583333333
38 0.26 -0.25 0.279833333333
39 0.26 -0.2 0.280416666667
40 0.26 -0.15 0.29025
41 0.26 -0.1 0.291666666667
42 0.26 -2.77555756156e-17 0.291666666667
43 0.26 -2.77555756156e-17 0.291666666667
44 0.26 -2.77555756156e-17 0.291666666667
45 0.26 -2.77555756156e-17 0.291666666667
46 0.26 -2.77555756156e-17 0.291666666667
47 0.26 -2.77555756156e-17 0.291666666667
48 0.26 -2.77555756156e-17 0.291666666667
49 0.26 -2.77555756156e-17 0.291666666667
50 0.26 -2.77555756156e-17 0.291666666667
51 0.26 -2.77555756156e-17 0.291666666667
52 0.26 -2.77555756156e-17 0.291666666667
53 0.26 -2.77555756156e-17 0.291666666667
54 0.26 -2.77555756156e-17 0.291666666667
55 0.26 -2.77555756156e-17 0.291666666667
56 0.26 -2.77555756156e-17 0.291666666667
57 0.26 -2.77555756156e-17 0.291666666667
58 0.26 -2.77555756156e-17 0.291666666667
59 0.26 -2.77555756156e-17 0.291666666667
60 0.26 -2.77555756156e-17 0.291666666667
61 0.26 -2.77555756156e-17 0.291666666667
62 0.26 -2.77555756156e-17 0.291666666667
63 0.26 -2.77555756156e-17 0.291666666667
64 0.26 -2.77555756156e-17 0.291666666667
65 0.26 -2.77555756156e-17 0.291666666667
66 0.26 -2.77555756156e-17 0.291666666667
67 0.26 -2.77555756156e-17 0.291666666667
68 0.26 -2.77555756156e-17 0.291666666667
69 0.26 -2.77555756156e-17 0.291666666667
70 0.26 -2.77555756156e-17 0.291666666667
71 0.26 -2.77555756156e-17 0.291666666667
72 0.26 -2.77555756156e-17 0.291666666667
73 0.26 -2.77555756156e-17 0.291666666667
74 0.26 -2.77555756156e-17 0.291666666667
75 0.26 -2.77555756156e-17 0.291666666667
76 0.26 -2.77555756156e-17 0.291666666667
77 0.26 -2.77555756156e-17 0.291666666667
78 0.26 -2.77555756156e-17 0.291666666667
79 0.26 -2.77555756156e-17 0.291666666667
80 0.26 -2.77555756156e-17 0.291666666667
81 0.26 -2.77555756156e-17 0.291666666667
82 0.26 -2.77555756156e-17 0.291666666667
83 0.26 -2.77555756156e-17 0.291666666667
84 0.26 -2.77555756156e-17 0.291666666667
85 0.26 -2.77555756156e-17 0.291666666667
86 0.26 -2.77555756156e-17 0.291666666667
87 0.26 -2.77555756156e-17 0.291666666667
88 0.26 -2.77555756156e-17 0.291666666667
89 0.26 -2.77555756156e-17 0.291666666667
90 0.26 -2.77555756156e-17 0.291666666667
91 0.26 -2.77555756156e-17 0.291666666667
92 0.26 -2.77555756156e-17 0.291666666667
93 0.26 -2.77555756156e-17 0.291666666667
94 0.26 -2.77555756156e-17 0.291666666667
95 0.26 -2.77555756156e-17 0.291666666667
96 0.26 -2.77555756156e-17 0.291666666667
97 0.26 -2.77555756156e-17 0.291666666667
98 0.26 -2.77555756156e-17 0.291666666667
99 0.26 -2.77555756156e-17 0.291666666667
100 0.26 -2.77555756156e-17 0.291666666667
101 0.26 -2.77555756156e-17 0.291666666667
102 0.26 -2.77555756156e-17 0.291666666667
103 0.26 -2.77555756156e-17 0.291666666667
104 0.26 -2.77555756156e-17 0.291666666667
105 0.26 -2.77555756156e-17 0.291666666667
106 0.26 -2.77555756156e-17 0.291666666667
107 0.26 -2.77555756156e-17 0.291666666667
108 0.26 -2.77555756156e-17 0.291666666667
109 0.26 -2.77555756156e-17 0.291666666667
110 0.26 -2.77555756156e-17 0.291666666667
111 0.26 -2.77555756156e-17 0.291666666667
112 0.26 -2.77555756156e-17 0.291666666667
113 0.26 -2.77555756156e-17 0.291666666667
114 0.26 -2.77555756156e-17 0.291666666667
115 0.26 -2.77555756156e-17 0.291666666667
116 0.26 -2.77555756156e-17 0.291666666667
117 0.26 -2.77555756156e-17 0.291666666667
118 0.26 -2.77555756156e-17 0.291666666667
119 0.26 -2.77555756156e-17 0.291666666667
120 0.26 -2.77555756156e-17 0.291666666667
121 0.26 -2.77555756156e-17 0.291666666667
122 0.26 -2.77555756156e-17 0.291666666667
123 0.26 -2.77555756156e-17 0.291666666667
124 0.26 -2.77555756156e-17 0.291666666667
125 0.26 -2.77555756156e-17 0.291666666667
126 0.26 -2.77555756156e-17 0.291666666667
127 0.26 -2.77555756156e-17 0.291666666667
128 0.26 -2.77555756156e-17 0.291666666667
129 0.26 -2.77555756156e-17 0.291666666667
130 0.26 -2.77555756156e-17 0.291666666667
131 0.26 -2.77555756156e-17 0.291666666667
132 0.26 -2.77555756156e-17 0.291666666667
133 0.26 -2.77555756156e-17 0.291666666667
134 0.26 -2.77555756156e-17 0.291666666667
135 0.26 -2.77555756156e-17 0.291666666667
136 0.26 -2.77555756156e-17 0.291666666667
137 0.26 -2.77555756156e-17 0.291666666667
138 0.26 -2.77555756156e-17 0.291666666667
139 0.26 -2.77555756156e-17 0.291666666667
140 0.26 -2.77555756156e-17 0.291666666667
141 0.26 -2.77555756156e-17 0.291666666667
142 0.26 -2.77555756156e-17 0.291666666667
143 0.26 -2.77555756156e-17 0.291666666667
144 0.26 -2.77555756156e-17 0.291666666667
145 0.26 -2.77555756156e-17 0.2915
146 0.26 -2.77555756156e-17 0.291083333333
147 0.26 -2.77555756156e-17 0.290416666667
148 0.26 -2.77555756156e-17 0.289166666667
149 0.26 -2.77555756156e-17 0.28675
150 0.26 -2.77555756156e-17 0.282833333333
151 0.26 -2.77555756156e-17 0.281666666667
152 0.26 -2.77555756156e-17 0.281
153 0.26 -2.77555756156e-17 0.280916666667
154 0.26 -2.77555756156e-17 0.281083333333
155 0.26 -2.77555756156e-17 0.280833333333
156 0.26 -2.77555756156e-17 0.28075
157 0.26 -2.77555756156e-17 0.2805
158 0.26 -2.77555756156e-17 0.2805
159 0.26 -2.77555756156e-17 0.280833333333
160 0.26 -2.77555756156e-17 0.280166666667
161 0.26 -2.77555756156e-17 0.280166666667
162 0.26 -2.77555756156e-17 0.280083333333
163 0.26 -2.77555756156e-17 0.279666666667
164 0.26 -2.77555756156e-17 0.27925
165 0.26 -2.77555756156e-17 0.27825
166 0.26 -2.77555756156e-17 0.27725
167 0.26 -2.77555756156e-17 0.276083333333
168 0.26 -2.77555756156e-17 0.2765
169 0.26 -2.77555756156e-17 0.275416666667
170 0.26 -2.77555756156e-17 0.27425
171 0.26 0.1 0.273166666667
172 0.26 0.1 0.272583333333
173 0.26 0.15 0.272333333333
174 0.26 0.2 0.272166666667
175 0.26 0.2 0.27125
176 0.26 0.3 0.27075
177 0.26 0.3 0.270166666667
178 0.26 0.35 0.269083333333
179 0.26 0.4 0.259166666667
180 0.26 0.4 0.252416666667
181 0.26 0.4 0.24375
182 0.26 0.4 0.249666666667
183 0.26 0.4 0.248416666667
184 0.26 0.4 0.248833333333
185 0.26 0.4 0.249666666667
186 0.26 0.4 0.25525
187 0.26 0.4 0.247833333333
188 0.26 0.4 0.248166666667
189 0.26 0.4 0.246916666667
190 0.26 0.4 0.246583333333
191 0.26 0.4 0.246333333333
192 0.26 0.4 0.256
193 0.26 0.4 0.258666666667
194 0.26 0.4 0.268583333333
195 0.26 0.4 0.261916666667
196 0.26 0.4 0.252083333333
197 0.26 0.4 0.25225
198 0.26 0.4 0.25225
199 0.26 0.4 0.253166666667
200 0.26 0.4 0.25775
201 0.26 0.4 0.267
202 0.26 0.4 0.275416666667
203 0.26 0.4 0.275083333333
204 0.26 0.4 0.275583333333
205 0.26 0.4 0.2765
206 0.26 0.4 0.277
207 0.26 0.4 0.27675
208 0.26 0.4 0.27675
209 0.26 0.4 0.288166666667
210 0.26 0.4 0.291666666667
211 0.26 0.4 0.291666666667
212 0.26 0.4 0.291666666667
213 0.26 0.4 0.291666666667
214 0.26 0.4 0.291666666667
215 0.26 0.4 0.291666666667
216 0.26 0.4 0.291666666667
217 0.26 0.4 0.291666666667
218 0.26 0.4 0.291666666667
219 0.26 0.4 0.291666666667
220 0.26 0.4 0.283833333333
221 0.26 0.4 0.281166666667
222 0.26 0.4 0.28025
223 0.26 0.35 0.267416666667
224 0.26 0.3 0.265833333333
225 0.26 0.3 0.26575
226 0.26 0.3 0.256666666667
227 0.26 0.25 0.253916666667
228 0.26 0.2 0.253833333333
229 0.26 0.2 0.254
230 0.26 0.2 0.254583333333
231 0.26 0.2 0.254833333333
232 0.26 0.2 0.2555
233 0.26 0.2 0.254666666667
234 0.26 0.2 0.255416666667
235 0.26 0.2 0.25575
236 0.26 0.2 0.25575
237 0.26 0.2 0.25625
238 0.26 0.2 0.25525
239 0.26 0.2 0.256833333333
240 0.26 0.2 0.256333333333
241 0.26 0.2 0.256
242 0.26 0.15 0.257
243 0.26 0.1 0.256166666667
244 0.26 2.77555756156e-17 0.257166666667
245 0.26 2.77555756156e-17 0.256333333333
246 0.26 2.77555756156e-17 0.253083333333
247 0.26 2.77555756156e-17 0.2485
248 0.26 2.77555756156e-17 0.246083333333
249 0.26 2.77555756156e-17 0.241916666667
250 0.26 2.77555756156e-17 0.237583333333
251 0.26 2.77555756156e-17 0.231916666667
252 0.26 2.77555756156e-17 0.230333333333
253 0.26 2.77555756156e-17 0.227333333333
254 0.26 2.77555756156e-17 0.223166666667
255 0.26 2.77555756156e-17 0.221833333333
256 0.26 2.77555756156e-17 0.222833333333
257 0.26 2.77555756156e-17 0.223
258 0.26 2.77555756156e-17 0.22375
259 0.26 2.77555756156e-17 0.2245
260 0.26 2.77555756156e-17 0.224916666667
261 0.26 2.77555756156e-17 0.225166666667
262 0.26 2.77555756156e-17 0.225833333333
263 0.26 2.77555756156e-17 0.225666666667
264 0.26 2.77555756156e-17 0.22325
265 0.26 2.77555756156e-17 0.22175
266 0.26 2.77555756156e-17 0.221083333333
267 0.26 2.77555756156e-17 0.22125
268 0.26 2.77555756156e-17 0.2215
269 0.26 2.77555756156e-17 0.222
270 0.26 2.77555756156e-17 0.220583333333
271 0.26 2.77555756156e-17 0.219833333333
272 0.26 2.77555756156e-17 0.219583333333
273 0.26 2.77555756156e-17 0.218833333333
274 0.26 2.77555756156e-17 0.21825
275 0.26 2.77555756156e-17 0.2175
276 0.26 2.77555756156e-17 0.216083333333
277 0.26 2.77555756156e-17 0.2155
278 0.26 2.77555756156e-17 0.214083333333
279 0.26 2.77555756156e-17 0.213416666667
280 0.26 2.77555756156e-17 0.210833333333
281 0.26 2.77555756156e-17 0.210583333333
282 0.26 2.77555756156e-17 0.2075
283 0.26 2.77555756156e-17 0.204833333333
284 0.26 2.77555756156e-17 0.20375
285 0.26 2.77555756156e-17 0.202083333333
286 0.26 2.77555756156e-17 0.199416666667
287 0.26 2.77555756156e-17 0.196916666667
288 0.26 2.77555756156e-17 0.196583333333
289 0.26 2.77555756156e-17 0.196
290 0.26 2.77555756156e-17 0.197333333333
291 0.26 2.77555756156e-17 0.198583333333
292 0.26 2.77555756156e-17 0.19975
293 0.26 2.77555756156e-17 0.200666666667
294 0.26 2.77555756156e-17 0.201833333333
295 0.26 2.77555756156e-17 0.20225
296 0.26 2.77555756156e-17 0.202666666667
297 0.26 2.77555756156e-17 0.202666666667
298 0.26 2.77555756156e-17 0.202916666667
299 0.26 2.77555756156e-17 0.203583333333
300 0.26 2.77555756156e-17 0.20425
301 0.26 2.77555756156e-17 0.203833333333
302 0.26 2.77555756156e-17 0.204583333333
303 0.26 2.77555756156e-17 0.205416666667
304 0.26 2.77555756156e-17 0.206583333333
305 0.26 2.77555756156e-17 0.2085
306 0.26 2.77555756156e-17 0.209416666667
307 0.26 2.77555756156e-17 0.211416666667
308 0.26 2.77555756156e-17 0.2125
309 0.26 2.77555756156e-17 0.21325
310 0.26 2.77555756156e-17 0.214583333333
311 0.26 2.77555756156e-17 0.216166666667
312 0.26 2.77555756156e-17 0.21725
313 0.26 2.77555756156e-17 0.218583333333
314 0.26 2.77555756156e-17 0.2205
315 0.26 2.77555756156e-17 0.222333333333
316 0.26 2.77555756156e-17 0.223166666667
317 0.26 2.77555756156e-17 0.22475
318 0.26 2.77555756156e-17 0.226583333333
319 0.26 2.77555756156e-17 0.227583333333
320 0.26 2.77555756156e-17 0.230083333333
321 0.26 2.77555756156e-17 0.230916666667
322 0.26 2.77555756156e-17 0.233833333333
323 0.26 2.77555756156e-17 0.2375
324 0.26 2.77555756156e-17 0.241416666667
325 0.26 2.77555756156e-17 0.24525
326 0.26 2.77555756156e-17 0.2475
327 0.26 2.77555756156e-17 0.251166666667
328 0.26 2.77555756156e-17 0.2535
329 0.26 2.77555756156e-17 0.253166666667
330 0.26 2.77555756156e-17 0.252
331 0.26 2.77555756156e-17 0.255583333333
332 0.26 2.77555756156e-17 0.25425
333 0.26 2.77555756156e-17 0.252916666667
334 0.26 2.77555756156e-17 0.250833333333
335 0.26 2.77555756156e-17 0.253
336 0.26 2.77555756156e-17 0.255166666667
337 0.26 2.77555756156e-17 0.260416666667
338 0.26 2.77555756156e-17 0.26275
339 0.26 2.77555756156e-17 0.267416666667
340 0.26 2.77555756156e-17 0.272583333333
341 0.26 2.77555756156e-17 0.275833333333
342 0.26 2.77555756156e-17 0.278833333333
343 0.26 2.77555756156e-17 0.281
344 0.26 2.77555756156e-17 0.284916666667
345 0.26 2.77555756156e-17 0.288416666667
346 0.26 2.77555756156e-17 0.29075
347 0.26 2.77555756156e-17 0.291666666667
348 0.26 2.77555756156e-17 0.291666666667
349 0.26 2.77555756156e-17 0.291666666667
350 0.26 2.77555756156e-17 0.291666666667
351 0.26 2.77555756156e-17 0.291666666667
352 0.26 2.77555756156e-17 0.291666666667
353 0.26 2.77555756156e-17 0.291666666667
354 0.26 2.77555756156e-17 0.291666666667
355 0.26 2.77555756156e-17 0.291666666667
356 0.26 2.77555756156e-17 0.291666666667
357 0.26 2.77555756156e-17 0.291666666667
358 0.26 2.77555756156e-17 0.291666666667
359 0.26 2.77555756156e-17 0.291666666667
360 0.26 2.77555756156e-17 0.291666666667
361 0.26 2.77555756156e-17 0.291666666667
362 0.26 2.77555756156e-17 0.291666666667
363 0.26 2.77555756156e-17 0.291666666667
364 0.26 2.77555756156e-17 0.291666666667
365 0.26 0.1 0.291666666667
366 0.26 0.1 0.291666666667
367 0.26 0.1 0.291666666667
368 0.26 0.1 0.291666666667
369 0.26 0.1 0.291666666667
370 0.26 0.1 0.291666666667
371 0.26 0.1 0.291666666667
372 0.26 0.1 0.291666666667
373 0.26 0.1 0.291666666667
374 0.26 0.1 0.291666666667
375 0.26 0.1 0.291666666667
376 0.26 0.1 0.291666666667
377 0.26 0.1 0.291666666667
378 0.26 0.1 0.291666666667
379 0.26 0.1 0.291666666667
380 0.26 0.1 0.291666666667
381 0.26 0.1 0.291666666667
382 0.26 0.1 0.291666666667
383 0.26 0.05 0.291666666667
384 0.26 2.77555756156e-17 0.291666666667
385 0.26 2.77555756156e-17 0.291666666667
386 0.26 2.77555756156e-17 0.291666666667
387 0.26 2.77555756156e-17 0.291666666667
388 0.26 2.77555756156e-17 0.291666666667
389 0.26 2.77555756156e-17 0.291666666667
390 0.26 2.77555756156e-17 0.291666666667
391 0.26 2.77555756156e-17 0.291666666667
392 0.26 2.77555756156e-17 0.291666666667
393 0.26 2.77555756156e-17 0.291666666667
394 0.26 2.77555756156e-17 0.291666666667
395 0.26 2.77555756156e-17 0.291666666667
396 0.26 2.77555756156e-17 0.291666666667
397 0.26 2.77555756156e-17 0.291666666667
398 0.26 2.77555756156e-17 0.291666666667
399 0.26 2.77555756156e-17 0.291666666667
400 0.26 2.77555756156e-17 0.291666666667
401 0.26 2.77555756156e-17 0.291666666667
402 0.26 2.77555756156e-17 0.291666666667
403 0.26 2.77555756156e-17 0.291666666667
404 0.26 2.77555756156e-17 0.291666666667
405 0.26 2.77555756156e-17 0.291666666667
406 0.26 2.77555756156e-17 0.291666666667
407 0.26 2.77555756156e-17 0.291666666667
408 0.26 2.77555756156e-17 0.291666666667
409 0.26 2.77555756156e-17 0.291666666667
410 0.26 2.77555756156e-17 0.291666666667
411 0.26 2.77555756156e-17 0.291666666667
412 0.26 2.77555756156e-17 0.291666666667
413 0.26 2.77555756156e-17 0.291666666667
414 0.26 2.77555756156e-17 0.291666666667
415 0.26 2.77555756156e-17 0.291666666667
416 0.26 2.77555756156e-17 0.291666666667
417 0.26 2.77555756156e-17 0.291666666667
418 0.26 2.77555756156e-17 0.291666666667
419 0.26 2.77555756156e-17 0.291666666667
420 0.26 2.77555756156e-17 0.291666666667
421 0.26 2.77555756156e-17 0.291666666667
422 0.26 2.77555756156e-17 0.291666666667
423 0.26 2.77555756156e-17 0.291666666667
424 0.26 2.77555756156e-17 0.291666666667
425 0.26 2.77555756156e-17 0.291666666667
426 0.26 2.77555756156e-17 0.291666666667
427 0.26 2.77555756156e-17 0.291666666667
428 0.26 2.77555756156e-17 0.291666666667
429 0.26 2.77555756156e-17 0.291666666667
430 0.26 2.77555756156e-17 0.291666666667
431 0.26 2.77555756156e-17 0.291666666667
432 0.26 2.77555756156e-17 0.291666666667
433 0.26 2.77555756156e-17 0.291666666667
434 0.26 2.77555756156e-17 0.291666666667
435 0.26 2.77555756156e-17 0.291666666667
436 0.26 2.77555756156e-17 0.291666666667
437 0.26 2.77555756156e-17 0.291666666667
438 0.26 2.77555756156e-17 0.291666666667
439 0.26 2.77555756156e-17 0.291666666667
440 0.26 2.77555756156e-17 0.291666666667
441 0.26 2.77555756156e-17 0.291666666667
442 0.26 2.77555756156e-17 0.291666666667
443 0.26 2.77555756156e-17 0.291666666667
444 0.26 2.77555756156e-17 0.291666666667
445 0.26 2.77555756156e-17 0.291666666667
446 0.26 2.77555756156e-17 0.291666666667
447 0.26 2.77555756156e-17 0.291666666667
448 0.26 2.77555756156e-17 0.291666666667
449 0.26 2.77555756156e-17 0.291666666667
450 0.26 2.77555756156e-17 0.291666666667
451 0.26 2.77555756156e-17 0.291666666667
452 0.26 2.77555756156e-17 0.291666666667
453 0.26 2.77555756156e-17 0.291666666667
454 0.26 2.77555756156e-17 0.291666666667
455 0.26 2.77555756156e-17 0.291666666667
456 0.26 2.77555756156e-17 0.291666666667
457 0.26 2.77555756156e-17 0.291666666667
458 0.26 2.77555756156e-17 0.291666666667
459 0.26 2.77555756156e-17 0.291666666667
460 0.26 2.77555756156e-17 0.291666666667
461 0.26 2.77555756156e-17 0.291666666667
462 0.26 2.77555756156e-17 0.291666666667
463 0.26 2.77555756156e-17 0.291666666667
464 0.26 2.77555756156e-17 0.291666666667
465 0.26 2.77555756156e-17 0.291666666667
466 0.26 2.77555756156e-17 0.291666666667
467 0.26 2.77555756156e-17 0.291666666667
468 0.26 2.77555756156e-17 0.291666666667
469 0.26 0.1 0.291666666667
470 0.26 0.15 0.291666666667
471 0.26 0.2 0.291666666667
472 0.26 0.2 0.291666666667
473 0.26 0.2 0.291666666667
474 0.26 0.2 0.291666666667
475 0.26 0.2 0.291666666667
476 0.26 0.2 0.291666666667
477 0.26 0.2 0.291666666667
478 0.26 0.2 0.291666666667
479 0.26 0.2 0.291666666667
480 0.26 0.2 0.291666666667
481 0.26 0.2 0.291666666667
482 0.26 0.15 0.291666666667
483 0.26 0.1 0.291666666667
484 0.26 2.77555756156e-17 0.291666666667
485 0.26 2.77555756156e-17 0.291666666667
486 0.26 2.77555756156e-17 0.291666666667
487 0.26 2.77555756156e-17 0.291666666667
488 0.26 2.77555756156e-17 0.291666666667
489 0.26 2.77555756156e-17 0.291666666667
490 0.26 2.77555756156e-17 0.28975
491 0.26 2.77555756156e-17 0.287833333333
492 0.26 2.77555756156e-17 0.282583333333
493 0.26 2.77555756156e-17 0.282083333333
494 0.26 2.77555756156e-17 0.27825
495 0.26 2.77555756156e-17 0.274416666667
496 0.26 2.77555756156e-17 0.270583333333
497 0.26 2.77555756156e-17 0.26675
498 0.26 2.77555756156e-17 0.264583333333
499 0.26 2.77555756156e-17 0.261
500 0.26 2.77555756156e-17 0.257166666667
501 0.26 2.77555756156e-17 0.253333333333
502 0.26 2.77555756156e-17 0.251416666667
503 0.26 2.77555756156e-17 0.247583333333
504 0.26 2.77555756156e-17 0.24375
505 0.26 2.77555756156e-17 0.239916666667
506 0.26 2.77555756156e-17 0.236083333333
507 0.26 2.77555756156e-17 0.23225
508 0.26 2.77555756156e-17 0.230333333333
509 0.26 2.77555756156e-17 0.2265
510 0.26 2.77555756156e-17 0.224583333333
511 0.26 2.77555756156e-17 0.22075
512 0.26 2.77555756156e-17 0.216916666667
513 0.26 2.77555756156e-17 0.213083333333
514 0.26 2.77555756156e-17 0.20925
515 0.26 2.77555756156e-17 0.207333333333
516 0.26 2.77555756156e-17 0.2035
517 0.26 2.77555756156e-17 0.199666666667
518 0.26 2.77555756156e-17 0.19775
519 0.26 2.77555756156e-17 0.193916666667
520 0.26 2.77555756156e-17 0.190083333333
521 0.26 2.77555756156e-17 0.18625
522 0.26 2.77555756156e-17 0.184333333333
523 0.26 2.77555756156e-17 0.1805
524 0.26 2.77555756156e-17 0.176666666667
525 0.26 2.77555756156e-17 0.17475
526 0.26 2.77555756156e-17 0.170916666667
527 0.26 2.77555756156e-17 0.167083333333
528 0.26 2.77555756156e-17 0.16325
529 0.26 2.77555756156e-17 0.159416666667
530 0.26 2.77555756156e-17 0.15725
531 0.26 2.77555756156e-17 0.153666666667
532 0.26 2.77555756156e-17 0.149833333333
533 0.26 2.77555756156e-17 0.146
534 0.26 2.77555756156e-17 0.144083333333
535 0.26 2.77555756156e-17 0.14025
536 0.26 2.77555756156e-17 0.136416666667
537 0.26 2.77555756156e-17 0.1345
538 0.26 2.77555756156e-17 0.130666666667
539 0.26 2.77555756156e-17 0.126833333333
540 0.26 2.77555756156e-17 0.123
541 0.26 2.77555756156e-17 0.121083333333
542 0.26 2.77555756156e-17 0.11725
543 0.26 2.77555756156e-17 0.113416666667
544 0.26 2.77555756156e-17 0.109583333333
545 0.26 2.77555756156e-17 0.10675
546 0.26 2.77555756156e-17 0.103833333333
547 0.26 2.77555756156e-17 0.1
548 0.26 2.77555756156e-17 0.1
549 0.26 2.77555756156e-17 0.1
550 0.26 2.77555756156e-17 0.1
551 0.26 2.77555756156e-17 0.1
552 0.26 2.77555756156e-17 0.1
553 0.26 2.77555756156e-17 0.1
554 0.26 2.77555756156e-17 0.1
555 0.26 2.77555756156e-17 0.1
556 0.26 2.77555756156e-17 0.1
557 0.26 2.77555756156e-17 0.1
558 0.26 2.77555756156e-17 0.1
559 0.26 2.77555756156e-17 0.1
560 0.26 2.77555756156e-17 0.1
561 0.26 2.77555756156e-17 0.1
562 0.26 2.77555756156e-17 0.1
563 0.26 2.77555756156e-17 0.1
564 0.26 2.77555756156e-17 0.1
565 0.26 2.77555756156e-17 0.1
566 0.26 2.77555756156e-17 0.1
567 0.26 2.77555756156e-17 0.1
568 0.26 2.77555756156e-17 0.1
569 0.26 2.77555756156e-17 0.1
570 0.26 2.77555756156e-17 0.1
571 0.26 2.77555756156e-17 0.1
572 0.26 2.77555756156e-17 0.1
573 0.26 2.77555756156e-17 0.1
574 0.26 2.77555756156e-17 0.1
575 0.26 2.77555756156e-17 0.1
576 0.26 2.77555756156e-17 0.1
577 0.26 2.77555756156e-17 0.1
578 0.26 2.77555756156e-17 0.1
579 0.26 2.77555756156e-17 0.1
580 0.26 2.77555756156e-17 0.1
581 0.26 2.77555756156e-17 0.1
582 0.26 2.77555756156e-17 0.1
583 0.26 2.77555756156e-17 0.1
584 0.26 2.77555756156e-17 0.1
585 0.26 2.77555756156e-17 0.1
586 0.26 2.77555756156e-17 0.1
587 0.26 2.77555756156e-17 0.1
588 0.26 2.77555756156e-17 0.1
589 0.26 2.77555756156e-17 0.1
