0 0.24 0.1 0.0
1 0.25 0.1 0.0
2 0.26 0.1 0.0
3 0.26 0.15 0.0
4 0.26 0.2 0.0
5 0.26 0.3 0.0
6 0.26 0.3 0.0
7 0.26 0.3 0.05
8 0.26 0.3 0.1625
9 0.26 0.3 0.24375
10 0.26 0.3 0.30925
11 0.26 0.3 0.4125
12 0.26 0.3 0.475
13 0.26 0.3 0.5625
14 0.26 0.3 0.64375
15 0.26 0.3 0.63125
16 0.26 0.3 0.54375
17 0.0 0.0 0.43125
18 0.0 0.0 0.3125
19 0.0 0.0 0.0348333333333
20 0.01 0.0 0.0
21 0.01 0.0 0.0
22 0.015 0.0 0.0
23 0.05 0.0 0.0
24 0.085 0.0 0.0
25 0.11 0.0 0.0
26 0.145 0.0 0.0
27 0.18 0.0 0.0
28 0.205 0.0 0.0
29 0.245 0.0 0.0
30 0.26 0.0 0.0
31 0.26 0.0 0.0
32 0.26 0.0 0.0
33 0.26 0.0 0.0
34 0.26 0.0 0.0
35 0.26 0.0 0.0
36 0.26 0.0 0.0
37 0.26 0.0 0.0
38 0.26 0.0 0.0
39 0.26 0.0 0.0
40 0.26 0.0 0.0
41 0.26 0.0 0.0
42 0.26 0.0 0.0
43 0.26 0.0 0.0
44 0.26 0.0 0.0
45 0.26 0.0 0.0
46 0.26 0.0 0.0
47 0.26 0.0 0.0
48 0.26 0.0 0.0
49 0.26 0.0 0.0
50 0.26 0.0 0.0
51 0.26 0.0 0.0
52 0.26 -0.1 0.0
53 0.26 -0.1 0.0
54 0.26 -0.1 0.0
55 0.26 -0.1 0.0
56 0.26 -0.1 0.0
57 0.26 -0.1 0.0
58 0.26 -0.1 0.0
59 0.26 -0.1 0.0
60 0.26 -0.1 0.0
61 0.26 -0.1 0.0
62 0.26 -0.1 0.0
63 0.26 -0.1 0.0
64 0.26 -0.2 0.0
65 0.26 -0.2 0.0
66 0.26 -0.2 0.0
67 0.26 -0.2 0.0
68 0.26 -0.2 0.0
69 0.26 -0.2 0.0
70 0.26 -0.2 0.0
71 0.26 -0.2 0.0
72 0.26 -0.2 0.0
73 0.26 -0.2 0.0
74 0.26 -0.2 0.0
75 0.26 -0.2 0.0
76 0.26 -0.2 0.0
77 0.26 -0.2 0.0
78 0.26 -0.2 0.0
79 0.26 -0.2 0.0
80 0.26 -0.15 0.0
81 0.26 -0.1 0.0
82 0.26 -0.1 0.0
83 0.26 -0.1 0.0
84 0.26 -0.1 0.0
85 0.26 -0.05 0.0
86 0.26 0.0 0.0
87 0.26 0.0 0.0
88 0.26 0.0 0.0
89 0.26 0.0 0.0
90 0.26 0.0 0.0
91 0.26 0.0 0.0
92 0.26 0.0 0.0
93 0.26 0.0 0.0
94 0.26 0.0 0.0
95 0.26 0.0 0.0
96 0.26 0.0 0.0
97 0.26 0.0 0.0
98 0.26 0.0 0.0
99 0.26 0.0 0.0
100 0.26 0.0 0.0
101 0.26 0.0 0.0
102 0.26 0.0 0.0
103 0.26 0.0 0.0
104 0.26 -0.1 0.0
105 0.26 -0.1 0.0
106 0.26 -0.1 0.0
107 0.26 -0.1 0.0
108 0.26 -0.1 0.0
109 0.26 -0.2 0.0
110 0.26 -0.2 0.0
111 0.26 -0.2 0.0
112 0.26 -0.25 0.0
113 0.26 -0.3 0.0
114 0.26 -0.35 0.0
115 0.26 -0.4 0.0
116 0.26 -0.4 0.0
117 0.26 -0.4 0.0
118 0.26 -0.4 0.0
119 0.26 -0.4 0.0
120 0.26 -0.4 0.0
121 0.26 -0.4 0.0
122 0.26 -0.4 0.0
123 0.26 -0.4 0.0
124 0.0 0.0 0.0
125 0.005 0.0 0.0
126 0.01 0.0 0.0
127 0.01 0.0 0.0
128 0.03 0.0 0.0
129 0.06 0.0 0.0
130 0.085 0.0 0.0
131 0.115 0.0 0.0
132 0.14 0.0 0.0
133 0.165 0.0 0.0
134 0.195 0.0 0.0
135 0.225 0.0 0.0
136 0.26 0.0 0.0
137 0.26 0.0 0.0
138 0.26 0.0 0.0
139 0.26 0.0 0.0
140 0.26 0.0 0.0
141 0.26 0.0 0.0
142 0.26 0.0 0.0
143 0.26 0.0 0.0
144 0.26 -0.05 0.0
145 0.26 -0.1 0.0
146 0.26 -0.1 0.0
147 0.26 -0.1 0.0
148 0.26 -0.1 0.01875
149 0.26 -0.1 0.04375
150 0.26 -0.1 0.06875
151 0.26 -0.1 0.0875
152 0.26 -0.1 0.1125
153 0.26 -0.1 0.130833333333
154 0.26 -0.1 0.128333333333
155 0.26 -0.1 0.129
156 0.26 -0.1 0.123
157 0.26 -0.1 0.125333333333
158 0.26 -0.1 0.122083333333
159 0.26 -0.1 0.11875
160 0.26 -0.1 0.1145
161 0.26 -0.1 0.1055
162 0.26 -0.1 0.0995833333333
163 0.26 -0.2 0.0938333333333
164 0.26 -0.2 0.08225
165 0.26 -0.2 0.0685833333333
166 0.26 -0.2 0.0570833333333
167 0.26 -0.2 0.03525
168 0.26 -0.2 0.024
169 0.26 -0.2 0.01725
170 0.26 -0.2 0.00866666666667
171 0.26 -0.2 0.0
172 0.26 -0.2 0.0
173 0.26 -0.2 0.0
174 0.26 -0.2 0.0
175 0.26 -0.2 0.0
176 0.26 -0.2 0.0
177 0.26 -0.2 0.0
178 0.26 -0.2 0.0
179 0.26 -0.2 0.0
180 0.26 -0.2 0.0
181 0.26 -0.2 0.0
182 0.26 -0.2 0.0
183 0.26 -0.2 0.0
184 0.26 -0.2 0.0
185 0.26 -0.2 0.0
186 0.26 -0.2 0.0
187 0.26 -0.2 0.0
188 0.26 -0.2 0.0
189 0.26 -0.2 0.0
190 0.26 -0.2 0.0
191 0.26 -0.2 0.0
192 0.26 -0.2 0.0
193 0.26 -0.2 0.0
194 0.26 -0.2 0.0
195 0.0 0.0 0.00625
196 0.0 0.0 0.0
197 0.0 0.0 0.0
198 0.0 0.1 0.0
199 0.0 0.1 0.0
200 0.0 0.1 0.0
201 0.0 0.35 0.0
202 0.0 0.6 0.00625
203 0.0 0.9 0.0
204 0.0 1.0 0.0
205 0.0 1.1 0.0
206 0.0 0.0 0.0
207 0.0 0.0 0.0
208 0.01 0.0 0.0
209 0.01 0.0 0.0
210 0.015 0.0 0.0
211 0.05 0.0 0.0
212 0.075 0.0 0.0
213 0.105 0.0 0.0
214 0.14 0.0 0.0
215 0.175 0.0 0.0
216 0.205 0.0 0.0
217 0.235 0.0 0.0
218 0.26 0.0 0.0
219 0.26 0.0 0.0
220 0.26 0.0 0.0
221 0.26 0.0 0.0
222 0.26 0.0 0.0
223 0.26 0.0 0.0
224 0.26 0.0 0.0
225 0.26 0.0 0.0
226 0.26 0.0 0.0
227 0.26 0.0 0.0
228 0.26 0.0 0.0
229 0.26 0.0 0.0
230 0.26 0.0 0.0
231 0.26 0.0 0.0
232 0.26 -0.1 0.0
233 0.26 -0.1 0.0
234 0.26 -0.1 0.0
235 0.26 -0.1 0.0
236 0.26 -0.1 0.0
237 0.26 -0.1 0.0
238 0.26 -0.2 0.0
239 0.26 -0.2 0.0
240 0.26 -0.2 0.0
241 0.26 -0.2 0.0
242 0.26 -0.2 0.0
243 0.26 -0.2 0.0
244 0.26 -0.2 0.0
245 0.26 -0.2 0.0
246 0.26 -0.2 0.0
247 0.26 -0.2 0.0
248 0.26 -0.2 0.0
249 0.26 -0.2 0.0
250 0.26 -0.2 0.0
251 0.26 -0.2 0.0
252 0.26 -0.2 0.0
253 0.26 -0.2 0.0
254 0.26 -0.2 0.0
255 0.26 -0.2 0.0
256 0.26 -0.2 0.0
257 0.26 -0.2 0.0
258 0.26 -0.2 0.0
259 0.26 -0.2 0.0
260 0.26 -0.2 0.0
261 0.26 -0.2 0.0
262 0.0 0.0 0.0375
263 0.0 0.0 0.08125
264 0.0 -0.05 0.0375
265 0.0 -0.1 0.0
266 0.0 -0.1 0.0
267 0.0 -0.45 0.0
268 0.0 -0.75 0.0
269 0.0 -1.1 0.0
270 0.0 -1.15 0.0
271 0.0 -1.3 0.15725
272 0.0 0.0 0.510166666667
273 0.0 0.0 0.60875
274 0.0 0.0 0.608666666667
275 0.01 0.0 0.60875
276 0.01 0.0 0.60875
277 0.02 0.0 0.608666666667
278 0.05 0.0 0.608583333333
279 0.085 0.0 0.608416666667
280 0.12 0.0 0.603916666667
281 0.15 0.0 0.612666666667
282 0.185 0.0 0.613916666667
283 0.22 0.0 0.616
284 0.255 0.0 0.6155
285 0.26 0.0 0.621166666667
286 0.26 0.0 0.62075
287 0.26 0.0 0.62
288 0.26 0.0 0.6135
289 0.26 0.0 0.607666666667
290 0.26 0.0 0.60675
291 0.26 0.0 0.605
292 0.26 0.0 0.598833333333
293 0.26 0.0 0.598083333333
294 0.26 0.0 0.59625
295 0.26 0.0 0.59475
296 0.26 0.0 0.593416666667
297 0.26 0.0 0.591416666667
298 0.26 0.0 0.589833333333
