0 0.26 0.0 0.0
1 0.26 0.0 0.0
2 0.26 0.0 0.0
3 0.26 0.0 0.0
4 0.26 0.0 0.0
5 0.26 0.0 0.0
6 0.26 0.0 0.0
7 0.26 0.0 0.0
8 0.26 0.0 0.0
9 0.26 0.0 0.0
10 0.26 0.0 0.0
11 0.26 0.0 0.0
12 0.26 0.0 0.0
13 0.26 0.0 0.0
14 0.26 0.0 0.0
15 0.26 -0.05 0.0
16 0.26 -0.1 0.0
17 0.26 -0.2 0.0
18 0.26 -0.25 0.0
19 0.26 -0.3 0.0
20 0.26 -0.4 0.0
21 0.26 -0.45 0.0
22 0.26 -0.5 0.0
23 0.26 -0.5 0.0
24 0.26 -0.5 0.0
25 0.26 -0.5 0.0
26 0.26 -0.5 0.0
27 0.26 -0.5 0.0
28 0.26 -0.5 0.0
29 0.0 0.0 0.0
30 0.0 0.0 0.0
31 0.0 0.0 0.0
32 0.0 0.0 0.0
33 0.0 0.0 0.0
34 0.0 0.0 0.0
35 0.005 0.0 0.0
36 0.01 0.0 0.0
37 0.01 0.0 0.0
38 0.025 0.0 0.0
39 0.055 0.0 0.0
40 0.085 0.0 0.0
41 0.115 0.0 0.0
42 0.14 0.0 0.0
43 0.17 0.0 0.0
44 0.2 0.0 0.0
45 0.22 0.0 0.0
46 0.235 0.05 0.0
47 0.245 0.1 0.0
48 0.26 0.2 0.0
49 0.26 0.25 0.0
50 0.26 0.3 0.0
51 0.26 0.4 0.0
52 0.26 0.45 0.0
53 0.26 0.5 0.0
54 0.26 0.6 0.0
55 0.26 0.6 0.0
56 0.26 0.6 0.0
57 0.26 0.6 0.0
58 0.26 0.6 0.05625
59 0.26 0.6 0.2165
60 0.26 0.6 0.3125
61 0.26 0.6 0.3095
62 0.26 0.6 0.29375
63 0.26 0.6 0.14375
64 0.26 0.6 0.03125
65 0.0 0.0 0.2
66 0.0 0.0 0.36875
67 0.0 0.0 0.44375
68 0.0 -0.05 0.4375
69 0.0 -0.1 0.44375
70 0.0 -0.1 0.44375
71 0.0 -0.1 0.44375
72 0.0 -0.35 0.4125
73 0.0 -0.45 0.35
74 0.0 0.0 0.23125
75 0.0 0.0 0.09375
76 0.005 0.0 0.05625
77 0.01 0.0 0.0434166666667
78 0.01 0.0 0.04375
79 0.01 0.0 0.04375
80 0.035 0.0 0.05
81 0.065 0.0 0.05625
82 0.095 0.0 0.0625
83 0.115 0.0 0.0625
84 0.125 0.0 0.0625
85 0.13 0.0 0.05625
86 0.14 0.0 0.0536666666667
87 0.145 0.0 0.05
88 0.16 0.0 0.05
89 0.165 0.0 0.05
90 0.175 0.0 0.04375
91 0.19 0.0 0.04375
92 0.2 0.0 0.0375
93 0.21 0.0 0.03125
94 0.22 0.0 0.03125
95 0.225 0.0 0.025
96 0.235 0.0 0.01875
97 0.245 0.0 0.0125
98 0.255 0.0 0.0125
99 0.26 0.0 0.0
100 0.26 0.0 0.0
101 0.26 0.0 0.0
102 0.26 0.0 0.0
103 0.26 0.0 0.0
104 0.26 0.0 0.0
105 0.26 0.0 0.0
106 0.26 0.0 0.0
107 0.26 0.0 0.0
108 0.26 0.0 0.0
109 0.26 0.0 0.0
110 0.26 0.0 0.0
111 0.26 0.0 0.0
112 0.26 0.0 0.0
113 0.26 0.0 0.0
114 0.26 0.0 0.0
115 0.26 0.0 0.0
116 0.26 0.0 0.0
117 0.26 0.0 0.0
118 0.26 0.0 0.0
119 0.26 0.0 0.0
120 0.26 0.0 0.0
121 0.26 0.0 0.0
122 0.26 0.0 0.0
123 0.26 0.0 0.0
124 0.26 0.0 0.0
125 0.26 0.0 0.0
126 0.26 0.0 0.0
127 0.26 0.0 0.0
128 0.26 0.0 0.0
129 0.26 0.0 0.0
130 0.26 0.0 0.0
131 0.26 0.0 0.0
132 0.26 0.0 0.0
133 0.26 0.0 0.0
134 0.26 0.0 0.0
135 0.26 0.0 0.0
136 0.26 0.0 0.0
137 0.26 0.1 0.0
138 0.26 0.2 0.0
139 0.26 0.25 0.0
140 0.26 0.3 0.0
141 0.26 0.4 0.0
142 0.26 0.45 0.0
143 0.26 0.5 0.0
144 0.26 0.5 0.0
145 0.26 0.5 0.004
146 0.26 0.5 0.0916666666667
147 0.26 0.5 0.108333333333
148 0.26 0.5 0.0833333333333
149 0.26 0.5 0.0
150 0.0 0.0 0.0
151 0.0 0.0 0.0
152 0.0 0.0 0.0
153 0.0 0.0 0.0
154 0.0 0.0 0.0
155 0.0 0.05 0.0
156 0.0 0.1 0.0
157 0.0 0.1 0.0
158 0.0 0.25 0.0
159 0.0 0.5 0.0
160 0.0 0.65 0.0
161 0.0 0.0 0.0
162 0.0 0.0 0.0
163 0.0 0.0 0.0
164 0.01 0.0 0.0
165 0.01 0.0 0.0
166 0.01 0.0 0.0
167 0.035 0.0 0.0
168 0.06 0.0 0.0
169 0.085 0.0 0.0
170 0.115 0.0 0.0
171 0.14 0.0 0.0
172 0.165 0.0 0.0
173 0.195 0.0 0.0
174 0.22 0.0 0.0
175 0.25 0.0 0.0
176 0.26 0.0 0.0
177 0.26 0.0 0.0
178 0.26 0.0 0.0
179 0.26 0.0 0.0
180 0.26 0.0 0.0
181 0.26 0.0 0.0
182 0.26 0.0 0.0
183 0.26 0.0 0.0
184 0.26 0.0 0.0
185 0.26 0.0 0.0
186 0.26 0.0 0.0
187 0.26 0.0 0.0
188 0.26 -0.1 0.0
189 0.26 -0.1 0.0
190 0.26 -0.15 0.0
191 0.26 -0.4 0.0
192 0.26 -0.7 0.0
193 0.26 -0.9 0.0
194 0.26 -0.95 0.0
195 0.26 -1.05 0.0
196 0.26 -1.15 0.0
197 0.26 -1.2 0.0125
198 0.26 -1.3 0.33125
199 0.0 0.0 0.66875
200 0.0 0.0 0.75
201 0.0 0.0 0.7375
202 0.0 0.05 0.71875
203 0.0 0.1 0.74375
204 0.0 0.1 0.75
