0 0.26 0.0 0.0
1 0.26 0.1 0.0
2 0.26 0.15 0.0
3 0.26 0.2 0.0
4 0.26 0.3 0.0
5 0.26 0.3 0.0
6 0.26 0.3 0.0125
7 0.26 0.3 0.13125
8 0.26 0.3 0.1875
9 0.26 0.3 0.29375
10 0.26 0.3 0.39375
11 0.26 0.3 0.4875
12 0.26 0.3 0.575
13 0.26 0.3 0.64375
14 0.26 0.3 0.6375
15 0.26 0.3 0.55
16 0.26 0.2 0.45
17 0.26 0.1 0.35625
18 0.26 0.1 0.3
19 0.26 0.1 0.25
20 0.26 0.05 0.20625
21 0.26 2.77555756156e-17 0.157083333333
22 0.26 2.77555756156e-17 0.1375
23 0.26 2.77555756156e-17 0.11875
24 0.26 2.77555756156e-17 0.1
25 0.26 2.77555756156e-17 0.08125
26 0.26 2.77555756156e-17 0.05625
27 0.26 2.77555756156e-17 0.0375
28 0.26 2.77555756156e-17 0.021
29 0.26 2.77555756156e-17 0.00625
30 0.26 2.77555756156e-17 0.0
31 0.26 2.77555756156e-17 0.0
32 0.26 2.77555756156e-17 0.0
33 0.26 2.77555756156e-17 0.0
34 0.26 2.77555756156e-17 0.0
35 0.26 2.77555756156e-17 0.0
36 0.26 2.77555756156e-17 0.0
37 0.26 2.77555756156e-17 0.0
38 0.26 2.77555756156e-17 0.0
39 0.26 2.77555756156e-17 0.0
40 0.26 2.77555756156e-17 0.0
41 0.26 2.77555756156e-17 0.0
42 0.26 2.77555756156e-17 0.0
43 0.26 2.77555756156e-17 0.0
44 0.26 2.77555756156e-17 0.0
45 0.26 2.77555756156e-17 0.0
46 0.26 2.77555756156e-17 0.0
47 0.26 2.77555756156e-17 0.0
48 0.26 2.77555756156e-17 0.0
49 0.26 2.77555756156e-17 0.0
50 0.26 2.77555756156e-17 0.0
51 0.26 2.77555756156e-17 0.0
52 0.26 2.77555756156e-17 0.0
53 0.26 2.77555756156e-17 0.0
54 0.26 2.77555756156e-17 0.0
55 0.26 2.77555756156e-17 0.0
56 0.26 2.77555756156e-17 0.0
57 0.26 2.77555756156e-17 0.0
58 0.26 2.77555756156e-17 0.0
59 0.26 2.77555756156e-17 0.0
60 0.26 2.77555756156e-17 0.0
61 0.26 2.77555756156e-17 0.0
62 0.26 2.77555756156e-17 0.0
63 0.26 2.77555756156e-17 0.0
64 0.26 2.77555756156e-17 0.0
65 0.26 2.77555756156e-17 0.0
66 0.26 2.77555756156e-17 0.0
67 0.26 2.77555756156e-17 0.0
68 0.26 2.77555756156e-17 0.0
69 0.26 2.77555756156e-17 0.0
70 0.26 2.77555756156e-17 0.0
71 0.26 -0.05 0.0
72 0.26 -0.1 0.0
73 0.26 -0.1 0.0
74 0.26 -0.1 0.0
75 0.26 -0.1 0.0
76 0.26 -0.1 0.0
77 0.26 -0.1 0.0
78 0.26 -0.1 0.0
79 0.26 -0.1 0.0
80 0.26 -0.1 0.0
81 0.26 -0.1 0.0
82 0.26 -0.1 0.0
83 0.26 -0.1 0.0
84 0.26 -0.1 0.0
85 0.26 -0.1 0.0
86 0.26 -0.1 0.0
87 0.26 -0.1 0.0
88 0.26 -0.1 0.0
89 0.26 -0.1 0.0
90 0.26 -0.1 0.0
91 0.26 -0.1 0.0
92 0.26 -0.1 0.0
93 0.26 -0.1 0.0
94 0.26 -0.1 0.0
95 0.26 -0.1 0.0
96 0.26 -0.2 0.0
97 0.26 -0.2 0.0
98 0.26 -0.45 0.0
99 0.26 -0.55 0.0
100 0.26 -0.65 0.0
101 0.26 -0.7 0.0
102 0.26 -0.7 0.0
103 0.26 -0.7 0.0
104 0.26 -0.7 0.0
105 0.26 -0.7 0.0
106 0.26 -0.7 0.0
107 0.26 -0.7 0.00183333333333
108 0.26 -0.65 0.20325
109 0.26 -0.6 0.383416666667
110 0.26 -0.6 0.6255
111 0.26 -0.35 0.75
112 0.26 -1.38777878078e-17 0.63575
113 0.26 0.1 0.59525
114 0.26 0.2 0.6175
115 0.26 0.3 0.659916666667
116 0.26 0.4 0.648166666667
117 0.26 0.5 0.625916666667
118 0.26 0.6 0.417
119 0.26 0.6 0.325
120 0.26 0.55 0.1875
121 0.26 0.45 0.0
122 0.26 0.4 0.0
123 0.26 0.4 0.0
124 0.26 0.15 0.0
125 0.26 -0.15 0.0
126 0.26 -0.2 0.0
127 0.26 -0.3 0.0
128 0.26 -0.4 0.0
129 0.26 -0.5 0.0
130 0.26 -0.55 0.0
131 0.26 -0.65 0.00625
132 0.26 -0.7 0.17275
133 0.26 -0.7 0.206333333333
134 0.26 -0.7 0.219416666667
135 0.26 -0.7 0.336333333333
136 0.0 0.0 0.454916666667
137 0.005 0.0 0.61375
138 0.01 0.0 0.75
139 0.01 0.0 0.6875
140 0.03 0.0 0.525
141 0.065 0.0 0.46875
142 0.1 0.0 0.45625
143 0.125 0.0 0.41875
144 0.155 0.0 0.4
145 0.18 0.0 0.39375
146 0.21 0.0 0.39375
147 0.22 0.0 0.39375
148 0.23 0.0 0.361166666667
149 0.24 0.0 0.326333333333
150 0.25 0.0 0.2765
151 0.26 0.05 0.248916666667
152 0.26 0.1 0.210666666667
153 0.26 0.1 0.18125
154 0.0 0.0 0.144583333333
155 0.0 0.0 0.11875
156 0.01 0.0 0.116666666667
157 0.01 0.0 0.1145
158 0.01 0.05 0.1125
159 0.01 0.1 0.1135
160 0.01 0.1 0.11875
161 0.01 0.1 0.12375
162 0.01 0.2 0.12525
163 0.01 0.2 0.120833333333
164 0.01 0.2 0.11175
165 0.01 0.3 0.0641666666667
166 0.0 0.0 0.0
167 0.005 0.0 0.0
168 0.01 0.0 0.0
169 0.01 0.0 0.0
170 0.02 0.0 0.0
171 0.05 0.0 0.0
172 0.08 0.0 0.0
173 0.11 0.0 0.0
174 0.135 0.0 0.0
175 0.16 0.0 0.0
176 0.195 0.0 0.0
177 0.225 0.0 0.0
178 0.255 0.0 0.0
179 0.26 0.0 0.0
180 0.26 0.0 0.0
181 0.26 0.0 0.0
182 0.26 0.0 0.0
183 0.26 0.0 0.0
184 0.26 0.0 0.0
185 0.26 0.0 0.0
186 0.26 0.0 0.0
187 0.26 0.0 0.0
188 0.26 0.0 0.0
189 0.26 0.0 0.0
190 0.26 0.0 0.0
191 0.26 0.0 0.0
192 0.26 0.0 0.0
193 0.26 0.0 0.0
194 0.26 0.0 0.0
195 0.26 0.0 0.0
196 0.26 0.0 0.0
197 0.26 0.0 0.0
198 0.26 0.0 0.0
199 0.26 0.0 0.0
200 0.26 0.0 0.0
201 0.26 0.0 0.0
202 0.26 0.0 0.0
203 0.26 0.0 0.0
204 0.26 0.0 0.0
205 0.26 0.0 0.0
206 0.26 0.0 0.0
207 0.26 0.0 0.0
208 0.26 0.0 0.0
209 0.26 0.0 0.0
210 0.26 0.0 0.0
211 0.26 0.0 0.0
212 0.26 0.0 0.0
213 0.26 0.0 0.0
214 0.26 0.0 0.0
215 0.26 -0.1 0.0
216 0.26 -0.1 0.0
217 0.26 -0.1 0.0
218 0.26 -0.1 0.0
219 0.26 -0.1 0.0
220 0.26 -0.1 0.0
221 0.26 -0.15 0.0
222 0.26 -0.2 0.0
223 0.26 -0.2 0.0
224 0.26 -0.2 0.0
225 0.26 -0.2 0.0
226 0.26 -0.2 0.0
227 0.26 -0.2 0.0
228 0.26 -0.3 0.0
229 0.26 -0.3 0.0
230 0.26 -0.3 0.0
231 0.26 -0.45 0.0
232 0.26 -0.5 0.0
233 0.26 -0.5 0.0
234 0.26 -0.5 0.0
235 0.26 -0.5 0.0
236 0.26 -0.5 0.0
237 0.26 -0.5 0.1585
238 0.26 -0.5 0.160666666667
239 0.26 -0.5 0.300333333333
240 0.26 -0.5 0.411416666667
241 0.26 -0.5 0.529
242 0.0 0.0 0.580166666667
243 0.0 0.0 0.604583333333
244 0.0 0.0 0.5965
245 0.005 0.0 0.582666666667
246 0.01 0.0 0.582666666667
247 0.015 0.0 0.578583333333
248 0.05 0.0 0.584083333333
249 0.08 0.0 0.5855
250 0.115 0.0 0.584083333333
251 0.145 0.0 0.581
252 0.175 0.0 0.581166666667
253 0.21 0.0 0.588166666667
254 0.235 0.0 0.588
255 0.26 0.0 0.59375
256 0.26 0.0 0.595083333333
257 0.26 0.0 0.600666666667
258 0.26 0.0 0.6115
259 0.26 0.0 0.6115
260 0.26 0.0 0.6175
261 0.26 0.0 0.628083333333
262 0.26 0.0 0.634166666667
263 0.26 0.0 0.634166666667
264 0.26 0.0 0.640416666667
265 0.26 0.0 0.651416666667
266 0.26 0.0 0.657583333333
267 0.26 0.0 0.66875
268 0.26 0.0 0.428166666667
269 0.26 0.0 0.0
270 0.26 0.0 0.0
271 0.26 0.0 0.0
272 0.26 0.0 0.0
273 0.26 0.0 0.0
274 0.26 0.0 0.0
275 0.26 0.0 0.0
276 0.26 0.0 0.0
277 0.26 0.0 0.0
278 0.26 0.0 0.0
279 0.26 0.0 0.0
280 0.26 0.0 0.0
281 0.26 0.0 0.0
282 0.26 0.0 0.0
283 0.26 0.0 0.0
284 0.26 0.0 0.0
285 0.26 0.0 0.0
286 0.26 0.0 0.0
287 0.26 0.0 0.0
288 0.26 0.0 0.0
289 0.26 0.0 0.0
290 0.26 0.0 0.0
291 0.26 0.0 0.0
