0 0.26 0.0 0.75
1 0.26 0.0 0.019
2 0.26 0.0 0.0
3 0.26 0.0 0.0
4 0.26 0.0 0.0
5 0.26 0.0 0.0
6 0.26 0.0 0.0
7 0.26 0.0 0.0
8 0.26 0.0 0.0
9 0.26 0.0 0.0
10 0.26 0.0 0.0
11 0.26 0.0 0.0
12 0.26 0.0 0.0
13 0.26 0.0 0.0
14 0.26 0.0 0.0
15 0.26 0.0 0.0
16 0.26 0.0 0.0
17 0.26 0.0 0.0
18 0.26 0.0 0.0
19 0.26 0.0 0.0
20 0.26 0.0 0.0
21 0.26 0.0 0.0
22 0.26 0.0 0.0
23 0.26 0.0 0.0
24 0.26 0.0 0.0
25 0.26 0.0 0.0
26 0.26 0.0 0.0
27 0.26 0.0 0.0
28 0.26 0.0 0.0
29 0.26 -0.05 0.0
30 0.26 -0.1 0.0
31 0.26 -0.15 0.0
32 0.26 -0.2 0.0
33 0.26 -0.25 0.0
34 0.26 -0.3 0.0
35 0.26 -0.35 0.0
36 0.26 -0.4 0.0
37 0.26 -0.45 0.0
38 0.26 -0.5 0.0
39 0.26 -0.5 0.0
40 0.26 -0.5 0.03125
41 0.26 -0.5 0.03125
42 0.26 -0.5 0.03125
43 0.26 -0.5 0.0356666666667
44 0.26 -0.5 0.03125
45 0.26 -0.5 0.0375
46 0.26 -0.5 0.0375
47 0.26 -0.5 0.04375
48 0.26 -0.5 0.0125
49 0.26 -0.5 0.0
50 0.26 -0.5 0.0
51 0.26 -0.5 0.0
52 0.26 -0.5 0.0
53 0.26 -0.5 0.0
54 0.26 -0.5 0.0
55 0.26 -0.5 0.0
56 0.0 0.0 0.0
57 0.0 0.0 0.0
58 0.0 0.0 0.0
59 0.0 0.0 0.0
60 0.005 0.0 0.0
61 0.01 0.0 0.0
62 0.01 0.0 0.0
63 0.01 0.0 0.0
64 0.01 0.0 0.0
65 0.015 0.0 0.0
66 0.03 0.0 0.0
67 0.045 0.0 0.0
68 0.055 0.05 0.0
69 0.06 0.1 0.0
70 0.065 0.1 0.0
71 0.07 0.1 0.0
72 0.075 0.1 0.0
73 0.08 0.15 0.0
74 0.08 0.3 0.0
75 0.08 0.45 0.0
76 0.08 0.5 0.0
77 0.08 0.55 0.0
78 0.08 0.6 0.0
79 0.08 0.65 0.0
80 0.08 0.7 0.0
81 0.0 0.0 0.0
82 0.0 0.0 0.0
83 0.0 0.0 0.0
84 0.0 0.0 0.0
85 0.005 0.0 0.0
86 0.01 0.0 0.0
87 0.01 0.0 0.0
88 0.01 0.0 0.0
89 0.01 0.0 0.0
90 0.015 0.0 0.0
91 0.035 0.0 0.0
92 0.05 0.0 0.0
93 0.065 0.0 0.0
94 0.08 0.0 0.0
95 0.095 0.0 0.0
96 0.11 0.0 0.0
97 0.13 0.0 0.0
98 0.145 0.0 0.0
99 0.165 0.0 0.0
100 0.18 0.0 0.0
101 0.195 0.0 0.0
102 0.215 0.0 0.0
103 0.22 0.0 0.0
104 0.225 0.0 0.0
105 0.23 0.05 0.0
106 0.235 0.1 0.0
107 0.245 0.15 0.0
108 0.25 0.2 0.0
109 0.255 0.2 0.0
110 0.26 0.25 0.0
111 0.26 0.3 0.0
112 0.26 0.35 0.0
113 0.26 0.4 0.0
114 0.26 0.45 0.0
115 0.26 0.5 0.0
116 0.26 0.5 0.0
117 0.26 0.5 0.0
118 0.26 0.5 0.0
119 0.26 0.5 0.0
120 0.26 0.5 0.0
121 0.26 0.5 0.0
122 0.26 0.5 0.0
123 0.26 0.5 0.0
124 0.26 0.5 0.0
125 0.26 0.5 0.0
126 0.26 0.5 0.0
127 0.26 0.5 0.0
128 0.26 0.5 0.0
129 0.26 0.5 0.0
130 0.26 0.5 0.0865833333333
131 0.26 0.5 0.16875
132 0.26 0.5 0.25
133 0.26 0.5 0.33125
134 0.26 0.5 0.4125
135 0.26 0.5 0.49375
136 0.26 0.5 0.56875
137 0.26 0.5 0.65
138 0.0 0.0 0.725
139 0.0 0.0 0.75
140 0.0 0.0 0.75
141 0.0 0.0 0.75
142 0.0 0.0 0.75
143 0.0 0.0 0.73125
144 0.0 0.0 0.55
145 0.0 -0.05 0.3875
146 0.0 -0.1 0.25625
147 0.0 -0.1 0.13125
148 0.0 -0.1 0.0
149 0.0 -0.1 0.0
