0 0.26 0.0 0.0320833333333
1 0.26 0.0 0.0316666666667
2 0.26 0.0 0.03125
3 0.26 0.0 0.025
4 0.26 0.0 0.01875
5 0.26 0.0 0.0179166666667
6 0.26 0.0 0.00625
7 0.26 0.0 0.0
8 0.26 0.0 0.0
9 0.26 0.0 0.0
10 0.26 0.0 0.0
11 0.26 0.0 0.0
12 0.26 0.0 0.0
13 0.26 0.0 0.0
14 0.26 0.0 0.0
15 0.26 0.0 0.0
16 0.26 0.05 0.0
17 0.26 0.1 0.0
18 0.26 0.15 0.0
19 0.26 0.2 0.0
20 0.26 0.2 0.0
21 0.26 0.25 0.0
22 0.26 0.3 0.00625
23 0.26 0.3 0.0375
24 0.26 0.35 0.08125
25 0.26 0.4 0.1125
26 0.26 0.4 0.11875
27 0.26 0.4 0.114416666667
28 0.26 0.4 0.11875
29 0.26 0.4 0.11875
30 0.26 0.4 0.1125
31 0.26 0.4 0.11875
32 0.26 0.4 0.11875
33 0.26 0.4 0.11875
34 0.26 0.4 0.11875
35 0.26 0.4 0.0454166666667
36 0.26 0.4 0.0
37 0.26 0.4 0.0
38 0.26 0.4 0.0
39 0.26 0.4 0.0
40 0.26 0.4 0.0
41 0.26 0.4 0.0
42 0.26 0.4 0.0
43 0.0 0.0 0.0
44 0.0 0.0 0.0
45 0.0 0.0 0.0
46 0.0 0.0 0.0
47 0.0 0.0 0.0
48 0.0 0.0 0.0
49 0.0 0.0 0.0
50 0.005 0.0 0.0
51 0.01 0.0 0.0
52 0.01 0.0 0.04375
53 0.01 0.0 0.1
54 0.01 0.0 0.1375
55 0.02 0.0 0.15625
56 0.035 0.0 0.15625
57 0.05 0.0 0.15625
58 0.065 0.0 0.15
59 0.085 0.0 0.14375
60 0.09 0.0 0.14375
61 0.095 0.05 0.14375
62 0.1 0.1 0.133
63 0.105 0.1 0.11875
64 0.11 0.1 0.10625
65 0.115 0.1 0.0875
66 0.125 0.15 0.06875
67 0.14 0.3 0.05
68 0.145 0.35 0.00625
69 0.15 0.4 0.0
70 0.155 0.45 0.0
71 0.16 0.5 0.0
72 0.16 0.5 0.0
73 0.0 0.0 0.0
74 0.0 0.0 0.0
75 0.0 0.0 0.0
76 0.0 0.0 0.0
77 0.0 0.0 0.0
78 0.0 0.0 0.0
79 0.005 0.0 0.0
80 0.01 0.0 0.0
81 0.01 0.0 0.0
82 0.01 0.0 0.0
83 0.01 0.0 0.0
84 0.02 0.0 0.0
85 0.035 0.0 0.0
86 0.05 0.0 0.0
87 0.065 0.0 0.0
88 0.085 0.0 0.0
89 0.1 0.0 0.0
90 0.12 0.0 0.0
91 0.135 0.0 0.0
92 0.15 0.0 0.0
93 0.17 0.0 0.0
94 0.185 0.0 0.0
95 0.2 0.0 0.0
96 0.215 0.0 0.0
97 0.235 0.0 0.0
98 0.25 0.0 0.0
99 0.26 0.0 0.0
100 0.26 0.0 0.0
101 0.26 0.0 0.0
102 0.26 0.0 0.0
103 0.26 0.0 0.0
104 0.26 0.0 0.0
105 0.26 0.0 0.0
106 0.26 0.0 0.0
107 0.26 0.0 0.0
108 0.26 0.0 0.0
109 0.26 0.0 0.0
110 0.26 0.0 0.0
111 0.26 0.0 0.0
112 0.26 0.0 0.0
113 0.26 0.0 0.0
114 0.26 0.0 0.0
115 0.26 0.0 0.0
116 0.26 0.0 0.0
117 0.26 0.0 0.0
118 0.26 0.0 0.0
119 0.26 0.0 0.0
120 0.26 0.0 0.0
121 0.26 -0.05 0.0
122 0.26 -0.1 0.0
123 0.26 -0.1 0.0
124 0.26 -0.1 0.0
125 0.26 -0.15 0.0
126 0.26 -0.2 0.0
127 0.26 -0.2 0.0
128 0.26 -0.25 0.0
129 0.26 -0.3 0.0
130 0.26 -0.3 0.0
131 0.26 -0.35 0.0
132 0.26 -0.4 0.0
133 0.26 -0.4 0.0
134 0.26 -0.4 0.0
135 0.26 -0.4 0.0
136 0.26 -0.4 0.0
137 0.26 -0.4 0.0
138 0.26 -0.4 0.0
139 0.26 -0.4 0.0
140 0.26 -0.4 0.0
141 0.26 -0.4 0.0
142 0.26 -0.4 0.0625
143 0.26 -0.4 0.125
144 0.26 -0.4 0.19375
145 0.26 -0.4 0.25625
146 0.26 -0.4 0.3125
147 0.26 -0.4 0.375
148 0.26 -0.4 0.44375
149 0.26 -0.4 0.50625
150 0.26 -0.4 0.56875
151 0.26 -0.4 0.6375
152 0.0 0.0 0.70625
153 0.0 0.0 0.75
