0 0.26 0.0 0.0705833333333
1 0.26 0.0 0.08125
2 0.26 0.0 0.06875
3 0.26 0.0 0.0625
4 0.26 0.0 0.05625
5 0.26 0.0 0.04375
6 0.26 0.0 0.03125
7 0.26 0.0 0.01875
8 0.26 0.0 0.00625
9 0.26 0.0 0.0
10 0.26 0.0 0.0
11 0.26 0.0 0.0
12 0.26 0.0 0.0
13 0.26 0.0 0.0
14 0.26 -0.05 0.0
15 0.26 -0.1 0.0
16 0.26 -0.15 0.0
17 0.26 -0.2 0.0
18 0.26 -0.25 0.0
19 0.26 -0.3 0.0
20 0.26 -0.3 0.0
21 0.26 -0.3 0.0
22 0.26 -0.3 0.0
23 0.26 -0.3 0.01875
24 0.26 -0.3 0.1
25 0.26 -0.3 0.18125
26 0.26 -0.3 0.2625
27 0.26 -0.3 0.35
28 0.26 -0.3 0.44375
29 0.26 -0.3 0.54375
30 0.26 -0.3 0.56875
31 0.0 0.0 0.59375
32 0.0 0.0 0.53125
33 0.0 0.0 0.4875
34 0.0 0.0 0.43125
35 0.0 0.0 0.375
36 0.0 0.0 0.34375
37 0.01 0.0 0.34375
38 0.01 0.0 0.34375
39 0.01 0.0 0.34375
40 0.035 0.0 0.34375
41 0.06 0.0 0.35
42 0.085 0.0 0.36875
43 0.115 0.0 0.375
44 0.14 0.0 0.375
45 0.165 0.0 0.375
46 0.19 0.0 0.375
47 0.22 0.0 0.36875
48 0.245 0.0 0.36875
49 0.26 0.0 0.36875
50 0.26 0.0 0.36875
51 0.26 0.0 0.3625
52 0.26 0.0 0.35625
53 0.26 0.0 0.34375
54 0.26 0.0 0.330166666667
55 0.26 0.0 0.3125
56 0.26 0.0 0.3
57 0.26 0.0 0.28375
58 0.26 0.0 0.26875
59 0.26 0.0 0.25625
60 0.26 0.0 0.24375
61 0.26 0.0 0.226
62 0.26 0.0 0.2125
63 0.26 0.0 0.197083333333
64 0.26 0.1 0.1875
65 0.26 0.15 0.201416666667
66 0.26 0.2 0.23125
67 0.26 0.25 0.26875
68 0.26 0.3 0.33125
69 0.26 0.4 0.40625
70 0.26 0.4 0.5
71 0.26 0.4 0.597583333333
72 0.26 0.4 0.69375
73 0.26 0.4 0.75
74 0.26 0.4 0.75
75 0.26 0.4 0.75
76 0.26 0.4 0.75
77 0.26 0.4 0.75
78 0.0 0.0 0.75
79 0.0 0.0 0.75
80 0.0 0.0 0.75
81 0.0 0.0 0.75
82 0.01 0.0 0.75
83 0.01 0.0 0.75
84 0.01 0.0 0.75
85 0.03 0.0 0.75
86 0.06 0.0 0.75
87 0.085 0.0 0.75
88 0.115 0.0 0.75
89 0.14 0.0 0.75
90 0.145 0.0 0.75
91 0.155 0.0 0.75
92 0.16 0.0 0.75
93 0.17 0.0 0.75
94 0.18 0.0 0.75
95 0.185 0.0 0.75
96 0.195 0.0 0.75
97 0.2 0.0 0.75
98 0.21 0.0 0.75
99 0.22 0.0 0.75
100 0.225 0.0 0.75
101 0.235 0.0 0.75
102 0.24 0.0 0.75
103 0.25 0.0 0.75
104 0.255 0.0 0.75
105 0.26 0.0 0.75
106 0.26 0.0 0.75
107 0.26 0.0 0.75
108 0.26 0.0 0.75
109 0.26 0.0 0.75
110 0.26 0.0 0.75
