0 0.26 0.0 0.0
1 0.26 0.0 0.0
2 0.26 0.0 0.0
3 0.26 0.05 0.0
4 0.26 0.1 0.0
5 0.26 0.1 0.0
6 0.26 0.15 0.0
7 0.26 0.2 0.0
8 0.26 0.3 0.0
9 0.26 0.3 0.0
10 0.26 0.3 0.0
11 0.26 0.3 0.0625
12 0.26 0.3 0.1625
13 0.26 0.3 0.24375
14 0.26 0.3 0.31875
15 0.26 0.3 0.4
16 0.26 0.3 0.48125
17 0.26 0.3 0.56875
18 0.26 0.3 0.632416666667
19 0.26 0.3 0.64375
20 0.26 0.3 0.55625
21 0.26 0.3 0.46875
22 0.0 0.0 0.375
23 0.0 0.0 0.28125
24 0.0 0.0 0.20625
25 0.0 0.0 0.160583333333
26 0.005 0.0 0.157416666667
27 0.01 0.0 0.15625
28 0.01 0.0 0.15625
29 0.025 0.0 0.15625
30 0.05 0.0 0.15125
31 0.08 0.0 0.15
32 0.11 0.0 0.14375
33 0.135 0.0 0.15625
34 0.165 0.0 0.15
35 0.195 0.0 0.13125
36 0.225 0.0 0.11875
37 0.25 0.0 0.1125
38 0.26 0.0 0.0884166666667
39 0.26 0.0 0.0701666666667
40 0.26 0.0 0.0558333333333
41 0.26 0.0 0.0341666666667
42 0.26 0.0 0.0128333333333
43 0.26 0.0 0.0
44 0.26 0.0 0.0
45 0.26 0.0 0.0
46 0.26 0.0 0.0
47 0.26 0.0 0.0
48 0.26 0.0 0.0
49 0.26 0.0 0.0
50 0.26 0.0 0.0
51 0.26 0.0 0.0
52 0.26 0.0 0.0
53 0.26 0.0 0.0
54 0.26 0.0 0.0
55 0.26 0.0 0.0
56 0.26 0.0 0.0
57 0.26 0.0 0.0
58 0.26 0.0 0.0
59 0.26 0.0 0.0
60 0.26 0.0 0.0
61 0.26 0.0 0.0
62 0.26 0.0 0.0
63 0.26 0.0 0.0
64 0.26 0.0 0.0
65 0.26 0.0 0.0
66 0.26 0.0 0.0
67 0.26 0.0 0.0
68 0.26 0.0 0.0
69 0.26 0.0 0.0
70 0.26 0.0 0.0
71 0.26 0.0 0.0
72 0.26 0.0 0.0
73 0.26 0.0 0.0
74 0.26 0.0 0.0
75 0.26 0.0 0.0
76 0.26 0.0 0.0
77 0.26 0.0 0.0
78 0.26 0.0 0.0
79 0.26 -0.1 0.0
80 0.26 -0.1 0.0
81 0.26 -0.1 0.0
82 0.26 -0.1 0.0
83 0.26 -0.1 0.0
84 0.26 -0.1 0.0
85 0.26 -0.15 0.0
86 0.26 -0.2 0.0
87 0.26 -0.2 0.0
88 0.26 -0.2 0.0
89 0.26 -0.2 0.0
90 0.26 -0.25 0.0
91 0.26 -0.3 0.0
92 0.26 -0.3 0.0
93 0.26 -0.3 0.0
94 0.26 -0.3 0.0
95 0.26 -0.3 0.0
96 0.26 -0.3 0.0
97 0.26 -0.3 0.0
98 0.0 0.0 0.0
99 0.0 0.0 0.0
100 0.0 0.0 0.0
101 0.005 0.0 0.0
102 0.01 0.0 0.0
103 0.01 0.0 0.0
104 0.02 0.0 0.0
105 0.03 -0.1 0.0
106 0.03 -0.1 0.0
107 0.03 -0.15 0.0
108 0.03 -0.4 0.0
109 0.03 -0.7 0.0
110 0.03 -1.0 0.0
111 0.03 -1.05 0.0
112 0.03 -1.15 0.0
113 0.0 0.0 0.0
114 0.0 0.0 0.0
115 0.0 0.0 0.0
116 0.005 0.0 0.0
117 0.01 0.0 0.0
118 0.01 0.0 0.0
119 0.025 0.0 0.0
120 0.05 0.0 0.0
121 0.075 0.0 0.0
122 0.105 0.0 0.0
123 0.135 0.0 0.0
124 0.165 0.0 0.0
125 0.19 0.0 0.0
126 0.21 0.0 0.0
127 0.215 0.0 0.0
128 0.225 0.0 0.0
129 0.235 0.0 0.0
130 0.245 0.0 0.0
131 0.25 0.0 0.0
132 0.26 0.0 0.0
133 0.26 0.0 0.0
134 0.26 0.0 0.0
135 0.26 0.0 0.0
136 0.26 0.0 0.0
137 0.26 0.0 0.0
138 0.26 0.0 0.0
139 0.26 0.0 0.0
140 0.26 0.0 0.0
141 0.26 0.0 0.0
142 0.26 0.0 0.0
143 0.26 0.0 0.0
144 0.26 0.0 0.0
145 0.26 0.0 0.0
146 0.26 0.0 0.0
147 0.26 0.0 0.0
148 0.26 0.0 0.0
149 0.26 0.0 0.0
150 0.26 0.0 0.0
151 0.26 0.0 0.0
152 0.26 0.0 0.0
153 0.26 0.0 0.0
154 0.26 0.0 0.0
155 0.26 -0.05 0.0
156 0.26 -0.1 0.0
157 0.26 -0.1 0.0
158 0.26 -0.15 0.0
159 0.26 -0.2 0.0
160 0.26 -0.2 0.0
161 0.26 -0.3 0.0
162 0.26 -0.3 0.0
163 0.26 -0.35 0.0
164 0.26 -0.4 0.0
165 0.26 -0.4 0.0
166 0.26 -0.5 0.0
167 0.26 -0.5 0.0
168 0.26 -0.5 0.0
169 0.26 -0.5 0.0
170 0.26 -0.5 0.0
171 0.26 -0.5 0.0
172 0.26 -0.5 0.0375
173 0.26 -0.5 0.137666666667
174 0.26 -0.5 0.166416666667
175 0.26 -0.5 0.189416666667
176 0.0 0.0 0.193583333333
177 0.0 0.0 0.257333333333
178 0.0 0.0 0.318166666667
179 0.0 0.0 0.31325
180 0.01 0.0 0.313166666667
181 0.01 0.0 0.31325
182 0.01 0.0 0.312916666667
183 0.035 0.0 0.317583333333
184 0.065 0.0 0.316916666667
185 0.09 0.0 0.315833333333
186 0.12 0.0 0.309166666667
187 0.145 0.0 0.307833333333
188 0.175 0.0 0.300833333333
189 0.205 0.0 0.297333333333
190 0.23 0.0 0.289
191 0.26 0.0 0.28
192 0.26 0.0 0.257916666667
193 0.26 0.0 0.248833333333
194 0.26 0.0 0.242083333333
195 0.26 0.0 0.226333333333
196 0.26 0.0 0.209
197 0.26 0.0 0.171416666667
198 0.26 0.0 0.091
199 0.26 0.0 0.0369166666667
200 0.26 0.0 0.0255833333333
201 0.26 0.0 0.0203333333333
202 0.26 0.0 0.0159166666667
203 0.26 0.0 0.0125
204 0.26 0.0 0.00825
205 0.26 0.0 0.00383333333333
206 0.26 0.0 0.0
207 0.26 0.0 0.0
208 0.26 0.0 0.0
209 0.26 0.0 0.0
210 0.26 0.0 0.0
211 0.26 0.0 0.0
212 0.26 0.0 0.0
213 0.26 0.0 0.0
214 0.26 0.0 0.0
215 0.26 0.0 0.0
216 0.26 0.0 0.0
217 0.26 0.0 0.0
218 0.26 0.0 0.0
219 0.26 0.0 0.0
220 0.26 0.0 0.0
221 0.26 0.0 0.0
222 0.26 0.0 0.0
223 0.26 0.0 0.0
224 0.26 0.0 0.0
225 0.26 0.0 0.0
226 0.26 -0.05 0.0
227 0.26 -0.1 0.0
228 0.26 -0.1 0.0
229 0.26 -0.1 0.0
230 0.26 -0.1 0.0
231 0.26 -0.1 0.0
232 0.26 -0.2 0.0
233 0.26 -0.2 0.0
234 0.26 -0.25 0.0
235 0.26 -0.35 0.0
236 0.26 -0.45 0.0
237 0.26 -0.5 0.0
238 0.26 -0.55 0.0
239 0.26 -0.6 0.0
240 0.26 -0.6 0.0
241 0.26 -0.6 0.0
242 0.26 -0.6 0.0
243 0.26 -0.6 0.0
244 0.26 -0.6 0.03125
245 0.26 -0.6 0.20625
246 0.26 -0.6 0.3625
247 0.0 0.0 0.50875
248 0.0 0.0 0.575
249 0.0 0.0 0.5625
250 0.0 0.05 0.55
251 0.0 0.1 0.55625
252 0.0 0.1 0.5625
253 0.0 0.2 0.56875
254 0.0 0.45 0.56875
255 0.0 0.65 0.56875
256 0.0 0.0 0.4
257 0.0 0.0 0.20625
258 0.01 0.0 0.0875
259 0.01 0.0 0.0188333333333
260 0.01 0.0 0.0
261 0.04 0.0 0.0
262 0.065 0.0 0.0
263 0.095 0.0 0.025
264 0.125 0.0 0.025
265 0.15 0.0 0.025
266 0.175 0.0 0.0168333333333
267 0.2 0.0 0.00625
268 0.21 0.0 0.0
269 0.215 0.0 0.0
270 0.225 0.0 0.0
271 0.235 0.0 0.0
272 0.24 0.0 0.0
273 0.25 0.0 0.0
274 0.255 0.0 0.0
275 0.26 0.0 0.0
276 0.26 0.0 0.0
277 0.26 0.0 0.0
278 0.26 0.0 0.0
279 0.26 0.0 0.0
280 0.26 0.0 0.0
281 0.26 0.0 0.0
282 0.26 0.0 0.0
283 0.26 0.0 0.0
284 0.26 -0.05 0.0
285 0.26 -0.1 0.0
286 0.26 -0.1 0.0
287 0.26 -0.1 0.0
288 0.26 -0.1 0.0
289 0.26 -0.1 0.0
290 0.26 -0.1 0.0
291 0.26 -0.15 0.0
292 0.26 -0.2 0.0
293 0.26 -0.2 0.0
294 0.26 -0.2 0.0125
295 0.26 -0.2 0.0625
296 0.26 -0.2 0.10625
297 0.26 -0.25 0.158833333333
298 0.26 -0.3 0.17925
299 0.26 -0.3 0.183583333333
300 0.26 -0.3 0.1965
301 0.26 -0.3 0.263083333333
302 0.26 -0.3 0.33025
303 0.0 0.0 0.404166666667
304 0.0 0.0 0.469166666667
305 0.0 0.0 0.532416666667
306 0.0 0.0 0.530916666667
307 0.0 0.0 0.530583333333
308 0.01 0.0 0.53
309 0.01 0.0 0.525
310 0.01 0.0 0.531083333333
311 0.035 0.0 0.53075
312 0.065 0.0 0.524833333333
313 0.095 0.0 0.52425
314 0.12 0.0 0.52425
315 0.145 0.0 0.523333333333
316 0.175 0.0 0.517166666667
317 0.205 0.0 0.517416666667
318 0.23 0.0 0.510833333333
319 0.26 0.0 0.510583333333
320 0.26 0.0 0.505666666667
321 0.26 0.0 0.50375
322 0.26 0.0 0.49675
323 0.26 0.0 0.4905
324 0.26 0.0 0.489833333333
325 0.26 0.0 0.489583333333
326 0.26 0.0 0.483
327 0.26 0.0 0.478583333333
328 0.26 0.0 0.4825
329 0.26 0.0 0.482083333333
330 0.26 0.0 0.482083333333
331 0.26 0.0 0.488
332 0.26 0.0 0.48775
333 0.26 0.0 0.48775
334 0.26 0.0 0.493833333333
335 0.26 0.0 0.49375
336 0.26 0.0 0.49375
337 0.26 0.0 0.5
338 0.26 0.0 0.5
339 0.26 0.0 0.370333333333
340 0.26 0.0 0.231916666667
341 0.26 0.0 0.05725
342 0.26 0.0 0.0
343 0.26 0.0 0.0
344 0.26 0.0 0.0
345 0.26 0.0 0.0
346 0.26 0.0 0.0
347 0.26 0.0 0.0
348 0.26 0.0 0.0
349 0.26 0.0 0.0
350 0.26 0.0 0.0
351 0.26 0.0 0.0
352 0.26 0.0 0.0
353 0.26 0.0 0.0
354 0.26 0.0 0.0
355 0.26 0.0 0.0
