0 0.12 0.0 0.264333333333
1 0.145 0.0 0.264583333333
2 0.165 0.0 0.264916666667
3 0.18 0.0 0.264833333333
4 0.185 0.0 0.264083333333
5 0.19 0.0 0.263666666667
6 0.2 0.0 0.26325
7 0.205 0.0 0.262416666667
8 0.21 0.0 0.262083333333
9 0.22 0.0 0.260833333333
10 0.225 0.0 0.260916666667
11 0.235 0.0 0.2605
12 0.24 0.0 0.259833333333
13 0.245 0.0 0.26
14 0.255 0.0 0.259333333333
15 0.26 0.0 0.258083333333
16 0.26 0.0 0.259416666667
17 0.26 0.0 0.260666666667
18 0.26 -0.05 0.260083333333
19 0.26 -0.1 0.259416666667
20 0.26 -0.1 0.25975
21 0.26 -0.1 0.259166666667
22 0.26 -0.1 0.258833333333
23 0.26 -0.1 0.258
24 0.26 -0.15 0.258083333333
25 0.26 -0.2 0.258833333333
26 0.26 -0.2 0.261833333333
27 0.26 -0.2 0.26375
28 0.26 -0.2 0.265083333333
29 0.26 -0.3 0.260833333333
30 0.26 -0.3 0.259
31 0.26 -0.3 0.258583333333
32 0.26 -0.3 0.25825
33 0.26 -0.3 0.258083333333
34 0.26 -0.3 0.258416666667
35 0.26 -0.3 0.257333333333
36 0.26 -0.3 0.26
37 0.26 -0.3 0.264083333333
38 0.26 -0.3 0.261833333333
39 0.26 -0.3 0.254583333333
40 0.26 -0.3 0.253583333333
41 0.26 -0.35 0.252083333333
42 0.26 -0.4 0.252
43 0.26 -0.4 0.25175
44 0.26 -0.4 0.261583333333
45 0.26 -0.4 0.265416666667
46 0.26 -0.4 0.265166666667
47 0.26 -0.4 0.2545
48 0.26 -0.4 0.254
49 0.26 -0.4 0.253
50 0.26 -0.4 0.2525
51 0.26 -0.4 0.260083333333
52 0.26 -0.4 0.268166666667
53 0.26 -0.4 0.272333333333
54 0.26 -0.4 0.272
55 0.26 -0.4 0.271416666667
56 0.26 -0.4 0.2715
57 0.26 -0.4 0.270083333333
58 0.26 -0.4 0.273833333333
59 0.26 -0.4 0.282166666667
60 0.26 -0.4 0.291666666667
61 0.26 -0.4 0.291666666667
62 0.26 -0.4 0.291666666667
63 0.26 -0.4 0.291666666667
64 0.26 -0.4 0.291666666667
65 0.26 -0.4 0.291666666667
66 0.26 -0.35 0.291666666667
67 0.26 -0.3 0.291666666667
68 0.26 -0.2 0.291666666667
69 0.26 -0.2 0.291666666667
70 0.26 -0.1 0.291666666667
71 0.26 -0.1 0.291666666667
72 0.26 -2.77555756156e-17 0.291666666667
73 0.26 -2.77555756156e-17 0.291666666667
74 0.26 -2.77555756156e-17 0.291666666667
75 0.26 -2.77555756156e-17 0.291666666667
76 0.26 0.05 0.291666666667
77 0.26 0.1 0.291666666667
78 0.26 0.1 0.291666666667
79 0.26 -2.77555756156e-17 0.291666666667
80 0.26 -2.77555756156e-17 0.291666666667
81 0.26 -2.77555756156e-17 0.291666666667
82 0.26 -2.77555756156e-17 0.291666666667
83 0.26 -2.77555756156e-17 0.291666666667
84 0.26 -2.77555756156e-17 0.291666666667
85 0.26 -2.77555756156e-17 0.291666666667
86 0.26 -2.77555756156e-17 0.291666666667
87 0.26 -2.77555756156e-17 0.291666666667
88 0.26 -2.77555756156e-17 0.291666666667
89 0.26 -2.77555756156e-17 0.291666666667
90 0.26 -2.77555756156e-17 0.291666666667
91 0.26 -2.77555756156e-17 0.291666666667
92 0.26 -2.77555756156e-17 0.291666666667
93 0.26 -2.77555756156e-17 0.291666666667
94 0.26 -2.77555756156e-17 0.291666666667
95 0.26 -2.77555756156e-17 0.291666666667
96 0.26 -2.77555756156e-17 0.291666666667
97 0.26 -2.77555756156e-17 0.291666666667
98 0.26 -2.77555756156e-17 0.291666666667
99 0.26 -2.77555756156e-17 0.291666666667
100 0.26 -2.77555756156e-17 0.291666666667
101 0.26 -2.77555756156e-17 0.291666666667
102 0.26 -2.77555756156e-17 0.291666666667
103 0.26 -2.77555756156e-17 0.291666666667
104 0.26 -2.77555756156e-17 0.291666666667
105 0.26 -2.77555756156e-17 0.291666666667
106 0.26 -2.77555756156e-17 0.291666666667
107 0.26 -2.77555756156e-17 0.291666666667
108 0.26 -2.77555756156e-17 0.291666666667
109 0.26 -2.77555756156e-17 0.291666666667
110 0.26 -2.77555756156e-17 0.291666666667
111 0.26 -2.77555756156e-17 0.291666666667
112 0.26 -2.77555756156e-17 0.291666666667
113 0.26 0.05 0.291666666667
114 0.26 0.1 0.291666666667
115 0.26 0.1 0.291666666667
116 0.26 0.1 0.291666666667
117 0.26 0.1 0.291666666667
118 0.26 0.1 0.291666666667
119 0.26 0.1 0.291666666667
120 0.26 0.1 0.291666666667
121 0.26 0.1 0.291666666667
122 0.26 0.1 0.291666666667
123 0.26 0.1 0.291666666667
124 0.26 0.1 0.291666666667
125 0.26 0.1 0.291666666667
126 0.26 0.1 0.291666666667
127 0.26 0.1 0.291666666667
128 0.26 0.1 0.291666666667
129 0.26 0.1 0.291666666667
130 0.26 0.1 0.291666666667
131 0.26 0.1 0.291666666667
132 0.26 0.1 0.291666666667
133 0.26 0.1 0.291666666667
134 0.26 0.1 0.291666666667
135 0.26 0.1 0.291666666667
136 0.26 0.1 0.291666666667
137 0.26 0.1 0.291666666667
138 0.26 0.1 0.291666666667
139 0.26 0.1 0.291666666667
140 0.26 0.1 0.291666666667
141 0.26 0.1 0.291666666667
142 0.26 0.1 0.291666666667
143 0.26 0.1 0.291666666667
144 0.26 0.1 0.291666666667
145 0.26 0.1 0.291666666667
146 0.26 0.1 0.291666666667
147 0.26 0.1 0.291666666667
148 0.26 0.1 0.291666666667
149 0.26 0.1 0.291666666667
150 0.26 0.1 0.291666666667
151 0.26 0.1 0.291666666667
152 0.26 0.1 0.291666666667
153 0.26 0.1 0.291666666667
154 0.26 0.1 0.291666666667
155 0.26 0.1 0.291666666667
156 0.26 0.1 0.291666666667
157 0.26 0.1 0.291666666667
158 0.26 0.1 0.291666666667
159 0.26 0.1 0.291666666667
160 0.26 0.1 0.291666666667
161 0.26 0.1 0.291666666667
162 0.26 0.05 0.291166666667
163 0.26 -2.77555756156e-17 0.29
164 0.26 -2.77555756156e-17 0.287833333333
165 0.26 -2.77555756156e-17 0.285166666667
166 0.26 -2.77555756156e-17 0.2835
167 0.26 -2.77555756156e-17 0.283166666667
168 0.26 -2.77555756156e-17 0.283
169 0.26 -2.77555756156e-17 0.282166666667
170 0.26 -2.77555756156e-17 0.28275
171 0.26 -2.77555756156e-17 0.28175
172 0.26 -2.77555756156e-17 0.28125
173 0.26 -2.77555756156e-17 0.280583333333
174 0.26 -2.77555756156e-17 0.27975
175 0.26 -2.77555756156e-17 0.278833333333
176 0.26 -2.77555756156e-17 0.277916666667
177 0.26 -2.77555756156e-17 0.277083333333
178 0.26 -2.77555756156e-17 0.27625
179 0.26 -2.77555756156e-17 0.275
180 0.26 -2.77555756156e-17 0.272833333333
181 0.26 -2.77555756156e-17 0.26975
182 0.26 -2.77555756156e-17 0.26625
183 0.26 -2.77555756156e-17 0.265166666667
184 0.26 -2.77555756156e-17 0.264416666667
185 0.26 -2.77555756156e-17 0.263583333333
186 0.26 -2.77555756156e-17 0.262416666667
187 0.26 -2.77555756156e-17 0.261666666667
188 0.26 -2.77555756156e-17 0.261916666667
189 0.26 -2.77555756156e-17 0.260666666667
190 0.26 -2.77555756156e-17 0.260833333333
191 0.26 -2.77555756156e-17 0.260416666667
192 0.26 -2.77555756156e-17 0.259333333333
193 0.26 -2.77555756156e-17 0.258833333333
194 0.26 -2.77555756156e-17 0.256416666667
195 0.26 -2.77555756156e-17 0.254666666667
196 0.26 -2.77555756156e-17 0.252333333333
197 0.26 -2.77555756156e-17 0.250583333333
198 0.26 -2.77555756156e-17 0.249083333333
199 0.26 -2.77555756156e-17 0.248
200 0.26 -2.77555756156e-17 0.247916666667
201 0.26 -2.77555756156e-17 0.247916666667
202 0.26 -2.77555756156e-17 0.248166666667
203 0.26 -2.77555756156e-17 0.247833333333
204 0.26 0.05 0.247083333333
205 0.26 0.1 0.247333333333
206 0.26 0.15 0.247333333333
207 0.26 0.2 0.246916666667
208 0.26 0.25 0.247666666667
209 0.26 0.3 0.247833333333
210 0.26 0.4 0.251416666667
211 0.26 0.4 0.250833333333
212 0.26 0.4 0.249833333333
213 0.26 0.4 0.25525
214 0.26 0.4 0.256166666667
215 0.26 0.4 0.255333333333
216 0.26 0.4 0.25675
217 0.26 0.4 0.265
218 0.26 0.4 0.27525
219 0.26 0.4 0.269583333333
220 0.26 0.4 0.2585
221 0.26 0.4 0.249333333333
222 0.26 0.4 0.249833333333
223 0.26 0.4 0.25125
224 0.26 0.4 0.258
225 0.26 0.4 0.26675
226 0.26 0.4 0.266666666667
227 0.26 0.4 0.267916666667
228 0.26 0.4 0.262
229 0.26 0.4 0.252666666667
230 0.26 0.4 0.241833333333
231 0.26 0.4 0.239416666667
232 0.26 0.4 0.240083333333
233 0.26 0.4 0.248666666667
234 0.26 0.4 0.258083333333
235 0.26 0.4 0.264
236 0.26 0.4 0.264583333333
237 0.26 0.4 0.26575
238 0.26 0.4 0.267
239 0.26 0.4 0.268666666667
240 0.26 0.45 0.270416666667
241 0.26 0.5 0.270916666667
242 0.26 0.5 0.272916666667
243 0.26 0.5 0.282666666667
244 0.26 0.5 0.291666666667
245 0.26 0.5 0.291666666667
246 0.26 0.5 0.291666666667
247 0.26 0.5 0.291666666667
248 0.26 0.5 0.291666666667
249 0.26 0.5 0.291666666667
250 0.26 0.5 0.291666666667
251 0.26 0.5 0.291666666667
252 0.26 0.5 0.290583333333
253 0.26 0.5 0.279166666667
254 0.26 0.45 0.271083333333
255 0.26 0.4 0.25775
256 0.26 0.4 0.257416666667
257 0.26 0.35 0.257833333333
258 0.26 0.3 0.258083333333
259 0.26 0.3 0.258
260 0.26 0.25 0.258
261 0.26 0.2 0.257916666667
262 0.26 0.2 0.258083333333
263 0.26 0.2 0.257666666667
264 0.26 0.2 0.256333333333
265 0.26 0.2 0.254416666667
266 0.26 0.2 0.252916666667
267 0.26 0.2 0.250833333333
268 0.26 0.2 0.249666666667
269 0.26 0.2 0.248166666667
270 0.26 0.2 0.245166666667
271 0.26 0.2 0.244083333333
272 0.26 0.2 0.248083333333
273 0.26 0.2 0.250833333333
274 0.26 0.15 0.2505
275 0.26 0.1 0.250083333333
276 0.26 2.77555756156e-17 0.250333333333
277 0.26 2.77555756156e-17 0.244416666667
278 0.26 2.77555756156e-17 0.238833333333
279 0.26 2.77555756156e-17 0.237
280 0.26 2.77555756156e-17 0.235916666667
281 0.26 2.77555756156e-17 0.23425
282 0.26 2.77555756156e-17 0.2345
283 0.26 2.77555756156e-17 0.234083333333
284 0.26 2.77555756156e-17 0.23325
285 0.26 2.77555756156e-17 0.233083333333
286 0.26 2.77555756156e-17 0.233
287 0.26 2.77555756156e-17 0.233666666667
288 0.26 2.77555756156e-17 0.232666666667
289 0.26 2.77555756156e-17 0.232333333333
290 0.26 2.77555756156e-17 0.231666666667
291 0.26 2.77555756156e-17 0.2315
292 0.26 2.77555756156e-17 0.230416666667
293 0.26 2.77555756156e-17 0.229833333333
294 0.26 2.77555756156e-17 0.228083333333
295 0.26 2.77555756156e-17 0.225916666667
296 0.26 2.77555756156e-17 0.222166666667
297 0.26 2.77555756156e-17 0.221166666667
298 0.26 2.77555756156e-17 0.2195
299 0.26 2.77555756156e-17 0.22
300 0.26 2.77555756156e-17 0.219583333333
301 0.26 2.77555756156e-17 0.219833333333
302 0.26 2.77555756156e-17 0.218666666667
303 0.26 2.77555756156e-17 0.217166666667
304 0.26 2.77555756156e-17 0.215833333333
305 0.26 2.77555756156e-17 0.214916666667
306 0.26 2.77555756156e-17 0.214833333333
307 0.26 2.77555756156e-17 0.216333333333
308 0.26 2.77555756156e-17 0.216416666667
309 0.26 2.77555756156e-17 0.217333333333
310 0.26 2.77555756156e-17 0.218166666667
311 0.26 2.77555756156e-17 0.218083333333
312 0.26 2.77555756156e-17 0.219333333333
313 0.26 2.77555756156e-17 0.22
314 0.26 2.77555756156e-17 0.219
315 0.26 2.77555756156e-17 0.21775
316 0.26 2.77555756156e-17 0.2155
317 0.26 2.77555756156e-17 0.212
318 0.26 2.77555756156e-17 0.211666666667
319 0.26 2.77555756156e-17 0.211666666667
320 0.26 2.77555756156e-17 0.214416666667
321 0.26 2.77555756156e-17 0.217833333333
322 0.26 2.77555756156e-17 0.221
323 0.26 2.77555756156e-17 0.22175
324 0.26 2.77555756156e-17 0.224583333333
325 0.26 2.77555756156e-17 0.224083333333
326 0.26 2.77555756156e-17 0.2225
327 0.26 2.77555756156e-17 0.21625
328 0.26 2.77555756156e-17 0.21625
329 0.26 2.77555756156e-17 0.2105
330 0.26 2.77555756156e-17 0.205666666667
331 0.26 2.77555756156e-17 0.203333333333
332 0.26 2.77555756156e-17 0.202916666667
333 0.26 2.77555756156e-17 0.202166666667
334 0.26 2.77555756156e-17 0.204166666667
335 0.26 2.77555756156e-17 0.202666666667
336 0.26 2.77555756156e-17 0.19925
337 0.26 2.77555756156e-17 0.196416666667
338 0.26 2.77555756156e-17 0.192916666667
339 0.26 2.77555756156e-17 0.19125
340 0.26 2.77555756156e-17 0.1875
341 0.26 2.77555756156e-17 0.185916666667
342 0.26 2.77555756156e-17 0.185166666667
343 0.26 2.77555756156e-17 0.189833333333
344 0.26 2.77555756156e-17 0.19125
345 0.26 2.77555756156e-17 0.193666666667
346 0.26 2.77555756156e-17 0.197
347 0.26 2.77555756156e-17 0.19825
348 0.26 2.77555756156e-17 0.2005
349 0.26 2.77555756156e-17 0.202583333333
350 0.26 2.77555756156e-17 0.20375
351 0.26 2.77555756156e-17 0.206083333333
352 0.26 2.77555756156e-17 0.207916666667
353 0.26 2.77555756156e-17 0.209083333333
354 0.26 2.77555756156e-17 0.213833333333
355 0.26 2.77555756156e-17 0.214
356 0.26 2.77555756156e-17 0.218583333333
357 0.26 2.77555756156e-17 0.2235
358 0.26 2.77555756156e-17 0.22625
359 0.26 2.77555756156e-17 0.229916666667
360 0.26 2.77555756156e-17 0.232916666667
361 0.26 2.77555756156e-17 0.234333333333
362 0.26 2.77555756156e-17 0.237916666667
363 0.26 2.77555756156e-17 0.239916666667
364 0.26 2.77555756156e-17 0.24
365 0.26 2.77555756156e-17 0.241
366 0.26 2.77555756156e-17 0.242833333333
367 0.26 2.77555756156e-17 0.243583333333
368 0.26 2.77555756156e-17 0.243666666667
369 0.26 2.77555756156e-17 0.246166666667
370 0.26 2.77555756156e-17 0.24625
371 0.26 2.77555756156e-17 0.245416666667
372 0.26 2.77555756156e-17 0.246
373 0.26 2.77555756156e-17 0.248333333333
374 0.26 2.77555756156e-17 0.249833333333
375 0.26 2.77555756156e-17 0.249833333333
376 0.26 2.77555756156e-17 0.251583333333
377 0.26 2.77555756156e-17 0.25375
378 0.26 2.77555756156e-17 0.2545
379 0.26 2.77555756156e-17 0.255416666667
380 0.26 2.77555756156e-17 0.258
381 0.26 2.77555756156e-17 0.2595
382 0.26 2.77555756156e-17 0.25975
383 0.26 2.77555756156e-17 0.258916666667
384 0.26 2.77555756156e-17 0.257833333333
385 0.26 2.77555756156e-17 0.256833333333
386 0.26 2.77555756156e-17 0.255333333333
387 0.26 2.77555756156e-17 0.253166666667
388 0.26 2.77555756156e-17 0.249583333333
389 0.26 2.77555756156e-17 0.2485
390 0.26 2.77555756156e-17 0.247333333333
391 0.26 2.77555756156e-17 0.25225
392 0.26 2.77555756156e-17 0.257916666667
393 0.26 2.77555756156e-17 0.2655
394 0.26 2.77555756156e-17 0.269833333333
395 0.26 2.77555756156e-17 0.269666666667
396 0.26 2.77555756156e-17 0.271083333333
397 0.26 2.77555756156e-17 0.272666666667
398 0.26 2.77555756156e-17 0.273333333333
399 0.26 2.77555756156e-17 0.277083333333
400 0.26 2.77555756156e-17 0.281
401 0.26 2.77555756156e-17 0.286833333333
402 0.26 2.77555756156e-17 0.2905
403 0.26 2.77555756156e-17 0.291583333333
404 0.26 2.77555756156e-17 0.291666666667
405 0.26 2.77555756156e-17 0.291666666667
406 0.26 2.77555756156e-17 0.291666666667
407 0.26 2.77555756156e-17 0.291666666667
408 0.26 2.77555756156e-17 0.291666666667
409 0.26 2.77555756156e-17 0.291666666667
410 0.26 2.77555756156e-17 0.291666666667
411 0.26 2.77555756156e-17 0.291666666667
412 0.26 2.77555756156e-17 0.291666666667
413 0.26 2.77555756156e-17 0.291666666667
414 0.26 2.77555756156e-17 0.291666666667
415 0.26 2.77555756156e-17 0.291666666667
416 0.26 2.77555756156e-17 0.291666666667
417 0.26 2.77555756156e-17 0.291666666667
418 0.26 2.77555756156e-17 0.291666666667
419 0.26 2.77555756156e-17 0.291666666667
420 0.26 2.77555756156e-17 0.291666666667
421 0.26 2.77555756156e-17 0.291666666667
422 0.26 2.77555756156e-17 0.291666666667
423 0.26 2.77555756156e-17 0.291666666667
424 0.26 2.77555756156e-17 0.291666666667
425 0.26 2.77555756156e-17 0.291666666667
426 0.26 2.77555756156e-17 0.291666666667
427 0.26 2.77555756156e-17 0.291666666667
428 0.26 2.77555756156e-17 0.291666666667
429 0.26 2.77555756156e-17 0.291666666667
430 0.26 2.77555756156e-17 0.291666666667
431 0.26 2.77555756156e-17 0.291666666667
432 0.26 2.77555756156e-17 0.291666666667
433 0.26 2.77555756156e-17 0.291666666667
434 0.26 2.77555756156e-17 0.291666666667
435 0.26 2.77555756156e-17 0.291666666667
436 0.26 2.77555756156e-17 0.291666666667
437 0.26 2.77555756156e-17 0.291666666667
438 0.26 2.77555756156e-17 0.291666666667
439 0.26 2.77555756156e-17 0.291666666667
440 0.26 2.77555756156e-17 0.291666666667
441 0.26 2.77555756156e-17 0.291666666667
442 0.26 2.77555756156e-17 0.291666666667
443 0.26 2.77555756156e-17 0.291666666667
444 0.26 2.77555756156e-17 0.291666666667
445 0.26 2.77555756156e-17 0.291666666667
446 0.26 2.77555756156e-17 0.291666666667
447 0.26 2.77555756156e-17 0.291666666667
448 0.26 2.77555756156e-17 0.291666666667
449 0.26 2.77555756156e-17 0.291666666667
450 0.26 2.77555756156e-17 0.291666666667
451 0.26 2.77555756156e-17 0.291666666667
452 0.26 2.77555756156e-17 0.291666666667
453 0.26 2.77555756156e-17 0.291666666667
454 0.26 2.77555756156e-17 0.291666666667
455 0.26 2.77555756156e-17 0.291666666667
456 0.26 2.77555756156e-17 0.291666666667
457 0.26 2.77555756156e-17 0.291666666667
458 0.26 2.77555756156e-17 0.291666666667
459 0.26 2.77555756156e-17 0.291666666667
460 0.26 2.77555756156e-17 0.291666666667
461 0.26 2.77555756156e-17 0.291666666667
462 0.26 2.77555756156e-17 0.291666666667
463 0.26 2.77555756156e-17 0.291666666667
464 0.26 2.77555756156e-17 0.291666666667
465 0.26 2.77555756156e-17 0.291666666667
466 0.26 2.77555756156e-17 0.291666666667
467 0.26 2.77555756156e-17 0.291666666667
468 0.26 2.77555756156e-17 0.291666666667
469 0.26 2.77555756156e-17 0.291666666667
470 0.26 2.77555756156e-17 0.291666666667
471 0.26 2.77555756156e-17 0.291666666667
472 0.26 2.77555756156e-17 0.291666666667
473 0.26 2.77555756156e-17 0.291666666667
474 0.26 2.77555756156e-17 0.291666666667
475 0.26 2.77555756156e-17 0.291666666667
476 0.26 2.77555756156e-17 0.291666666667
477 0.26 2.77555756156e-17 0.291666666667
478 0.26 2.77555756156e-17 0.291666666667
479 0.26 2.77555756156e-17 0.291666666667
480 0.26 2.77555756156e-17 0.291666666667
481 0.26 2.77555756156e-17 0.291666666667
482 0.26 2.77555756156e-17 0.291666666667
483 0.26 2.77555756156e-17 0.291666666667
484 0.26 2.77555756156e-17 0.291666666667
485 0.26 2.77555756156e-17 0.291666666667
486 0.26 2.77555756156e-17 0.291666666667
487 0.26 2.77555756156e-17 0.291666666667
488 0.26 2.77555756156e-17 0.291666666667
489 0.26 2.77555756156e-17 0.291666666667
490 0.26 2.77555756156e-17 0.291666666667
491 0.26 2.77555756156e-17 0.291666666667
492 0.26 2.77555756156e-17 0.291666666667
493 0.26 2.77555756156e-17 0.291666666667
494 0.26 2.77555756156e-17 0.291666666667
495 0.26 2.77555756156e-17 0.291666666667
496 0.26 2.77555756156e-17 0.291666666667
497 0.26 2.77555756156e-17 0.291666666667
498 0.26 2.77555756156e-17 0.291666666667
499 0.26 2.77555756156e-17 0.291666666667
500 0.26 2.77555756156e-17 0.291666666667
501 0.26 2.77555756156e-17 0.291666666667
502 0.26 2.77555756156e-17 0.291666666667
503 0.26 2.77555756156e-17 0.291666666667
504 0.26 2.77555756156e-17 0.291666666667
505 0.26 2.77555756156e-17 0.291666666667
506 0.26 2.77555756156e-17 0.291666666667
507 0.26 2.77555756156e-17 0.291666666667
508 0.26 2.77555756156e-17 0.291666666667
509 0.26 2.77555756156e-17 0.291666666667
510 0.26 2.77555756156e-17 0.291666666667
511 0.26 2.77555756156e-17 0.291666666667
512 0.26 2.77555756156e-17 0.291666666667
513 0.26 2.77555756156e-17 0.291666666667
514 0.26 2.77555756156e-17 0.291666666667
515 0.26 2.77555756156e-17 0.291666666667
516 0.26 2.77555756156e-17 0.291666666667
517 0.26 2.77555756156e-17 0.291666666667
518 0.26 2.77555756156e-17 0.291666666667
519 0.26 2.77555756156e-17 0.291666666667
520 0.26 2.77555756156e-17 0.291666666667
521 0.26 2.77555756156e-17 0.291666666667
522 0.26 2.77555756156e-17 0.291666666667
523 0.26 2.77555756156e-17 0.291666666667
524 0.26 2.77555756156e-17 0.291666666667
525 0.26 2.77555756156e-17 0.291666666667
526 0.26 2.77555756156e-17 0.291666666667
527 0.26 2.77555756156e-17 0.291666666667
528 0.26 2.77555756156e-17 0.28975
529 0.26 2.77555756156e-17 0.287833333333
530 0.26 2.77555756156e-17 0.284
531 0.26 2.77555756156e-17 0.282083333333
532 0.26 2.77555756156e-17 0.27825
533 0.26 2.77555756156e-17 0.276333333333
534 0.26 2.77555756156e-17 0.274416666667
535 0.26 2.77555756156e-17 0.2725
536 0.26 2.77555756156e-17 0.268916666667
537 0.26 2.77555756156e-17 0.26675
538 0.26 2.77555756156e-17 0.264833333333
539 0.26 2.77555756156e-17 0.262916666667
540 0.26 2.77555756156e-17 0.259083333333
541 0.26 2.77555756156e-17 0.257166666667
542 0.26 2.77555756156e-17 0.25525
543 0.26 2.77555756156e-17 0.251416666667
544 0.26 2.77555756156e-17 0.2495
545 0.26 2.77555756156e-17 0.247583333333
546 0.26 2.77555756156e-17 0.24375
547 0.26 2.77555756156e-17 0.241833333333
548 0.26 2.77555756156e-17 0.239916666667
549 0.26 2.77555756156e-17 0.236083333333
550 0.26 2.77555756156e-17 0.234166666667
551 0.26 2.77555756156e-17 0.23225
552 0.26 2.77555756156e-17 0.230333333333
553 0.26 2.77555756156e-17 0.2265
554 0.26 2.77555756156e-17 0.224583333333
555 0.26 2.77555756156e-17 0.222666666667
556 0.26 2.77555756156e-17 0.219166666667
557 0.26 2.77555756156e-17 0.216916666667
558 0.26 2.77555756156e-17 0.215
559 0.26 2.77555756156e-17 0.213083333333
560 0.26 2.77555756156e-17 0.211166666667
561 0.26 2.77555756156e-17 0.207333333333
562 0.26 2.77555756156e-17 0.205416666667
563 0.26 2.77555756156e-17 0.2035
564 0.26 2.77555756156e-17 0.200333333333
565 0.26 2.77555756156e-17 0.19775
566 0.26 2.77555756156e-17 0.195833333333
567 0.26 2.77555756156e-17 0.19325
568 0.26 2.77555756156e-17 0.190083333333
569 0.26 2.77555756156e-17 0.188166666667
570 0.26 2.77555756156e-17 0.185333333333
571 0.26 2.77555756156e-17 0.182416666667
572 0.26 2.77555756156e-17 0.1805
573 0.26 2.77555756156e-17 0.178583333333
574 0.26 2.77555756156e-17 0.17475
575 0.26 2.77555756156e-17 0.172833333333
576 0.26 2.77555756156e-17 0.170916666667
577 0.26 2.77555756156e-17 0.167083333333
578 0.26 2.77555756156e-17 0.165166666667
579 0.26 2.77555756156e-17 0.16325
580 0.26 2.77555756156e-17 0.161333333333
581 0.26 2.77555756156e-17 0.1575
582 0.26 2.77555756156e-17 0.155583333333
583 0.26 2.77555756156e-17 0.153666666667
584 0.26 2.77555756156e-17 0.151416666667
585 0.26 2.77555756156e-17 0.147916666667
586 0.26 2.77555756156e-17 0.146
