0 0.26 0.0 0.0
1 0.26 0.0 0.0
2 0.26 0.0 0.0
3 0.26 0.0 0.0
4 0.26 0.0 0.0
5 0.26 0.0 0.0
6 0.26 0.0 0.0
7 0.26 0.0 0.0
8 0.26 -0.05 0.0
9 0.26 -0.1 0.0
10 0.26 -0.2 0.0
11 0.26 -0.25 0.0
12 0.26 -0.3 0.0
13 0.26 -0.35 0.0
14 0.26 -0.4 0.0
15 0.26 -0.4 0.03125
16 0.26 -0.4 0.1375
17 0.26 -0.4 0.25
18 0.26 -0.4 0.3
19 0.26 -0.4 0.307333333333
20 0.26 -0.4 0.325
21 0.26 -0.4 0.3125
22 0.26 -0.4 0.185083333333
23 0.26 -0.4 0.05625
24 0.26 -0.4 0.0
25 0.0 0.0 0.0
26 0.0 0.0 0.0
27 0.005 0.0 0.0
28 0.01 0.0 0.0
29 0.01 0.0 0.0
30 0.015 0.0 0.0
31 0.04 0.0 0.0
32 0.07 0.0 0.0
33 0.095 0.0 0.0
34 0.125 0.0 0.0
35 0.155 0.0 0.0
36 0.18 0.0 0.0
37 0.205 0.0 0.0
38 0.23 0.0 0.0
39 0.255 0.0 0.0
40 0.26 0.0 0.0
41 0.26 0.0 0.0
42 0.26 0.0 0.0
43 0.26 0.0 0.0
44 0.26 0.0 0.0
45 0.26 0.0 0.0
46 0.26 0.0 0.0
47 0.26 0.0 0.0
48 0.26 0.0 0.0
49 0.26 0.0 0.0
50 0.26 0.0 0.0
51 0.26 0.0 0.0
52 0.26 0.0 0.0
53 0.26 0.0 0.0
54 0.26 0.0 0.0
55 0.26 0.0 0.0
56 0.26 0.0 0.0
57 0.26 0.0 0.0
58 0.26 0.0 0.0
59 0.26 0.05 0.0
60 0.26 0.1 0.0
61 0.26 0.1 0.0
62 0.26 0.1 0.0
63 0.26 0.1 0.0
64 0.26 0.1 0.0
65 0.26 0.1 0.0
66 0.26 0.1 0.0
67 0.26 0.2 0.0
68 0.26 0.2 0.0
69 0.26 0.2 0.0
70 0.26 0.2 0.0
71 0.26 0.2 0.0
72 0.26 0.2 0.0
73 0.26 0.2 0.0
74 0.26 0.2 0.0
75 0.26 0.2 0.0
76 0.26 0.2 0.00616666666667
77 0.26 0.2 0.05625
78 0.26 0.2 0.10625
79 0.26 0.2 0.1625
80 0.26 0.2 0.2125
81 0.26 0.2 0.2625
82 0.26 0.2 0.3125
83 0.26 0.2 0.35
84 0.26 0.2 0.35
85 0.0 0.0 0.352333333333
86 0.0 0.0 0.35
87 0.005 0.0 0.34375
88 0.01 0.0 0.34375
89 0.01 0.0 0.275
90 0.02 0.0 0.23125
91 0.045 0.0 0.225
92 0.075 0.0 0.24375
93 0.1 0.0 0.23125
94 0.125 0.0 0.2125
95 0.15 0.0 0.2125
96 0.18 0.0 0.2125
97 0.205 0.0 0.2125
98 0.23 0.0 0.2125
99 0.255 0.0 0.21875
100 0.26 0.0 0.21875
101 0.26 0.0 0.225
102 0.26 0.0 0.21875
103 0.26 0.0 0.21875
104 0.26 0.0 0.21875
105 0.26 0.0 0.21875
106 0.26 0.0 0.21875
107 0.26 0.0 0.21875
108 0.26 0.0 0.21875
109 0.26 0.0 0.21875
110 0.26 0.0 0.21875
111 0.26 0.0 0.21875
112 0.26 0.0 0.21875
113 0.26 0.0 0.21875
114 0.26 0.0 0.21875
115 0.26 0.0 0.21875
116 0.26 0.0 0.21875
117 0.26 0.0 0.21875
118 0.26 0.0 0.21875
119 0.26 -0.05 0.21875
120 0.26 -0.1 0.23125
121 0.26 -0.1 0.25625
122 0.26 -0.1 0.28125
123 0.26 -0.1 0.30625
124 0.26 -0.1 0.33125
125 0.26 -0.1 0.33125
126 0.26 -0.1 0.3375
127 0.26 -0.1 0.33125
128 0.26 0.0 0.342166666667
129 0.26 0.0 0.34375
130 0.26 0.0 0.34375
131 0.26 0.0 0.35
132 0.26 0.0 0.35
133 0.26 0.0 0.35625
134 0.26 0.0 0.3625
135 0.26 0.0 0.36875
136 0.26 0.0 0.375
137 0.26 0.0 0.380083333333
138 0.26 0.0 0.38125
139 0.26 0.0 0.39375
140 0.26 0.0 0.39375
141 0.26 0.0 0.40625
142 0.26 0.0 0.41875
143 0.26 0.0 0.41875
144 0.26 0.0 0.43125
145 0.26 0.0 0.4385
146 0.26 -0.05 0.45625
147 0.26 -0.1 0.4625
148 0.26 -0.1 0.4875
149 0.26 -0.1 0.50625
150 0.26 -0.1 0.46975
151 0.26 -0.1 0.4375
152 0.26 -0.1 0.40625
153 0.26 -0.1 0.375
154 0.26 -0.1 0.34375
155 0.26 -0.1 0.31875
156 0.26 -0.1 0.2875
157 0.26 -0.1 0.25625
158 0.26 -0.1 0.23125
159 0.26 -0.1 0.2
160 0.26 -0.1 0.16875
161 0.26 -0.05 0.1375
162 0.26 0.0 0.113583333333
163 0.26 0.1 0.10625
164 0.26 0.1 0.125
165 0.26 0.1 0.15
166 0.26 0.1 0.175
167 0.26 0.1 0.2
168 0.26 0.1 0.225
169 0.26 0.1 0.25
170 0.26 0.15 0.275
171 0.26 0.2 0.30625
172 0.26 0.2 0.35625
173 0.26 0.2 0.41875
174 0.26 0.2 0.48125
175 0.26 0.2 0.53125
176 0.26 0.2 0.5875
177 0.26 0.2 0.64375
178 0.26 0.2 0.7
179 0.26 0.1 0.75
180 0.26 0.1 0.75
181 0.26 0.0 0.75
182 0.26 0.0 0.75
183 0.26 0.0 0.75
184 0.26 0.0 0.75
185 0.26 0.0 0.75
186 0.26 0.0 0.75
187 0.26 0.0 0.75
188 0.26 0.0 0.75
189 0.26 0.0 0.75
190 0.26 0.0 0.75
191 0.26 0.0 0.75
192 0.26 0.0 0.75
193 0.26 0.0 0.75
194 0.26 0.0 0.75
195 0.26 0.0 0.75
196 0.26 0.0 0.75
197 0.26 0.0 0.75
198 0.26 0.0 0.75
199 0.26 0.0 0.75
200 0.26 0.0 0.75
201 0.26 0.0 0.75
202 0.26 0.0 0.75
203 0.26 0.0 0.75
204 0.26 0.0 0.75
205 0.26 0.0 0.75
206 0.26 0.0 0.75
207 0.26 0.0 0.75
208 0.26 0.0 0.75
209 0.26 0.0 0.75
210 0.26 0.0 0.75
211 0.26 0.0 0.75
212 0.26 0.0 0.75
213 0.26 0.0 0.75
214 0.26 0.0 0.75
215 0.26 0.0 0.75
