0 0.26 0.0 0.0
1 0.26 0.0 0.0
2 0.26 0.0 0.0
3 0.26 0.0 0.0
4 0.26 0.0 0.0
5 0.26 0.0 0.0
6 0.26 0.0 0.0
7 0.26 0.0 0.0
8 0.26 0.0 0.0
9 0.26 0.0 0.0
10 0.26 0.0 0.0
11 0.26 0.0 0.0
12 0.26 0.0 0.0
13 0.26 0.0 0.0
14 0.26 0.0 0.0
15 0.26 0.0 0.0
16 0.26 0.0 0.0
17 0.26 0.0 0.0
18 0.26 0.0 0.0
19 0.26 0.0 0.0
20 0.26 0.0 0.0
21 0.26 0.0 0.0
22 0.26 0.0 0.0
23 0.26 0.0 0.0
24 0.26 0.0 0.0
25 0.26 0.0 0.0
26 0.26 0.0 0.0
27 0.26 0.0 0.0
28 0.26 0.0 0.0
29 0.26 0.0 0.0
30 0.26 0.0 0.0
31 0.26 0.0 0.0
32 0.26 0.0 0.0
33 0.26 0.0 0.0
34 0.26 0.0 0.0
35 0.26 0.0 0.0
36 0.26 0.0 0.0
37 0.26 0.0 0.0
38 0.26 0.0 0.0
39 0.26 0.0 0.0
40 0.26 0.0 0.0
41 0.26 0.0 0.0
42 0.26 0.0 0.0
43 0.26 0.0 0.0
44 0.26 0.0 0.0
45 0.26 0.0 0.0
46 0.26 0.0 0.0
47 0.26 0.0 0.0
48 0.26 0.0 0.0
49 0.26 0.05 0.0
50 0.26 0.1 0.0
51 0.26 0.1 0.0
52 0.26 0.1 0.0
53 0.26 0.1 0.0
54 0.26 0.25 0.0
55 0.26 0.4 0.0
56 0.26 0.55 0.0
57 0.26 0.7 0.0
58 0.26 0.75 0.0
59 0.26 0.8 0.0
60 0.26 0.85 0.0
61 0.26 0.9 0.0
62 0.26 0.95 0.0
63 0.26 1.0 0.0
64 0.26 1.05 0.0
65 0.26 1.1 0.0
66 0.26 1.15 0.0375
67 0.0 0.0 0.225
68 0.0 0.0 0.3375
69 0.0 0.0 0.34375
70 0.0 0.0 0.35
71 0.0 0.0 0.33125
72 0.0 0.0 0.28125
73 0.005 0.0 0.26875
74 0.01 0.0 0.26875
75 0.01 0.0 0.26875
76 0.01 0.0 0.26875
77 0.01 0.0 0.26875
78 0.025 0.0 0.26875
79 0.04 0.0 0.26875
80 0.055 0.0 0.26875
81 0.07 0.0 0.26875
82 0.09 0.0 0.275
83 0.105 0.0 0.275
84 0.12 0.0 0.2875
85 0.135 0.0 0.2875
86 0.15 0.0 0.28125
87 0.165 0.0 0.28125
88 0.17 0.0 0.275
89 0.175 0.0 0.275
90 0.18 0.0 0.28125
91 0.185 0.0 0.28125
92 0.19 0.0 0.28125
93 0.195 0.0 0.28125
94 0.2 0.0 0.28125
95 0.205 0.0 0.28125
96 0.21 0.0 0.28125
97 0.215 0.0 0.28125
98 0.22 0.0 0.28125
99 0.225 0.0 0.28125
100 0.23 0.0 0.28125
101 0.235 0.0 0.28125
102 0.24 0.0 0.28125
103 0.245 0.0 0.28125
104 0.25 0.0 0.28125
105 0.255 0.0 0.28125
106 0.26 0.0 0.2875
107 0.26 0.0 0.2875
108 0.26 0.0 0.2875
109 0.26 0.0 0.2875
110 0.26 0.0 0.2875
111 0.26 0.0 0.29375
112 0.26 0.05 0.29375
113 0.26 0.1 0.2875
114 0.26 0.1 0.28125
115 0.26 0.1 0.2625
116 0.26 0.1 0.24375
117 0.26 0.1 0.23125
118 0.26 0.1 0.2125
119 0.26 0.1 0.19375
120 0.26 0.1 0.175
121 0.26 0.1 0.15625
122 0.26 0.1 0.1375
123 0.26 0.1 0.11875
124 0.26 0.1 0.1
125 0.26 0.1 0.08125
126 0.26 0.05 0.05625
127 0.26 0.0 0.0375
128 0.26 0.0 0.025
129 0.26 0.0 0.01875
130 0.26 0.0 0.0125
131 0.26 -0.05 0.00625
132 0.26 -0.2 0.0
133 0.26 -0.3 0.0125
134 0.26 -0.35 0.05625
135 0.26 -0.4 0.10625
136 0.26 -0.45 0.16875
137 0.26 -0.5 0.2375
138 0.26 -0.55 0.30625
139 0.26 -0.6 0.40625
140 0.26 -0.6 0.5125
141 0.26 -0.6 0.6375
142 0.26 -0.6 0.75
143 0.26 -0.6 0.75
144 0.26 -0.6 0.75
145 0.26 -0.6 0.75
146 0.26 -0.6 0.75
147 0.26 -0.6 0.75
148 0.26 -0.6 0.75
149 0.26 -0.6 0.75
150 0.26 -0.6 0.75
151 0.26 -0.6 0.75
152 0.26 -0.6 0.75
153 0.26 -0.6 0.75
154 0.26 -0.6 0.75
155 0.26 -0.6 0.75
156 0.26 -0.6 0.75
157 0.0 0.0 0.75
158 0.0 0.0 0.75
159 0.0 0.0 0.75
160 0.0 0.0 0.75
161 0.005 0.0 0.75
162 0.01 0.0 0.75
163 0.01 0.0 0.75
164 0.01 0.0 0.75
165 0.01 0.0 0.75
166 0.025 0.0 0.75
167 0.045 0.0 0.75
168 0.06 0.0 0.75
169 0.075 0.0 0.75
170 0.095 0.0 0.75
171 0.11 0.0 0.75
172 0.125 0.0 0.75
173 0.145 0.0 0.75
174 0.16 0.0 0.75
175 0.175 0.0 0.75
176 0.19 0.0 0.75
177 0.21 0.0 0.75
178 0.225 0.0 0.75
179 0.24 0.0 0.75
180 0.255 0.0 0.75
181 0.26 0.0 0.75
182 0.26 0.0 0.75
183 0.26 0.0 0.75
