0 0.12 0.0 0.269
1 0.13 0.0 0.266583333333
2 0.14 -0.1 0.25775
3 0.145 -0.1 0.26075
4 0.155 -0.15 0.260833333333
5 0.165 -0.2 0.258583333333
6 0.175 -0.25 0.255333333333
7 0.18 -0.3 0.25375
8 0.19 -0.3 0.259416666667
9 0.195 -0.3 0.2585
10 0.205 -0.3 0.255
11 0.21 -0.3 0.253916666667
12 0.215 -0.3 0.252333333333
13 0.225 -0.3 0.250583333333
14 0.23 -0.3 0.252083333333
15 0.24 -0.3 0.250583333333
16 0.245 -0.3 0.258166666667
17 0.25 -0.3 0.257166666667
18 0.25 -0.3 0.256583333333
19 0.25 -0.3 0.256583333333
20 0.25 -0.3 0.256
21 0.25 -0.3 0.256583333333
22 0.25 -0.3 0.25825
23 0.25 -0.3 0.261666666667
24 0.25 -0.3 0.262583333333
25 0.25 -0.3 0.262083333333
26 0.25 -0.3 0.261166666667
27 0.25 -0.3 0.261916666667
28 0.25 -0.3 0.261083333333
29 0.25 -0.3 0.260166666667
30 0.25 -0.3 0.26325
31 0.25 -0.3 0.276083333333
32 0.25 -0.3 0.278916666667
33 0.25 -0.3 0.278333333333
34 0.25 -0.3 0.277583333333
35 0.25 -0.3 0.277333333333
36 0.25 -0.3 0.276583333333
37 0.25 -0.3 0.275083333333
38 0.25 -0.3 0.273916666667
39 0.25 -0.3 0.281166666667
40 0.25 -0.3 0.290583333333
41 0.25 -0.3 0.291666666667
42 0.25 -0.3 0.291666666667
43 0.25 -0.3 0.291666666667
44 0.25 -0.3 0.291666666667
45 0.25 -0.3 0.291666666667
46 0.25 -0.3 0.291666666667
47 0.25 -0.3 0.291666666667
48 0.25 -0.3 0.291666666667
49 0.25 -0.3 0.291666666667
50 0.25 -0.3 0.291666666667
51 0.25 -0.3 0.291666666667
52 0.25 -0.3 0.291666666667
53 0.25 -0.3 0.291666666667
54 0.25 -0.3 0.291666666667
55 0.25 -0.3 0.291666666667
56 0.25 -0.3 0.291666666667
57 0.255 -0.3 0.291666666667
58 0.26 -0.3 0.291666666667
59 0.26 -0.2 0.291666666667
60 0.26 -0.15 0.291666666667
61 0.26 -0.1 0.291666666667
62 0.26 -0.1 0.291666666667
63 0.26 -0.05 0.291666666667
64 0.26 0.1 0.291666666667
65 0.26 0.2 0.291666666667
66 0.26 0.25 0.291666666667
67 0.26 0.3 0.291666666667
68 0.26 0.3 0.291666666667
69 0.26 0.3 0.291666666667
70 0.26 0.3 0.291666666667
71 0.26 0.3 0.291666666667
72 0.26 0.3 0.291666666667
73 0.26 0.3 0.291666666667
74 0.26 0.3 0.291666666667
75 0.26 0.3 0.291666666667
76 0.26 0.3 0.291666666667
77 0.26 0.3 0.291666666667
78 0.26 0.3 0.291666666667
79 0.26 0.3 0.291666666667
80 0.26 0.25 0.291666666667
81 0.26 0.15 0.291666666667
82 0.26 0.1 0.291666666667
83 0.26 0.1 0.291666666667
84 0.26 0.1 0.291666666667
85 0.26 0.1 0.291666666667
86 0.26 0.1 0.291666666667
87 0.26 0.05 0.291666666667
88 0.26 -2.77555756156e-17 0.291666666667
89 0.26 -2.77555756156e-17 0.291666666667
90 0.26 -2.77555756156e-17 0.291666666667
91 0.26 -2.77555756156e-17 0.291666666667
92 0.26 -2.77555756156e-17 0.291666666667
93 0.26 -2.77555756156e-17 0.291666666667
94 0.26 -2.77555756156e-17 0.291666666667
95 0.26 -2.77555756156e-17 0.291666666667
96 0.26 -2.77555756156e-17 0.291666666667
97 0.26 -2.77555756156e-17 0.291666666667
98 0.26 -2.77555756156e-17 0.291666666667
99 0.26 -2.77555756156e-17 0.291666666667
100 0.26 -2.77555756156e-17 0.291666666667
101 0.26 -2.77555756156e-17 0.291666666667
102 0.26 -2.77555756156e-17 0.291666666667
103 0.26 -2.77555756156e-17 0.291666666667
104 0.26 -2.77555756156e-17 0.291666666667
105 0.26 -2.77555756156e-17 0.291666666667
106 0.26 -2.77555756156e-17 0.291666666667
107 0.26 -2.77555756156e-17 0.291666666667
108 0.26 -2.77555756156e-17 0.291666666667
109 0.26 -2.77555756156e-17 0.291666666667
110 0.26 -2.77555756156e-17 0.291666666667
111 0.26 -2.77555756156e-17 0.291666666667
112 0.26 -2.77555756156e-17 0.291666666667
113 0.26 -2.77555756156e-17 0.291666666667
114 0.26 -2.77555756156e-17 0.291666666667
115 0.26 -2.77555756156e-17 0.291666666667
116 0.26 -2.77555756156e-17 0.291666666667
117 0.26 -2.77555756156e-17 0.291666666667
118 0.26 -2.77555756156e-17 0.291666666667
119 0.26 -2.77555756156e-17 0.291666666667
120 0.26 -2.77555756156e-17 0.291666666667
121 0.26 -2.77555756156e-17 0.291666666667
122 0.26 -2.77555756156e-17 0.291666666667
123 0.26 -2.77555756156e-17 0.291666666667
124 0.26 -2.77555756156e-17 0.291666666667
125 0.26 -2.77555756156e-17 0.291666666667
126 0.26 -2.77555756156e-17 0.291666666667
127 0.26 -2.77555756156e-17 0.291666666667
128 0.26 -2.77555756156e-17 0.291666666667
129 0.26 -2.77555756156e-17 0.291666666667
130 0.26 -2.77555756156e-17 0.291666666667
131 0.26 -2.77555756156e-17 0.291666666667
132 0.26 -2.77555756156e-17 0.291666666667
133 0.26 -2.77555756156e-17 0.291666666667
134 0.26 -2.77555756156e-17 0.291666666667
135 0.26 -2.77555756156e-17 0.291666666667
136 0.26 -2.77555756156e-17 0.291666666667
137 0.26 -2.77555756156e-17 0.291666666667
138 0.26 -2.77555756156e-17 0.291666666667
139 0.26 -2.77555756156e-17 0.291666666667
140 0.26 -2.77555756156e-17 0.291666666667
141 0.26 -2.77555756156e-17 0.291666666667
142 0.26 -2.77555756156e-17 0.291666666667
143 0.26 -2.77555756156e-17 0.291666666667
144 0.26 -2.77555756156e-17 0.291666666667
145 0.26 -2.77555756156e-17 0.291666666667
146 0.26 -2.77555756156e-17 0.291666666667
147 0.26 -2.77555756156e-17 0.291666666667
148 0.26 -2.77555756156e-17 0.291666666667
149 0.26 -2.77555756156e-17 0.29125
150 0.26 -0.05 0.290333333333
151 0.26 -0.1 0.286083333333
152 0.26 -0.1 0.283
153 0.26 -0.1 0.283166666667
154 0.26 -0.1 0.286
155 0.26 -0.1 0.289416666667
156 0.26 -0.1 0.291416666667
157 0.26 -0.1 0.291666666667
158 0.26 -0.1 0.291666666667
159 0.26 -0.1 0.291666666667
160 0.26 -0.1 0.291666666667
161 0.26 -0.1 0.291666666667
162 0.26 -0.1 0.291666666667
163 0.26 -0.1 0.291666666667
164 0.26 -0.1 0.29125
165 0.26 -0.1 0.290416666667
166 0.26 -0.1 0.289916666667
167 0.26 -0.05 0.283416666667
168 0.26 -2.77555756156e-17 0.281416666667
169 0.26 -2.77555756156e-17 0.281583333333
170 0.26 -2.77555756156e-17 0.28125
171 0.26 -2.77555756156e-17 0.281
172 0.26 -2.77555756156e-17 0.280916666667
173 0.26 -2.77555756156e-17 0.280916666667
174 0.26 -2.77555756156e-17 0.280666666667
175 0.26 -2.77555756156e-17 0.280416666667
176 0.26 -2.77555756156e-17 0.280416666667
177 0.26 -2.77555756156e-17 0.280333333333
178 0.26 -2.77555756156e-17 0.280166666667
179 0.26 -2.77555756156e-17 0.27975
180 0.26 -2.77555756156e-17 0.2795
181 0.26 -2.77555756156e-17 0.280083333333
182 0.26 -2.77555756156e-17 0.279666666667
183 0.26 -2.77555756156e-17 0.2795
184 0.26 -2.77555756156e-17 0.279
185 0.26 -2.77555756156e-17 0.27725
186 0.26 -2.77555756156e-17 0.2765
187 0.26 -2.77555756156e-17 0.275333333333
188 0.26 -2.77555756156e-17 0.274833333333
189 0.26 -2.77555756156e-17 0.27425
190 0.26 -2.77555756156e-17 0.275166666667
191 0.26 -2.77555756156e-17 0.275416666667
192 0.26 -2.77555756156e-17 0.275416666667
193 0.26 -2.77555756156e-17 0.276416666667
194 0.26 -2.77555756156e-17 0.2765
195 0.26 -2.77555756156e-17 0.276083333333
196 0.26 -2.77555756156e-17 0.276333333333
197 0.26 -2.77555756156e-17 0.277416666667
198 0.26 0.1 0.277083333333
199 0.26 0.1 0.275083333333
200 0.26 0.1 0.272166666667
201 0.26 0.25 0.270583333333
202 0.26 0.3 0.272
203 0.26 0.4 0.272166666667
204 0.26 0.4 0.272416666667
205 0.26 0.4 0.273083333333
206 0.26 0.4 0.272916666667
207 0.26 0.4 0.270833333333
208 0.26 0.4 0.2595
209 0.26 0.4 0.2585
210 0.26 0.4 0.257416666667
211 0.26 0.4 0.257833333333
212 0.26 0.4 0.257666666667
213 0.26 0.4 0.257
214 0.26 0.4 0.25225
215 0.26 0.4 0.247583333333
216 0.26 0.4 0.248416666667
217 0.26 0.4 0.24725
218 0.26 0.4 0.24775
219 0.26 0.35 0.247416666667
220 0.26 0.3 0.251083333333
221 0.26 0.25 0.25825
222 0.26 0.2 0.266833333333
223 0.26 0.2 0.261666666667
224 0.26 0.2 0.257
225 0.26 0.2 0.25475
226 0.26 0.2 0.24625
227 0.26 0.2 0.2435
228 0.26 0.25 0.242
229 0.26 0.3 0.241666666667
230 0.26 0.3 0.2415
231 0.26 0.3 0.24225
232 0.26 0.45 0.25125
233 0.26 0.5 0.2545
234 0.26 0.6 0.265083333333
235 0.26 0.6 0.267666666667
236 0.26 0.6 0.267666666667
237 0.26 0.6 0.251416666667
238 0.26 0.6 0.235583333333
239 0.26 0.6 0.244916666667
240 0.26 0.6 0.26025
241 0.26 0.6 0.259666666667
242 0.26 0.6 0.260583333333
243 0.26 0.6 0.261166666667
244 0.26 0.5 0.261333333333
245 0.26 0.5 0.261333333333
246 0.26 0.45 0.269333333333
247 0.26 0.4 0.280416666667
248 0.26 0.4 0.291166666667
249 0.26 0.3 0.291666666667
250 0.26 0.3 0.291666666667
251 0.26 0.3 0.291666666667
252 0.26 0.3 0.291666666667
253 0.26 0.3 0.291666666667
254 0.26 0.3 0.291666666667
255 0.26 0.3 0.291666666667
256 0.26 0.3 0.291666666667
257 0.26 0.3 0.289583333333
258 0.26 0.3 0.2815
259 0.26 0.3 0.280083333333
260 0.26 0.3 0.28025
261 0.26 0.3 0.280333333333
262 0.26 0.3 0.272583333333
263 0.26 0.3 0.26625
264 0.26 0.3 0.263
265 0.26 0.3 0.256333333333
266 0.26 0.3 0.251666666667
267 0.26 0.3 0.251416666667
268 0.26 0.3 0.252666666667
269 0.26 0.3 0.252916666667
270 0.26 0.3 0.252916666667
271 0.26 0.3 0.253083333333
272 0.26 0.3 0.254416666667
273 0.26 0.3 0.255
274 0.26 0.3 0.254916666667
275 0.26 0.3 0.255833333333
276 0.26 0.3 0.254916666667
277 0.26 0.3 0.257
278 0.26 0.3 0.26175
279 0.26 0.2 0.262916666667
280 0.26 0.2 0.26325
281 0.26 0.2 0.266333333333
282 0.26 0.15 0.273
283 0.26 0.1 0.277666666667
284 0.26 0.1 0.277333333333
285 0.26 0.05 0.27775
286 0.26 2.77555756156e-17 0.278666666667
287 0.26 2.77555756156e-17 0.279083333333
288 0.26 2.77555756156e-17 0.278583333333
289 0.26 2.77555756156e-17 0.278666666667
290 0.26 2.77555756156e-17 0.27875
291 0.26 2.77555756156e-17 0.278333333333
292 0.26 2.77555756156e-17 0.278
293 0.26 2.77555756156e-17 0.277583333333
294 0.26 2.77555756156e-17 0.277666666667
295 0.26 2.77555756156e-17 0.277333333333
296 0.26 2.77555756156e-17 0.27725
297 0.26 2.77555756156e-17 0.276916666667
298 0.26 2.77555756156e-17 0.276666666667
299 0.26 2.77555756156e-17 0.275583333333
300 0.26 2.77555756156e-17 0.274916666667
301 0.26 2.77555756156e-17 0.272833333333
302 0.26 2.77555756156e-17 0.269916666667
303 0.26 2.77555756156e-17 0.267666666667
304 0.26 2.77555756156e-17 0.265666666667
305 0.26 2.77555756156e-17 0.258333333333
306 0.26 2.77555756156e-17 0.252166666667
307 0.26 2.77555756156e-17 0.247
308 0.26 2.77555756156e-17 0.244666666667
309 0.26 2.77555756156e-17 0.241083333333
310 0.26 2.77555756156e-17 0.238
311 0.26 2.77555756156e-17 0.235416666667
312 0.26 2.77555756156e-17 0.232166666667
313 0.26 2.77555756156e-17 0.229916666667
314 0.26 2.77555756156e-17 0.227333333333
315 0.26 2.77555756156e-17 0.223916666667
316 0.26 2.77555756156e-17 0.223333333333
317 0.26 2.77555756156e-17 0.2215
318 0.26 2.77555756156e-17 0.220416666667
319 0.26 2.77555756156e-17 0.21825
320 0.26 2.77555756156e-17 0.217666666667
321 0.26 2.77555756156e-17 0.216416666667
322 0.26 2.77555756156e-17 0.216333333333
323 0.26 2.77555756156e-17 0.21525
324 0.26 2.77555756156e-17 0.215666666667
325 0.26 2.77555756156e-17 0.2145
326 0.26 2.77555756156e-17 0.214416666667
327 0.26 2.77555756156e-17 0.214083333333
328 0.26 2.77555756156e-17 0.214583333333
329 0.26 2.77555756156e-17 0.215416666667
330 0.26 2.77555756156e-17 0.215916666667
331 0.26 2.77555756156e-17 0.217166666667
332 0.26 2.77555756156e-17 0.215583333333
333 0.26 2.77555756156e-17 0.216416666667
334 0.26 2.77555756156e-17 0.218833333333
335 0.26 2.77555756156e-17 0.219416666667
336 0.26 2.77555756156e-17 0.219416666667
337 0.26 2.77555756156e-17 0.219
338 0.26 2.77555756156e-17 0.218166666667
339 0.26 2.77555756156e-17 0.217
340 0.26 2.77555756156e-17 0.216666666667
341 0.26 2.77555756156e-17 0.217583333333
342 0.26 2.77555756156e-17 0.216166666667
343 0.26 2.77555756156e-17 0.215666666667
344 0.26 2.77555756156e-17 0.21375
345 0.26 2.77555756156e-17 0.211
346 0.26 2.77555756156e-17 0.211666666667
347 0.26 2.77555756156e-17 0.209916666667
348 0.26 2.77555756156e-17 0.207166666667
349 0.26 2.77555756156e-17 0.205083333333
350 0.26 2.77555756156e-17 0.204416666667
351 0.26 2.77555756156e-17 0.204416666667
352 0.26 -0.05 0.20225
353 0.26 -0.1 0.20325
354 0.26 -0.1 0.205166666667
355 0.26 -0.1 0.20825
356 0.26 -0.15 0.211
357 0.26 -0.2 0.2135
358 0.26 -0.2 0.212416666667
359 0.26 -0.2 0.212166666667
360 0.26 -0.25 0.214166666667
361 0.26 -0.3 0.217916666667
362 0.26 -0.3 0.2275
363 0.26 -0.3 0.239916666667
364 0.26 -0.3 0.252666666667
365 0.26 -0.3 0.257083333333
366 0.26 -0.3 0.258833333333
367 0.26 -0.3 0.25925
368 0.26 -0.3 0.26125
369 0.26 -0.3 0.265583333333
370 0.26 -0.3 0.276083333333
371 0.26 -0.3 0.29025
372 0.26 -0.3 0.291666666667
373 0.26 -0.3 0.291666666667
374 0.26 -0.3 0.291666666667
375 0.26 -0.3 0.291666666667
376 0.26 -0.3 0.291666666667
377 0.26 -0.3 0.291666666667
378 0.26 -0.3 0.291666666667
379 0.26 -0.3 0.291583333333
380 0.26 -0.3 0.28325
381 0.26 -0.3 0.280416666667
382 0.26 -0.3 0.27425
383 0.26 -0.3 0.270333333333
384 0.26 -0.3 0.269583333333
385 0.26 -0.3 0.269916666667
386 0.26 -0.3 0.269166666667
387 0.26 -0.3 0.268833333333
388 0.26 -0.3 0.268416666667
389 0.26 -0.3 0.26775
390 0.26 -0.3 0.257833333333
391 0.26 -0.3 0.2575
392 0.26 -0.3 0.253833333333
393 0.26 -0.3 0.247666666667
394 0.26 -0.4 0.24825
395 0.26 -0.4 0.249416666667
396 0.26 -0.4 0.25775
397 0.26 -0.4 0.2685
398 0.26 -0.4 0.2645
399 0.26 -0.4 0.2515
400 0.26 -0.4 0.245333333333
401 0.26 -0.4 0.245333333333
402 0.26 -0.4 0.244916666667
403 0.26 -0.4 0.244583333333
404 0.26 -0.4 0.255916666667
405 0.26 -0.4 0.27075
406 0.26 -0.4 0.274
407 0.26 -0.4 0.27375
408 0.26 -0.4 0.263916666667
409 0.26 -0.4 0.255416666667
410 0.26 -0.4 0.244666666667
411 0.26 -0.4 0.25475
412 0.26 -0.4 0.263416666667
413 0.26 -0.4 0.262916666667
414 0.26 -0.4 0.262833333333
415 0.26 -0.4 0.2625
416 0.26 -0.4 0.261583333333
417 0.26 -0.4 0.261166666667
418 0.26 -0.4 0.253666666667
419 0.26 -0.4 0.245416666667
420 0.26 -0.4 0.244583333333
421 0.26 -0.4 0.250916666667
422 0.26 -0.4 0.25125
423 0.26 -0.4 0.260333333333
424 0.26 -0.4 0.2605
425 0.26 -0.4 0.259666666667
426 0.26 -0.4 0.258583333333
427 0.26 -0.4 0.259
428 0.26 -0.4 0.258
429 0.26 -0.4 0.257
430 0.26 -0.4 0.25625
431 0.26 -0.4 0.26225
432 0.26 -0.4 0.272833333333
433 0.26 -0.35 0.27275
434 0.26 -0.3 0.272
435 0.26 -0.3 0.27975
436 0.26 -0.3 0.291666666667
437 0.26 -0.3 0.291666666667
438 0.26 -0.3 0.291666666667
439 0.26 -0.3 0.291666666667
440 0.26 -0.25 0.291666666667
441 0.26 -0.2 0.291666666667
442 0.26 -0.2 0.291666666667
443 0.26 -0.15 0.291666666667
444 0.26 -0.1 0.291666666667
445 0.26 -0.1 0.291666666667
446 0.26 -0.1 0.291666666667
447 0.26 -0.1 0.291666666667
448 0.26 -0.1 0.291666666667
449 0.26 -0.1 0.291666666667
450 0.26 -0.1 0.291666666667
451 0.26 -0.1 0.291666666667
452 0.26 -0.1 0.291666666667
453 0.26 -2.77555756156e-17 0.291666666667
454 0.26 -2.77555756156e-17 0.291666666667
455 0.26 -2.77555756156e-17 0.291666666667
456 0.26 -2.77555756156e-17 0.291666666667
457 0.26 -2.77555756156e-17 0.291666666667
458 0.26 -2.77555756156e-17 0.291666666667
459 0.26 -2.77555756156e-17 0.291666666667
460 0.26 -2.77555756156e-17 0.291666666667
461 0.26 -2.77555756156e-17 0.291666666667
462 0.26 -2.77555756156e-17 0.291666666667
463 0.26 -2.77555756156e-17 0.291666666667
464 0.26 -2.77555756156e-17 0.291666666667
465 0.26 -2.77555756156e-17 0.291666666667
466 0.26 -2.77555756156e-17 0.291666666667
467 0.26 -2.77555756156e-17 0.291666666667
468 0.26 -2.77555756156e-17 0.291666666667
469 0.26 -2.77555756156e-17 0.291666666667
470 0.26 -2.77555756156e-17 0.291666666667
471 0.26 -2.77555756156e-17 0.291666666667
472 0.26 -2.77555756156e-17 0.291666666667
473 0.26 -2.77555756156e-17 0.291666666667
474 0.26 -2.77555756156e-17 0.291666666667
475 0.26 -2.77555756156e-17 0.291666666667
476 0.26 -2.77555756156e-17 0.291666666667
477 0.26 -2.77555756156e-17 0.291666666667
478 0.26 -2.77555756156e-17 0.291666666667
479 0.26 -2.77555756156e-17 0.291666666667
480 0.26 -2.77555756156e-17 0.291666666667
481 0.26 -2.77555756156e-17 0.291666666667
482 0.26 -2.77555756156e-17 0.291666666667
483 0.26 -2.77555756156e-17 0.291666666667
484 0.26 -2.77555756156e-17 0.291666666667
485 0.26 -2.77555756156e-17 0.291666666667
486 0.26 -2.77555756156e-17 0.291666666667
487 0.26 -2.77555756156e-17 0.291666666667
488 0.26 -2.77555756156e-17 0.291666666667
489 0.26 -2.77555756156e-17 0.291666666667
490 0.26 -2.77555756156e-17 0.291666666667
491 0.26 -2.77555756156e-17 0.291666666667
492 0.26 -2.77555756156e-17 0.291666666667
493 0.26 -2.77555756156e-17 0.291666666667
494 0.26 -2.77555756156e-17 0.291666666667
495 0.26 -2.77555756156e-17 0.291666666667
496 0.26 -2.77555756156e-17 0.291666666667
497 0.26 -2.77555756156e-17 0.291666666667
498 0.26 -2.77555756156e-17 0.291666666667
499 0.26 -2.77555756156e-17 0.291666666667
500 0.26 -2.77555756156e-17 0.291666666667
501 0.26 -2.77555756156e-17 0.291666666667
502 0.26 -2.77555756156e-17 0.291666666667
503 0.26 -2.77555756156e-17 0.291666666667
504 0.26 -2.77555756156e-17 0.291666666667
505 0.26 -2.77555756156e-17 0.291666666667
506 0.26 -2.77555756156e-17 0.291666666667
507 0.26 -2.77555756156e-17 0.291666666667
508 0.26 -2.77555756156e-17 0.291666666667
509 0.26 -2.77555756156e-17 0.291666666667
510 0.26 -2.77555756156e-17 0.291666666667
511 0.26 -2.77555756156e-17 0.291666666667
512 0.26 -2.77555756156e-17 0.291666666667
513 0.26 -2.77555756156e-17 0.291666666667
514 0.26 -2.77555756156e-17 0.291666666667
515 0.26 -2.77555756156e-17 0.291666666667
516 0.26 -2.77555756156e-17 0.291666666667
517 0.26 -2.77555756156e-17 0.291666666667
518 0.26 -2.77555756156e-17 0.291666666667
519 0.26 -2.77555756156e-17 0.291666666667
520 0.26 -2.77555756156e-17 0.291666666667
521 0.26 -2.77555756156e-17 0.291666666667
522 0.26 -2.77555756156e-17 0.291666666667
523 0.26 -2.77555756156e-17 0.291666666667
524 0.26 -2.77555756156e-17 0.291666666667
525 0.26 -2.77555756156e-17 0.291666666667
526 0.26 -2.77555756156e-17 0.291666666667
527 0.26 -2.77555756156e-17 0.291666666667
528 0.26 -2.77555756156e-17 0.291666666667
529 0.26 -2.77555756156e-17 0.291666666667
530 0.26 -2.77555756156e-17 0.291666666667
531 0.26 -2.77555756156e-17 0.291666666667
532 0.26 -2.77555756156e-17 0.291666666667
533 0.26 -2.77555756156e-17 0.291666666667
534 0.26 -2.77555756156e-17 0.291666666667
535 0.26 -2.77555756156e-17 0.291666666667
536 0.26 -2.77555756156e-17 0.291666666667
537 0.26 -2.77555756156e-17 0.291666666667
538 0.26 -2.77555756156e-17 0.291666666667
539 0.26 -2.77555756156e-17 0.291666666667
540 0.26 -2.77555756156e-17 0.291666666667
541 0.26 -2.77555756156e-17 0.291666666667
542 0.26 -2.77555756156e-17 0.291666666667
543 0.26 -2.77555756156e-17 0.291666666667
544 0.26 -2.77555756156e-17 0.291666666667
545 0.26 -2.77555756156e-17 0.291666666667
546 0.26 -2.77555756156e-17 0.291666666667
547 0.26 -2.77555756156e-17 0.291666666667
548 0.26 -2.77555756156e-17 0.291666666667
549 0.26 -2.77555756156e-17 0.291666666667
550 0.26 -2.77555756156e-17 0.291666666667
551 0.26 -2.77555756156e-17 0.291666666667
552 0.26 -2.77555756156e-17 0.291666666667
553 0.26 -2.77555756156e-17 0.291666666667
554 0.26 -2.77555756156e-17 0.291666666667
555 0.26 -2.77555756156e-17 0.291666666667
556 0.26 -2.77555756156e-17 0.291666666667
557 0.26 -2.77555756156e-17 0.291666666667
558 0.26 -2.77555756156e-17 0.28975
559 0.26 -2.77555756156e-17 0.287833333333
560 0.26 -2.77555756156e-17 0.285916666667
561 0.26 -2.77555756156e-17 0.284
562 0.26 -2.77555756156e-17 0.280166666667
563 0.26 -2.77555756156e-17 0.27825
564 0.26 -2.77555756156e-17 0.276333333333
565 0.26 -2.77555756156e-17 0.274416666667
566 0.26 -2.77555756156e-17 0.2725
567 0.26 -2.77555756156e-17 0.268666666667
568 0.26 -2.77555756156e-17 0.26675
569 0.26 -2.77555756156e-17 0.264
570 0.26 -2.77555756156e-17 0.261
571 0.26 -2.77555756156e-17 0.259083333333
572 0.26 -2.77555756156e-17 0.257166666667
573 0.26 -2.77555756156e-17 0.25525
574 0.26 -2.77555756156e-17 0.251416666667
575 0.26 -2.77555756156e-17 0.2495
576 0.26 -2.77555756156e-17 0.247583333333
577 0.26 -2.77555756156e-17 0.245666666667
578 0.26 -2.77555756156e-17 0.242666666667
579 0.26 -2.77555756156e-17 0.239916666667
580 0.26 -2.77555756156e-17 0.238
581 0.26 -2.77555756156e-17 0.236083333333
582 0.26 -2.77555756156e-17 0.23225
583 0.26 -2.77555756156e-17 0.230333333333
584 0.26 -2.77555756156e-17 0.228416666667
585 0.26 -2.77555756156e-17 0.224583333333
586 0.26 -2.77555756156e-17 0.222666666667
587 0.26 -2.77555756156e-17 0.22075
588 0.26 -2.77555756156e-17 0.218833333333
