0 0.26 0.0 0.0
1 0.26 0.0 0.0
2 0.26 0.0 0.0
3 0.26 0.0 0.0
4 0.26 0.1 0.0
5 0.26 0.15 0.0
6 0.26 0.25 0.0
7 0.26 0.3 0.0
8 0.26 0.4 0.0
9 0.26 0.45 0.0
10 0.26 0.5 0.0
11 0.26 0.6 0.0
12 0.26 0.6 0.0
13 0.26 0.6 0.0
14 0.26 0.6 0.0
15 0.26 0.6 0.0
16 0.26 0.6 0.0
17 0.26 0.6 0.0
18 0.26 0.6 0.0
19 0.26 0.6 0.0
20 0.0 0.0 0.0
21 0.0 0.0 0.0
22 0.0 0.0 0.0
23 0.0 0.0 0.0
24 0.01 0.0 0.0
25 0.01 0.0 0.0
26 0.01 0.0 0.0
27 0.03 0.0 0.0
28 0.06 0.0 0.0
29 0.085 0.0 0.0
30 0.115 0.0 0.0
31 0.14 0.0 0.0
32 0.17 0.0 0.0
33 0.195 0.0 0.0
34 0.215 0.0 0.0
35 0.225 0.0 0.0
36 0.235 0.0 0.0
37 0.24 0.0 0.0
38 0.25 0.0 0.0
39 0.26 0.0 0.0
40 0.26 0.0 0.0
41 0.26 0.0 0.0
42 0.26 -0.05 0.0
43 0.26 -0.1 0.0
44 0.26 -0.1 0.0
45 0.26 -0.1 0.0
46 0.26 -0.15 0.0
47 0.26 -0.2 0.0
48 0.26 -0.2 0.0
49 0.26 -0.2 0.0
50 0.26 -0.2 0.0
51 0.26 -0.2 0.0
52 0.26 -0.2 0.0
53 0.26 -0.2 0.0
54 0.26 -0.2 0.0
55 0.26 -0.2 0.0
56 0.26 -0.2 0.0
57 0.26 -0.2 0.0
58 0.26 -0.2 0.0
59 0.26 -0.2 0.0
60 0.26 -0.2 0.0
61 0.26 -0.2 0.0
62 0.26 -0.2 0.0
63 0.26 -0.25 0.0
64 0.26 -0.3 0.0
65 0.26 -0.3 0.0
66 0.26 -0.3 0.0
67 0.26 -0.3 0.0
68 0.26 -0.3 0.0
69 0.26 -0.3 0.0
70 0.26 -0.3 0.0
71 0.26 -0.3 0.0
72 0.26 -0.3 0.0
73 0.26 -0.3 0.0
74 0.26 -0.3 0.06875
75 0.26 -0.3 0.14375
76 0.26 -0.3 0.225
77 0.26 -0.3 0.3
78 0.26 -0.3 0.38125
79 0.0 0.0 0.4625
80 0.0 0.0 0.49375
81 0.0 0.0 0.46875
82 0.0 0.0 0.46875
83 0.0 0.0 0.46875
84 0.0 0.0 0.46875
85 0.01 0.0 0.46875
86 0.01 0.0 0.46875
87 0.01 0.0 0.46875
88 0.035 0.0 0.46875
89 0.06 0.0 0.46875
90 0.085 0.0 0.46875
91 0.115 0.0 0.46875
92 0.14 0.0 0.48125
93 0.165 0.0 0.475
94 0.19 0.0 0.49375
95 0.22 0.0 0.48125
96 0.245 0.0 0.4875
97 0.26 0.0 0.4875
98 0.26 0.0 0.4875
99 0.26 0.0 0.49375
100 0.26 0.0 0.4875
101 0.26 0.0 0.49375
102 0.26 0.0 0.49375
103 0.26 0.0 0.49375
104 0.26 0.0 0.49375
105 0.26 0.0 0.49375
106 0.26 0.0 0.49375
107 0.26 0.0 0.49375
108 0.26 0.0 0.49375
109 0.26 0.0 0.5
110 0.26 0.0 0.5
111 0.26 0.0 0.5
112 0.26 0.0 0.5
113 0.26 0.0 0.5
114 0.26 0.0 0.5
115 0.26 0.0 0.5
116 0.26 0.0 0.5
117 0.26 0.0 0.50625
118 0.26 0.0 0.50625
119 0.26 0.0 0.50625
120 0.26 0.0 0.50625
121 0.26 0.0 0.50625
122 0.26 0.0 0.50625
123 0.26 0.0 0.50625
124 0.26 0.0 0.5125
125 0.26 0.0 0.5125
126 0.26 0.0 0.5125
127 0.26 0.0 0.5125
128 0.26 0.0 0.5125
129 0.26 0.0 0.5125
130 0.26 0.0 0.5125
131 0.26 0.0 0.51875
132 0.26 0.0 0.51875
133 0.26 0.0 0.51875
134 0.26 0.0 0.51875
135 0.26 0.0 0.51875
136 0.26 0.0 0.51875
137 0.26 0.0 0.51875
138 0.26 0.0 0.51875
139 0.26 0.0 0.525
140 0.26 0.0 0.525
141 0.26 0.0 0.525
142 0.26 0.0 0.525
143 0.26 0.0 0.525
144 0.26 0.0 0.525416666667
145 0.26 0.0 0.525
146 0.26 0.0 0.53125
147 0.26 0.0 0.53125
148 0.26 0.0 0.53125
149 0.26 0.0 0.53125
150 0.26 0.0 0.53125
151 0.26 0.0 0.53125
152 0.26 0.0 0.53125
153 0.26 0.0 0.5375
154 0.26 0.0 0.5375
155 0.26 0.0 0.5375
156 0.26 0.0 0.5375
157 0.26 0.0 0.5375
158 0.26 0.0 0.5375
159 0.26 0.0 0.54375
160 0.26 0.0 0.54375
161 0.26 0.0 0.54375
162 0.26 0.0 0.54375
163 0.26 0.0 0.54375
164 0.26 0.0 0.54375
165 0.26 0.0 0.54375
166 0.26 0.0 0.55
167 0.26 0.0 0.55
168 0.26 0.0 0.55
169 0.26 0.0 0.55
170 0.26 0.0 0.55
171 0.26 0.0 0.55625
172 0.26 0.0 0.55625
173 0.26 0.0 0.55625
174 0.26 0.0 0.55625
175 0.26 0.0 0.55625
176 0.26 0.0 0.55625
177 0.26 0.0 0.55625
178 0.26 0.0 0.5625
179 0.26 0.0 0.5625
180 0.26 0.0 0.5625
181 0.26 0.0 0.56875
182 0.26 0.0 0.56875
183 0.26 0.0 0.575
184 0.26 0.0 0.575
185 0.26 0.0 0.58125
186 0.26 0.0 0.58125
187 0.26 0.0 0.5875
188 0.26 0.0 0.59375
189 0.26 0.0 0.59375
190 0.26 0.0 0.59375
191 0.26 0.0 0.6
192 0.26 0.0 0.60625
193 0.26 0.0 0.60625
194 0.26 0.0 0.6125
195 0.26 0.0 0.61875
196 0.26 0.0 0.61875
197 0.26 0.0 0.625
198 0.26 0.0 0.63125
199 0.26 0.0 0.63125
200 0.26 0.0 0.6375
201 0.26 0.0 0.64375
202 0.26 0.0 0.65
203 0.26 0.0 0.65
204 0.26 0.0 0.65625
205 0.26 0.0 0.6625
206 0.26 0.0 0.66875
207 0.26 0.0 0.66875
208 0.26 0.0 0.675
209 0.26 0.0 0.68125
210 0.26 0.0 0.6875
211 0.26 0.0 0.69375
212 0.26 0.0 0.7
213 0.26 0.0 0.70625
