0 0.26 0.0 0.0
1 0.26 0.0 0.0
2 0.26 0.0 0.0
3 0.26 0.05 0.0
4 0.26 0.1 0.0
5 0.26 0.2 0.0
6 0.26 0.2 0.0
7 0.26 0.3 0.0
8 0.26 0.3 0.0
9 0.26 0.3 0.0
10 0.26 0.3 0.0
11 0.26 0.3 0.0875
12 0.26 0.3 0.16875
13 0.26 0.35 0.254333333333
14 0.26 0.4 0.34375
15 0.26 0.4 0.44375
16 0.0 0.0 0.5625
17 0.0 0.0 0.64375
18 0.0 0.0 0.6
19 0.0 0.0 0.55625
20 0.01 0.0 0.55625
21 0.01 0.0 0.55625
22 0.01 0.0 0.55625
23 0.035 0.0 0.55625
24 0.065 0.0 0.55625
25 0.09 0.0 0.5535
26 0.12 0.0 0.55
27 0.15 0.0 0.54375
28 0.18 0.0 0.532583333333
29 0.21 0.0 0.525
30 0.235 0.0 0.515666666667
31 0.26 0.0 0.5
32 0.26 0.0 0.4875
33 0.26 0.0 0.469166666667
34 0.26 0.0 0.444
35 0.26 0.0 0.422916666667
36 0.26 0.0 0.401333333333
37 0.26 0.0 0.379166666667
38 0.26 0.0 0.356583333333
39 0.26 0.0 0.335833333333
40 0.26 0.0 0.313333333333
41 0.26 0.0 0.29625
42 0.26 0.0 0.28125
43 0.26 0.0 0.26575
44 0.26 0.0 0.226083333333
45 0.26 0.0 0.199916666667
46 0.26 0.0 0.15575
47 0.26 0.0 0.119083333333
48 0.26 0.0 0.0815833333333
49 0.26 0.0 0.06
50 0.26 0.0 0.04525
51 0.26 0.0 0.03075
52 0.26 0.0 0.0158333333333
53 0.26 0.0 0.00216666666667
54 0.26 0.0 0.00075
55 0.26 0.0 8.33333333333e-05
56 0.26 0.0 0.0
57 0.26 0.0 0.0
58 0.26 0.0 0.0
59 0.26 0.0 0.0
60 0.26 0.0 0.0
61 0.26 0.0 0.0
62 0.26 0.0 0.0
63 0.26 0.0 0.0
64 0.26 0.0 0.0
65 0.26 0.0 0.0
66 0.26 0.0 0.0
67 0.26 0.0 0.0
68 0.26 0.0 0.0
69 0.26 0.0 0.0
70 0.26 0.0 0.0
71 0.26 0.0 0.0
72 0.26 0.0 0.0
73 0.26 0.0 0.0
74 0.26 0.0 0.0
75 0.26 0.0 0.0
76 0.26 -0.05 0.0
77 0.26 -0.1 0.0
78 0.26 -0.1 0.0
79 0.26 -0.1 0.0
80 0.26 -0.1 0.0
81 0.26 -0.1 0.0
82 0.26 -0.1 0.0
83 0.26 -0.1 0.0
84 0.26 -0.1 0.0
85 0.26 -0.1 0.0
86 0.26 -0.1 0.0
87 0.26 -0.1 0.0
88 0.26 -0.1 0.0
89 0.26 -0.1 0.0
90 0.26 -0.1 0.0
91 0.26 -0.1 0.0
92 0.26 -0.1 0.0
93 0.26 -0.1 0.0
94 0.26 -0.1 0.0
95 0.26 -0.1 0.0
96 0.26 -0.1 0.0
97 0.26 -0.15 0.0
98 0.26 -0.2 0.0
99 0.26 -0.2 0.0
100 0.26 -0.2 0.0
101 0.26 -0.2 0.0
102 0.26 -0.2 0.0
103 0.26 -0.2 0.0
104 0.26 -0.2 0.0
105 0.0 0.0 0.0
106 0.0 0.0 0.0
107 0.005 0.0 0.0
108 0.01 0.0 0.0
109 0.01 0.0 0.0
110 0.01 0.05 0.0
111 0.01 0.1 0.0
112 0.01 0.1 0.0
113 0.01 0.25 0.0
114 0.01 0.5 0.0
115 0.01 0.75 0.0
116 0.0 0.0 0.0
117 0.0 0.0 0.0
118 0.005 0.0 0.0
119 0.01 0.0 0.0
120 0.01 0.0 0.0
121 0.02 0.0 0.0
122 0.05 0.0 0.0
123 0.075 0.0 0.0
124 0.105 0.0 0.0
125 0.13 0.0 0.0
126 0.16 0.0 0.0
127 0.19 0.0 0.0
128 0.22 0.0 0.0
129 0.245 0.0 0.0
130 0.26 0.0 0.0
131 0.26 0.0 0.0
132 0.26 0.0 0.0
133 0.26 0.0 0.0
134 0.26 0.0 0.0
135 0.26 0.0 0.0
136 0.26 0.0 0.0
137 0.26 0.0 0.0
138 0.26 0.0 0.0
139 0.26 0.0 0.0
140 0.26 0.0 0.0
141 0.26 0.0 0.0
142 0.26 0.0 0.0
143 0.26 -0.1 0.0
144 0.26 -0.1 0.0
145 0.26 -0.15 0.0
146 0.26 -0.2 0.0
147 0.26 -0.2 0.0
148 0.26 -0.3 0.0
149 0.26 -0.3 0.0
150 0.26 -0.4 0.0
151 0.26 -0.4 0.0
152 0.26 -0.4 0.0
153 0.26 -0.4 0.0
154 0.26 -0.4 0.0
155 0.26 -0.4 0.0
156 0.26 -0.4 0.0
157 0.26 -0.4 0.0
158 0.26 -0.4 0.0
159 0.26 -0.4 0.0
160 0.26 -0.4 0.05625
161 0.26 -0.4 0.10275
162 0.26 -0.4 0.113583333333
163 0.26 -0.4 0.1185
164 0.26 -0.4 0.112166666667
165 0.26 -0.4 0.106916666667
166 0.0 0.0 0.14325
167 0.0 0.0 0.1705
168 0.0 0.0 0.140166666667
169 0.0 0.0 0.139
170 0.005 0.0 0.138416666667
171 0.01 0.0 0.138333333333
172 0.01 0.0 0.134
173 0.02 0.0 0.131083333333
174 0.05 0.0 0.12625
175 0.075 0.0 0.114333333333
176 0.105 0.0 0.0833333333333
177 0.135 0.0 0.0553333333333
178 0.16 0.0 0.0479166666667
179 0.185 0.0 0.04175
180 0.215 0.0 0.0323333333333
181 0.245 0.0 0.0255
182 0.26 0.0 0.0218333333333
183 0.26 0.0 0.0169166666667
184 0.26 0.0 0.0130833333333
185 0.26 0.0 0.0095
186 0.26 0.0 0.005
187 0.26 0.0 0.00158333333333
188 0.26 0.0 0.0
189 0.26 0.0 0.0
190 0.26 0.0 0.0
191 0.26 0.0 0.0
192 0.26 0.0 0.0
193 0.26 0.0 0.0
194 0.26 0.0 0.0
195 0.26 -0.05 0.0
196 0.26 -0.1 0.0
197 0.26 -0.1 0.0
198 0.26 -0.1 0.0
199 0.26 -0.15 0.0
200 0.26 -0.2 0.0
201 0.26 -0.2 0.0
202 0.26 -0.2 0.0
203 0.26 -0.2 0.0
204 0.26 -0.2 0.0
205 0.26 -0.2 0.0
206 0.26 -0.2 0.0
207 0.26 -0.2 0.0
208 0.26 -0.2 0.0
209 0.26 -0.2 0.0
210 0.26 -0.2 0.0
211 0.26 -0.2 0.0
212 0.26 -0.2 0.0
213 0.26 -0.2 0.0
214 0.26 -0.2 0.0
215 0.26 -0.2 0.0
216 0.26 -0.2 0.0
217 0.26 -0.2 0.0
218 0.26 -0.2 0.0
219 0.26 -0.2 0.0
220 0.26 -0.15 0.0
221 0.26 -0.1 0.0
222 0.26 -0.1 0.0
223 0.26 -0.1 0.0
224 0.26 -0.1 0.0
225 0.26 -0.1 0.0
226 0.26 -0.1 0.0
227 0.26 -0.1 0.0
228 0.26 -0.1 0.0
229 0.26 -0.1 0.0
230 0.26 -0.1 0.0
231 0.26 -0.1 0.0
232 0.26 -0.1 0.0
233 0.26 -0.1 0.0
234 0.26 -0.1 0.0
235 0.26 -0.1 0.0
236 0.26 -0.1 0.0
237 0.26 -0.1 0.0
238 0.26 -0.1 0.0
239 0.26 -0.1 0.0
240 0.26 -0.1 0.0
241 0.26 -0.1 0.0
242 0.26 -0.1 0.0125
243 0.26 -0.1 0.0375
244 0.26 -0.1 0.05625
245 0.26 -0.1 0.08125
246 0.26 -0.1 0.0981666666667
247 0.26 -0.1 0.11875
248 0.26 -0.1 0.14375
249 0.26 -0.1 0.15625
250 0.26 -0.1 0.18125
251 0.26 -0.1 0.194833333333
252 0.26 -0.1 0.196083333333
253 0.26 -0.1 0.186083333333
254 0.26 -0.1 0.181083333333
255 0.26 -0.1 0.175916666667
256 0.26 -0.1 0.170083333333
257 0.26 -0.1 0.170333333333
258 0.26 -0.1 0.164416666667
259 0.26 -0.1 0.15975
260 0.26 -0.1 0.162833333333
261 0.26 -0.1 0.177833333333
262 0.26 -0.1 0.19475
263 0.26 -0.1 0.211833333333
264 0.26 -0.1 0.230666666667
265 0.26 -0.1 0.25425
266 0.26 -0.1 0.272833333333
267 0.26 -0.1 0.29125
268 0.26 -0.1 0.309833333333
269 0.26 -0.1 0.322166666667
270 0.26 -0.1 0.352333333333
271 0.26 -0.1 0.371083333333
272 0.26 -0.1 0.383
273 0.26 -0.1 0.4075
274 0.26 -0.1 0.422833333333
275 0.26 -0.1 0.444583333333
276 0.0 0.0 0.457083333333
277 0.0 0.0 0.463
278 0.005 0.0 0.45675
279 0.01 0.0 0.45675
280 0.01 0.0 0.45675
281 0.015 0.0 0.45675
282 0.04 0.0 0.45675
283 0.065 0.0 0.4525
284 0.095 0.0 0.4505
285 0.125 0.0 0.450416666667
286 0.15 0.0 0.456333333333
287 0.175 0.0 0.45025
288 0.205 0.0 0.443833333333
289 0.23 0.0 0.443833333333
290 0.26 0.0 0.44375
291 0.26 0.0 0.44375
292 0.26 0.0 0.44375
293 0.26 0.0 0.367916666667
294 0.26 0.0 0.258333333333
295 0.26 0.0 0.129083333333
296 0.26 0.0 0.0224166666667
297 0.26 0.0 0.0
298 0.26 0.0 0.0
299 0.26 0.0 0.0
300 0.26 0.0 0.0
301 0.26 0.0 0.0
302 0.26 0.0 0.0
303 0.26 0.0 0.0
304 0.26 0.0 0.0
305 0.26 0.0 0.0
306 0.26 0.0 0.0
307 0.26 0.0 0.0
308 0.26 0.0 0.0
309 0.26 0.0 0.0
310 0.26 0.0 0.0
311 0.26 0.0 0.0
312 0.26 0.0 0.0
313 0.26 0.0 0.0
314 0.26 0.0 0.0
315 0.26 0.0 0.0
316 0.26 0.0 0.0
317 0.26 0.0 0.0
318 0.26 0.0 0.0
319 0.26 0.0 0.0
320 0.26 0.0 0.0
321 0.26 0.0 0.0
322 0.26 0.0 0.0
323 0.26 0.0 0.0
324 0.26 0.0 0.0
325 0.26 0.0 0.0
326 0.26 0.0 0.0
327 0.26 0.0 0.0
328 0.26 0.0 0.0
329 0.26 0.0 0.0
330 0.26 0.0 0.0
331 0.26 0.0 0.0
332 0.26 0.0 0.0
333 0.26 0.0 0.0
334 0.26 0.0 0.0
335 0.26 0.0 0.0
336 0.26 0.0 0.0
337 0.26 0.0 0.0
338 0.26 0.0 0.0
339 0.26 0.0 0.0
340 0.26 0.0 0.0
341 0.26 0.0 0.0
342 0.26 0.0 0.0
343 0.26 0.0 0.0
344 0.26 0.0 0.0
345 0.26 0.0 0.0
346 0.26 0.0 0.0
347 0.26 0.0 0.0
348 0.26 0.0 0.0
349 0.26 0.0 0.0
350 0.26 0.0 0.0
351 0.26 0.0 0.0
352 0.26 0.0 0.0
353 0.26 0.0 0.0
