0 0.26 0.0 0.0
1 0.26 0.0 0.0
2 0.26 0.0 0.0
3 0.26 0.05 0.0
4 0.26 0.15 0.0
5 0.26 0.2 0.0
6 0.26 0.3 0.0
7 0.26 0.4 0.0
8 0.26 0.4 0.075
9 0.26 0.4 0.2125
10 0.26 0.4 0.3375
11 0.26 0.4 0.44375
12 0.26 0.4 0.59375
13 0.26 0.4 0.675
14 0.26 0.4 0.5875
15 0.26 0.4 0.48125
16 0.26 0.4 0.34375
17 0.0 0.0 0.1625
18 0.0 0.0 0.1125
19 0.0 0.0 0.0125
20 0.01 0.0 0.0
21 0.01 0.0 0.0
22 0.01 0.0 0.0
23 0.04 0.0 0.0
24 0.075 0.0 0.0
25 0.105 0.0 0.0
26 0.13 0.0 0.0
27 0.165 0.0 0.0
28 0.19 0.0 0.0
29 0.225 0.0 0.0
30 0.255 0.0 0.0
31 0.26 0.0 0.0
32 0.26 0.0 0.0
33 0.26 0.0 0.0
34 0.26 0.0 0.0
35 0.26 0.0 0.0
36 0.26 0.0 0.0
37 0.26 0.0 0.0
38 0.26 0.0 0.0
39 0.26 -0.1 0.0
40 0.26 -0.1 0.0
41 0.26 -0.1 0.0
42 0.26 -0.15 0.0
43 0.26 -0.2 0.0
44 0.26 -0.2 0.0
45 0.26 -0.2 0.0
46 0.26 -0.2 0.0
47 0.26 -0.2 0.0
48 0.26 -0.2 0.0
49 0.26 -0.2 0.0
50 0.26 -0.2 0.0
51 0.26 -0.2 0.0
52 0.26 -0.2 0.0
53 0.26 -0.2 0.0
54 0.26 -0.2 0.0
55 0.26 -0.2 0.0
56 0.26 -0.2 0.0
57 0.26 -0.2 0.0
58 0.26 -0.2 0.0
59 0.26 -0.2 0.0
60 0.26 -0.2 0.0
61 0.26 -0.2 0.05
62 0.26 -0.2 0.09375
63 0.26 -0.2 0.16875
64 0.26 -0.2 0.21875
65 0.26 -0.2 0.29375
66 0.26 -0.2 0.3625
67 0.26 -0.2 0.44375
68 0.26 -0.2 0.5125
69 0.26 -0.2 0.559833333333
70 0.26 -0.15 0.579
71 0.26 -0.1 0.58925
72 0.26 -0.05 0.602
73 0.26 0.0 0.595583333333
74 0.26 0.0 0.5955
75 0.26 0.0 0.588916666667
76 0.26 0.0 0.408666666667
77 0.26 0.0 0.0
78 0.26 0.0 0.0
79 0.26 0.0 0.0
80 0.26 0.0 0.0
81 0.26 0.0 0.0
82 0.26 0.0 0.0
83 0.26 0.0 0.0
84 0.26 0.0 0.0
85 0.26 0.0 0.0
86 0.26 0.0 0.0
87 0.26 0.0 0.0
88 0.26 0.0 0.0
89 0.26 0.0 0.0
90 0.26 0.0 0.0
91 0.26 0.0 0.0
92 0.26 0.0 0.0
93 0.26 0.0 0.0
94 0.26 0.0 0.0
95 0.26 0.0 0.0
96 0.26 0.0 0.0
97 0.26 0.0 0.0
98 0.26 0.0 0.0
99 0.26 0.0 0.0
100 0.26 0.0 0.0
101 0.26 0.0 0.0
102 0.26 0.0 0.0
103 0.26 0.0 0.0
104 0.26 0.0 0.0
105 0.26 0.0 0.0
106 0.26 0.0 0.0
107 0.26 0.0 0.0
108 0.26 0.0 0.0
109 0.26 0.0 0.0
110 0.26 0.0 0.0
111 0.26 0.0 0.0
112 0.26 0.0 0.0
113 0.26 0.0 0.0
114 0.26 0.0 0.0
115 0.26 0.0 0.0
116 0.26 0.0 0.0
117 0.26 -0.05 0.0
118 0.26 -0.1 0.0
119 0.26 -0.1 0.0
120 0.26 -0.15 0.0
121 0.26 -0.2 0.0
122 0.26 -0.3 0.0
123 0.26 -0.3 0.0
124 0.26 -0.4 0.0
125 0.26 -0.4 0.0
126 0.26 -0.4 0.0
127 0.26 -0.4 0.0
128 0.26 -0.4 0.0
129 0.26 -0.4 0.0
130 0.26 -0.4 0.0
131 0.26 -0.4 0.0
132 0.26 -0.4 0.0
133 0.26 -0.4 0.0
134 0.26 -0.4 0.0
135 0.26 -0.4 0.0
136 0.26 -0.4 0.06625
137 0.26 -0.4 0.0850833333333
138 0.26 -0.4 0.07975
139 0.26 -0.4 0.0543333333333
140 0.26 -0.4 0.0265
141 0.26 -0.4 0.00933333333333
142 0.26 -0.4 0.0
143 0.26 -0.4 0.0
144 0.26 -0.4 0.0
145 0.26 -0.35 0.0
146 0.26 -0.3 0.0
147 0.26 -0.3 0.06875
148 0.26 -0.3 0.134583333333
149 0.26 -0.25 0.2125
150 0.26 -0.2 0.2625
151 0.26 -0.2 0.23125
152 0.26 -0.2 0.19375
153 0.26 -0.1 0.151583333333
154 0.26 -0.1 0.1125
155 0.26 -0.05 0.09375
156 0.26 0.05 0.06875
157 0.26 0.1 0.04375
158 0.26 0.1 0.03425
159 0.26 0.1 0.01875
160 0.26 0.1 0.0
161 0.26 0.1 0.0
162 0.26 0.1 0.0
163 0.26 0.1 0.0
164 0.26 0.1 0.0
165 0.26 0.1 0.0
166 0.26 0.2 0.0
167 0.26 0.2 0.0
168 0.26 0.2 0.0
169 0.26 0.2 0.0
170 0.26 0.2 0.0
171 0.26 0.2 0.0
172 0.26 0.2 0.0
173 0.26 0.2 0.0
174 0.26 0.15 0.0
175 0.26 0.1 0.0
176 0.26 0.1 0.0
177 0.26 0.1 0.0
178 0.26 0.1 0.0
179 0.26 0.1 0.0
180 0.26 0.1 0.0
181 0.26 0.1 0.0
182 0.26 0.1 0.0
183 0.26 0.1 0.0
184 0.26 0.1 0.0
185 0.26 0.1 0.0
186 0.26 0.1 0.0
187 0.26 -2.77555756156e-17 0.0
188 0.26 -0.05 0.0
189 0.26 -0.1 0.0
190 0.26 -0.15 0.0
191 0.26 -0.2 0.0
192 0.26 -0.2 0.0
193 0.26 -0.3 0.0
194 0.26 -0.3 0.0
195 0.26 -0.35 0.0
196 0.26 -0.4 0.0
197 0.26 -0.4 0.0
198 0.26 -0.4 0.0
199 0.26 -0.4 0.0
200 0.26 -0.4 0.0
201 0.26 -0.4 0.0
202 0.26 -0.4 0.0
203 0.26 -0.4 0.0
204 0.26 -0.4 0.0
205 0.26 -0.4 0.0
206 0.26 -0.4 0.0875
207 0.26 -0.4 0.18375
208 0.26 -0.4 0.184833333333
209 0.26 -0.4 0.257666666667
210 0.26 -0.4 0.363333333333
211 0.26 -0.4 0.4795
212 0.26 -0.4 0.55275
213 0.26 -0.4 0.567916666667
214 0.26 -0.4 0.605083333333
215 0.0 0.0 0.559916666667
216 0.0 0.0 0.474333333333
217 0.0 0.0 0.492333333333
218 0.01 0.0 0.5295
219 0.01 0.0 0.529416666667
220 0.02 0.0 0.529416666667
221 0.06 0.0 0.52925
222 0.095 0.0 0.517666666667
223 0.125 0.0 0.493666666667
224 0.155 0.0 0.4925
225 0.185 0.0 0.499416666667
226 0.215 0.0 0.497666666667
227 0.25 0.0 0.485916666667
228 0.26 0.0 0.484916666667
229 0.26 0.0 0.478
230 0.26 0.0 0.475666666667
231 0.26 0.0 0.467833333333
232 0.26 0.0 0.464333333333
233 0.26 0.0 0.460833333333
234 0.26 0.0 0.4575
235 0.26 0.0 0.449333333333
236 0.26 0.0 0.4465
237 0.26 0.0 0.442666666667
238 0.26 0.0 0.438583333333
239 0.26 0.0 0.42875
240 0.26 0.0 0.303833333333
241 0.26 0.0 0.2325
242 0.26 0.0 0.154083333333
243 0.26 0.0 0.0635833333333
244 0.26 0.0 0.0141666666667
245 0.26 0.0 0.00891666666667
246 0.26 0.0 0.00575
247 0.26 0.0 0.00108333333333
248 0.26 0.0 0.0
249 0.26 0.0 0.0
250 0.26 0.0 0.0
251 0.26 0.0 0.0
252 0.26 0.0 0.0
253 0.26 0.0 0.0
254 0.26 0.0 0.0
255 0.26 0.0 0.0
256 0.26 0.0 0.0
257 0.26 0.0 0.0
258 0.26 0.0 0.0
259 0.26 0.0 0.0
260 0.26 0.0 0.0
261 0.26 0.0 0.0
262 0.26 0.0 0.0
263 0.26 0.0 0.0
264 0.26 0.0 0.0
265 0.26 0.0 0.0
266 0.26 0.0 0.0
267 0.26 0.0 0.0
268 0.26 0.0 0.0
269 0.26 0.0 0.0
270 0.26 0.0 0.0
271 0.26 0.0 0.0
272 0.26 0.0 0.0
273 0.26 0.0 0.0
274 0.26 0.0 0.0
275 0.26 0.0 0.0
276 0.26 0.0 0.0
277 0.26 0.0 0.0
278 0.26 0.0 0.0
279 0.26 0.0 0.0
280 0.26 0.0 0.0
281 0.26 0.0 0.0
282 0.26 0.0 0.0
283 0.26 0.0 0.0
284 0.26 0.0 0.0
285 0.26 0.0 0.0
286 0.26 0.0 0.0
287 0.26 0.0 0.0
288 0.26 0.0 0.0
289 0.26 0.0 0.0
290 0.26 0.0 0.0
291 0.26 0.0 0.0
292 0.26 0.0 0.0
293 0.26 0.0 0.0
294 0.26 0.0 0.0
295 0.26 0.0 0.0
296 0.26 0.0 0.0
297 0.26 0.0 0.0
298 0.26 0.0 0.0
