0 0.26 0.0 0.0
1 0.26 0.0 0.0
2 0.26 0.05 0.0
3 0.26 0.1 0.0
4 0.26 0.15 0.0
5 0.26 0.2 0.0
6 0.26 0.2 0.0
7 0.26 0.3 0.0
8 0.26 0.3 0.0
9 0.26 0.4 0.0
10 0.26 0.4 0.04375
11 0.26 0.4 0.15625
12 0.26 0.4 0.275
13 0.26 0.4 0.3875
14 0.26 0.4 0.5
15 0.26 0.4 0.61875
16 0.0 0.0 0.65625
17 0.0 0.0 0.552833333333
18 0.0 0.0 0.4375
19 0.0 0.0 0.31875
20 0.005 0.0 0.29375
21 0.01 0.0 0.29375
22 0.01 0.0 0.29375
23 0.03 0.0 0.29375
24 0.055 0.0 0.294333333333
25 0.085 0.0 0.29375
26 0.11 0.0 0.28125
27 0.14 0.0 0.25625
28 0.165 0.0 0.24475
29 0.195 0.0 0.24375
30 0.225 0.0 0.236083333333
31 0.25 0.0 0.2125
32 0.26 0.0 0.20625
33 0.26 0.0 0.18125
34 0.26 0.0 0.16875
35 0.26 0.0 0.15
36 0.26 0.0 0.13125
37 0.26 0.0 0.11875
38 0.26 0.0 0.1
39 0.26 0.0 0.0819166666667
40 0.26 0.0 0.06875
41 0.26 0.0 0.05
42 0.26 0.0 0.03125
43 0.26 0.0 0.01525
44 0.26 0.0 0.0
45 0.26 0.0 0.0
46 0.26 0.0 0.0
47 0.26 0.0 0.0
48 0.26 0.0 0.0
49 0.26 0.0 0.0
50 0.26 0.0 0.0
51 0.26 0.0 0.0
52 0.26 0.0 0.0
53 0.26 0.0 0.0
54 0.26 0.0 0.0
55 0.26 0.0 0.0
56 0.26 0.0 0.0
57 0.26 0.0 0.0
58 0.26 0.0 0.0
59 0.26 0.0 0.0
60 0.26 0.0 0.0
61 0.26 0.0 0.0
62 0.26 0.0 0.0
63 0.26 0.0 0.0
64 0.26 0.0 0.0
65 0.26 0.0 0.0
66 0.26 0.0 0.0
67 0.26 0.0 0.0
68 0.26 0.0 0.0
69 0.26 0.0 0.0
70 0.26 0.0 0.0
71 0.26 -0.1 0.0
72 0.26 -0.1 0.0
73 0.26 -0.1 0.0
74 0.26 -0.1 0.0
75 0.26 -0.1 0.0
76 0.26 -0.15 0.0
77 0.26 -0.2 0.0
78 0.26 -0.2 0.0
79 0.26 -0.2 0.0
80 0.26 -0.2 0.0
81 0.26 -0.2 0.0
82 0.26 -0.2 0.0
83 0.26 -0.2 0.0
84 0.26 -0.2 0.0
85 0.26 -0.2 0.0
86 0.26 -0.2 0.0
87 0.26 -0.2 0.025
88 0.0 0.0 0.0
89 0.0 0.0 0.0
90 0.005 0.0 0.0
91 0.01 0.0 0.0
92 0.01 0.0 0.0
93 0.015 0.0 0.0
94 0.04 0.0 0.0
95 0.07 0.0 0.0
96 0.1 0.0 0.0
97 0.125 0.0 0.0
98 0.155 0.0 0.0
99 0.185 0.0 0.0
100 0.215 0.0 0.0
101 0.24 0.0 0.0
102 0.26 0.0 0.0
103 0.26 0.0 0.0
104 0.26 0.0 0.0
105 0.26 0.0 0.0
106 0.26 0.0 0.0
107 0.26 0.0 0.0
108 0.26 0.0 0.0
109 0.26 0.0 0.0
110 0.26 0.0 0.0
111 0.26 0.0 0.0
112 0.26 0.0 0.0
113 0.26 0.0 0.0
114 0.26 0.0 0.0
115 0.26 0.0 0.0
116 0.26 0.0 0.0
117 0.26 0.0 0.0
118 0.26 0.0 0.0
119 0.26 0.0 0.0
120 0.26 0.0 0.0
121 0.26 0.0 0.0
122 0.26 0.0 0.0
123 0.26 0.0 0.0
124 0.26 0.0 0.0
125 0.26 0.0 0.0
126 0.26 0.0 0.0
127 0.26 0.0 0.0
128 0.26 0.0 0.0
129 0.26 0.0 0.0
130 0.26 0.0 0.0
131 0.26 0.0 0.0
132 0.26 0.0 0.0
133 0.26 0.0 0.0
134 0.26 0.0 0.0
135 0.26 0.0 0.0
136 0.26 0.0 0.0
137 0.26 -0.1 0.0
138 0.26 -0.1 0.0
139 0.26 -0.1 0.0
140 0.26 -0.1 0.0
141 0.26 -0.1 0.0
142 0.26 -0.2 0.0
143 0.26 -0.2 0.0
144 0.26 -0.2 0.0
145 0.26 -0.2 0.0
146 0.26 -0.25 0.0
147 0.26 -0.3 0.0
148 0.26 -0.3 0.0
149 0.26 -0.3 0.0
150 0.26 -0.35 0.0
151 0.26 -0.4 0.0
152 0.26 -0.4 0.0
153 0.26 -0.4 0.0
154 0.26 -0.4 0.0
155 0.26 -0.4 0.0
156 0.26 -0.4 0.0
157 0.26 -0.4 0.0
158 0.26 -0.4 0.0
159 0.26 -0.4 0.0
160 0.26 -0.4 0.0
161 0.26 -0.4 0.0
162 0.26 -0.4 0.0
163 0.26 -0.4 0.0
164 0.26 -0.4 0.0
165 0.26 -0.4 0.0
166 0.26 -0.4 0.0
167 0.26 -0.4 0.0345
168 0.26 -0.4 0.0570833333333
169 0.26 -0.4 0.07275
170 0.26 -0.4 0.09375
171 0.26 -0.4 0.142916666667
172 0.0 0.0 0.240666666667
173 0.0 0.0 0.273666666667
174 0.0 0.0 0.260666666667
175 0.005 0.0 0.258
176 0.01 0.0 0.257916666667
177 0.01 0.0 0.257666666667
178 0.025 0.0 0.257666666667
179 0.055 0.0 0.257083333333
180 0.08 0.0 0.256666666667
181 0.11 0.0 0.261416666667
182 0.135 0.0 0.26775
183 0.16 0.0 0.254166666667
184 0.19 0.0 0.24625
185 0.215 0.0 0.245
186 0.245 0.0 0.254333333333
187 0.26 0.0 0.246416666667
188 0.26 0.0 0.24825
189 0.26 0.0 0.24075
190 0.26 0.0 0.242666666667
191 0.26 0.0 0.244833333333
192 0.26 0.0 0.247416666667
193 0.26 0.0 0.238666666667
194 0.26 0.0 0.232666666667
195 0.26 0.0 0.222416666667
196 0.26 0.0 0.2125
197 0.26 0.0 0.19525
198 0.26 0.0 0.183416666667
199 0.26 0.0 0.115083333333
200 0.26 0.0 0.0478333333333
201 0.26 0.0 0.0320833333333
202 0.26 0.0 0.01975
203 0.26 0.0 0.0145
204 0.26 0.0 0.0085
205 0.26 0.0 0.00166666666667
206 0.26 0.0 0.0
207 0.26 0.0 0.0
208 0.26 0.0 0.0
209 0.26 0.0 0.0
210 0.26 0.0 0.0
211 0.26 0.0 0.0
212 0.26 0.0 0.0
213 0.26 0.0 0.0
214 0.26 0.0 0.0
215 0.26 0.0 0.0
216 0.26 0.0 0.0
217 0.26 0.0 0.0
218 0.26 0.0 0.0
219 0.26 -0.05 0.0
220 0.26 -0.1 0.0
221 0.26 -0.1 0.0
222 0.26 -0.1 0.0
223 0.26 -0.1 0.0
224 0.26 -0.1 0.0
225 0.26 -0.1 0.0
226 0.26 -0.2 0.0
227 0.26 -0.2 0.0
228 0.26 -0.2 0.0
229 0.26 -0.2 0.0
230 0.26 -0.2 0.0
231 0.26 -0.2 0.0
232 0.26 -0.2 0.0
233 0.26 -0.2 0.0
234 0.26 -0.2 0.0
235 0.26 -0.2 0.0
236 0.26 -0.2 0.0
237 0.26 -0.2 0.0
238 0.26 -0.2 0.0
239 0.26 -0.2 0.0
240 0.26 -0.2 0.0
241 0.26 -0.2 0.0
242 0.26 -0.15 0.0
243 0.26 -0.1 0.0
244 0.26 -0.1 0.0
245 0.26 -0.1 0.0
246 0.26 -0.1 0.0
247 0.26 -0.1 0.0
248 0.26 -0.1 0.0
249 0.26 -0.1 0.0
250 0.26 -0.1 0.0
251 0.26 -0.1 0.0
252 0.26 -0.1 0.0
253 0.26 -0.1 0.0
254 0.26 -0.1 0.0
255 0.26 -0.1 0.0
256 0.26 -0.1 0.0
257 0.26 -0.1 0.0
258 0.26 -0.1 0.0
259 0.26 -0.1 0.0
260 0.26 -0.1 0.0
261 0.26 -0.1 0.0
262 0.26 -0.1 0.0
263 0.26 -0.15 0.0
264 0.26 -0.2 0.0
265 0.26 -0.2 0.0
266 0.26 -0.2 0.0
267 0.26 -0.2 0.04375
268 0.26 -0.2 0.09375
269 0.26 -0.2 0.14375
270 0.26 -0.2 0.19375
271 0.26 -0.2 0.2375
272 0.26 -0.2 0.2875
273 0.26 -0.2 0.316
274 0.26 -0.2 0.306083333333
275 0.26 -0.2 0.334916666667
276 0.26 -0.2 0.363166666667
277 0.26 -0.2 0.4005
278 0.26 -0.2 0.4425
279 0.26 -0.2 0.486833333333
280 0.26 -0.2 0.52425
281 0.26 -0.2 0.561
282 0.0 0.0 0.585083333333
283 0.0 0.0 0.571083333333
284 0.0 0.0 0.591
285 0.0 0.0 0.3275
286 0.0 0.0 0.0655
287 0.0 0.05 0.0
288 0.0 0.1 0.0
289 0.0 0.1 0.0
290 0.0 0.25 0.0916666666667
291 0.0 0.55 0.316666666667
292 0.0 0.85 0.386583333333
293 0.0 1.1 0.19025
294 0.0 1.3 0.0
295 0.0 1.35 0.021
296 0.0 1.45 0.360833333333
297 0.0 0.0 0.585
298 0.0 0.0 0.377166666667
299 0.0 0.0 0.334166666667
300 0.0 0.0 0.327916666667
301 0.01 0.0 0.3335
302 0.01 0.0 0.333416666667
303 0.01 0.0 0.33
304 0.035 0.0 0.3215
305 0.06 0.0 0.326916666667
306 0.09 0.0 0.321083333333
307 0.115 0.0 0.31425
308 0.14 0.0 0.314416666667
309 0.17 0.0 0.319666666667
310 0.195 0.0 0.332
311 0.22 0.0 0.324
312 0.25 0.0 0.31175
313 0.26 0.0 0.298
314 0.26 0.0 0.290083333333
315 0.26 0.0 0.270583333333
316 0.26 0.0 0.257333333333
317 0.26 0.0 0.255583333333
318 0.26 0.0 0.248666666667
319 0.26 0.0 0.236166666667
320 0.26 0.0 0.228583333333
321 0.26 0.0 0.216
322 0.26 0.0 0.215416666667
323 0.26 0.0 0.208666666667
324 0.26 0.0 0.20175
325 0.26 0.0 0.186583333333
326 0.26 0.0 0.17625
327 0.26 0.0 0.17625
328 0.26 0.0 0.169583333333
329 0.26 0.0 0.157083333333
330 0.26 0.0 0.1505
331 0.26 0.0 0.144
332 0.26 0.0 0.137583333333
333 0.26 0.0 0.13125
334 0.26 0.0 0.1165
335 0.26 0.0 0.1125
336 0.26 0.0 0.1125
337 0.26 0.0 0.1125
338 0.26 0.0 0.10625
339 0.26 0.0 0.0705
340 0.26 0.0 0.0251666666667
341 0.26 0.0 0.0
342 0.26 0.0 0.0
343 0.26 0.0 0.0
344 0.26 0.0 0.0
345 0.26 0.0 0.0
346 0.26 0.0 0.0
347 0.26 0.0 0.0
348 0.26 0.0 0.0
349 0.26 0.0 0.0
350 0.26 0.0 0.0
351 0.26 0.0 0.0
352 0.26 0.0 0.0
353 0.26 0.0 0.0
354 0.26 0.0 0.0
355 0.26 0.0 0.0
356 0.26 0.0 0.0
