0 0.26 0.0 0.0705833333333
1 0.26 0.0 0.06875
2 0.26 0.0 0.0625
3 0.26 0.0 0.05625
4 0.26 0.0 0.04375
5 0.26 0.0 0.0358333333333
6 0.26 0.0 0.025
7 0.26 0.0 0.0125
8 0.26 0.0 0.0
9 0.26 0.0 0.0
10 0.26 0.0 0.0
11 0.26 0.0 0.0
12 0.26 0.0 0.0
13 0.26 0.0 0.0
14 0.26 0.0 0.0
15 0.26 0.0 0.0
16 0.26 -0.1 0.0
17 0.26 -0.15 0.0
18 0.26 -0.2 0.0
19 0.26 -0.25 0.0
20 0.26 -0.3 0.0
21 0.26 -0.4 0.0
22 0.26 -0.4 0.0
23 0.26 -0.4 0.00625
24 0.26 -0.4 0.1125
25 0.26 -0.4 0.225
26 0.26 -0.4 0.3375
27 0.26 -0.4 0.45625
28 0.26 -0.4 0.53125
29 0.26 -0.4 0.5625
30 0.26 -0.4 0.48125
31 0.0 0.0 0.36875
32 0.0 0.0 0.2125
33 0.0 0.0 0.04375
34 0.005 0.0 0.0
35 0.01 0.0 0.0
36 0.01 0.0 0.0
37 0.02 0.0 0.0
38 0.045 0.0 0.0
39 0.075 0.0 0.0
40 0.105 0.0 0.0
41 0.135 0.0 0.0
42 0.16 0.0 0.0
43 0.185 0.0 0.0
44 0.215 0.0 0.0
45 0.245 0.0 0.0
46 0.26 0.0 0.0
47 0.26 0.0 0.0
48 0.26 0.0 0.0
49 0.26 0.0 0.0
50 0.26 0.0 0.0
51 0.26 0.0 0.0
52 0.26 0.1 0.0
53 0.26 0.1 0.0
54 0.26 0.15 0.0
55 0.26 0.2 0.0
56 0.26 0.2 0.0
57 0.26 0.3 0.0
58 0.26 0.3 0.0625
59 0.26 0.3 0.1375
60 0.26 0.3 0.2125
61 0.26 0.3 0.29375
62 0.26 0.3 0.36875
63 0.26 0.3 0.45
64 0.26 0.3 0.53125
65 0.26 0.3 0.6
66 0.26 0.3 0.66875
67 0.26 0.3 0.7375
68 0.26 0.3 0.75
69 0.26 0.3 0.75
70 0.26 0.3 0.75
71 0.26 0.3 0.75
72 0.0 0.0 0.75
73 0.0 0.0 0.75
74 0.0 0.0 0.75
75 0.0 0.0 0.75
76 0.005 0.0 0.75
77 0.01 0.0 0.75
78 0.01 0.0 0.75
79 0.01 0.0 0.75
80 0.04 0.0 0.75
81 0.065 0.0 0.75
82 0.085 0.0 0.75
83 0.095 0.05 0.75
84 0.105 0.1 0.75
85 0.11 0.1 0.75
86 0.125 0.2 0.75
87 0.14 0.35 0.75
88 0.145 0.4 0.75
89 0.155 0.5 0.75
90 0.0 0.0 0.75
91 0.0 0.0 0.75
92 0.005 0.0 0.75
93 0.01 0.0 0.75
94 0.01 0.0 0.75
95 0.02 0.0 0.75
96 0.045 0.0 0.75
97 0.075 0.0 0.75
98 0.1 0.0 0.75
99 0.125 0.0 0.75
100 0.15 0.0 0.75
101 0.165 0.0 0.75
102 0.175 0.0 0.75
103 0.185 0.0 0.75
104 0.195 0.0 0.75
105 0.2 0.0 0.75
106 0.21 0.0 0.75
107 0.22 0.0 0.75
108 0.225 0.0 0.75
109 0.235 0.0 0.75
