0 0.26 0.0 0.0696666666667
1 0.26 0.0 0.09375
2 0.26 0.0 0.0875
3 0.26 0.0 0.08125
4 0.26 0.0 0.06875
5 0.26 0.0 0.0584166666667
6 0.26 0.0 0.05
7 0.26 0.0 0.0375
8 0.26 0.0 0.03125
9 0.26 0.0 0.0125
10 0.26 0.0 0.0
11 0.26 0.0 0.0
12 0.26 0.0 0.0
13 0.26 0.0 0.0
14 0.26 0.0 0.0
15 0.26 0.0 0.0
16 0.26 0.0 0.0
17 0.26 0.0 0.0
18 0.26 -0.1 0.0
19 0.26 -0.1 0.0
20 0.26 -0.2 0.0
21 0.26 -0.25 0.0
22 0.26 -0.3 0.0
23 0.26 -0.35 0.0
24 0.26 -0.4 0.0
25 0.26 -0.4 0.0
26 0.26 -0.4 0.0
27 0.26 -0.4 0.09375
28 0.26 -0.4 0.2
29 0.26 -0.4 0.3125
30 0.26 -0.4 0.4375
31 0.26 -0.4 0.5
32 0.26 -0.4 0.53125
33 0.0 0.0 0.4875
34 0.0 0.0 0.34375
35 0.0 0.0 0.1625
36 0.0 0.0 0.05
37 0.005 0.0 0.04375
38 0.01 0.0 0.0385833333333
39 0.01 0.0 0.0375
40 0.025 0.0 0.0328333333333
41 0.05 0.0 0.03125
42 0.08 0.0 0.03125
43 0.105 0.0 0.0375
44 0.135 0.0 0.0633333333333
45 0.165 0.0 0.05
46 0.19 0.0 0.0275
47 0.215 0.0 0.0125
48 0.24 0.0 0.0125
49 0.26 0.0 0.0
50 0.26 0.0 0.0
51 0.26 0.0 0.0
52 0.26 0.0 0.0
53 0.26 0.0 0.0
54 0.26 0.0 0.0
55 0.26 0.0 0.0
56 0.26 0.0 0.0
57 0.26 0.0 0.0
58 0.26 0.0 0.0
59 0.26 0.05 0.0
60 0.26 0.1 0.0
61 0.26 0.1 0.0
62 0.26 0.2 0.0
63 0.26 0.25 0.0
64 0.26 0.3 0.0
65 0.26 0.35 0.0375
66 0.26 0.4 0.13125
67 0.26 0.5 0.246416666667
68 0.26 0.5 0.36875
69 0.26 0.5 0.5
70 0.26 0.5 0.622166666667
71 0.26 0.5 0.74375
72 0.26 0.5 0.75
73 0.26 0.5 0.75
74 0.26 0.5 0.75
75 0.0 0.0 0.75
76 0.0 0.0 0.75
77 0.0 0.0 0.75
78 0.0 0.0 0.75
79 0.01 0.0 0.75
80 0.01 0.0 0.75
81 0.01 -0.05 0.74375
82 0.01 -0.1 0.7375
83 0.01 -0.1 0.75
84 0.01 -0.15 0.75
85 0.01 -0.45 0.75
86 0.01 -0.6 0.75
87 0.01 -0.7 0.75
88 0.01 -0.75 0.75
89 0.0 0.0 0.75
90 0.0 0.0 0.75
91 0.01 0.0 0.75
92 0.01 0.0 0.75
93 0.01 0.0 0.75
94 0.03 0.0 0.75
95 0.055 0.0 0.75
96 0.085 0.0 0.75
97 0.11 0.0 0.75
98 0.135 0.0 0.75
99 0.16 0.0 0.75
100 0.185 0.0 0.75
101 0.215 0.0 0.75
102 0.225 0.0 0.75
103 0.23 0.0 0.75
104 0.24 0.0 0.75
105 0.25 0.0 0.75
106 0.255 0.0 0.75
107 0.26 0.0 0.75
108 0.26 0.0 0.75
109 0.26 0.0 0.75
