0 0.26 0.0 0.56875
1 0.26 0.0 0.019
2 0.26 0.0 0.0
3 0.26 0.0 0.0
4 0.26 0.0 0.03125
5 0.26 0.0 0.01875
6 0.26 0.0 0.0125
7 0.26 0.0 0.00625
8 0.26 0.0 0.0
9 0.26 0.0 0.0
10 0.26 0.0 0.0
11 0.26 0.0 0.0
12 0.26 0.0 0.0
13 0.26 0.0 0.0
14 0.26 0.0 0.0
15 0.26 0.0 0.0
16 0.26 0.0 0.0
17 0.26 0.0 0.0
18 0.26 0.0 0.0
19 0.26 0.0 0.0
20 0.26 0.0 0.0
21 0.26 0.0 0.0
22 0.26 0.0 0.0
23 0.26 0.05 0.0
24 0.26 0.1 0.0
25 0.26 0.1 0.0
26 0.26 0.15 0.0
27 0.26 0.2 0.0
28 0.26 0.25 0.0
29 0.26 0.3 0.0
30 0.26 0.3 0.0
31 0.26 0.35 0.0
32 0.26 0.4 0.03125
33 0.26 0.4 0.02775
34 0.26 0.4 0.025
35 0.26 0.4 0.025
36 0.26 0.4 0.01875
37 0.26 0.4 0.01875
38 0.26 0.4 0.01875
39 0.26 0.4 0.0235
40 0.26 0.4 0.0189166666667
41 0.26 0.4 0.01875
42 0.26 0.4 0.025
43 0.26 0.4 0.00625
44 0.26 0.4 0.0
45 0.26 0.4 0.0
46 0.26 0.4 0.0
47 0.26 0.4 0.0
48 0.0 0.0 0.0
49 0.0 0.0 0.0
50 0.0 0.0 0.0
51 0.0 0.0 0.0
52 0.0 0.0 0.0
53 0.0 0.0 0.0
54 0.0 0.0 0.0
55 0.0 0.0 0.0
56 0.0 0.0 0.0
57 0.005 0.0 0.0
58 0.01 0.0 0.0
59 0.01 0.0 0.0
60 0.01 0.0 0.0
61 0.01 0.0 0.0
62 0.025 0.0 0.0
63 0.04 0.0 0.0
64 0.055 0.0 0.0
65 0.07 0.0 0.0
66 0.085 0.0 0.0
67 0.1 0.0 0.0
68 0.12 0.0 0.0
69 0.135 0.0 0.0
70 0.15 0.0 0.0
71 0.165 0.0 0.0
72 0.18 0.0 0.0
73 0.195 0.0 0.0
74 0.21 0.0 0.0
75 0.225 0.0 0.0
76 0.245 0.0 0.0
77 0.26 0.0 0.0
78 0.26 0.0 0.0
79 0.26 0.0 0.0
80 0.26 0.0 0.0
81 0.26 0.0 0.0
82 0.26 0.0 0.0
83 0.26 0.0 0.0
84 0.26 0.0 0.0
85 0.26 0.0 0.0
86 0.26 0.0 0.0
87 0.26 0.0 0.0
88 0.26 0.0 0.0
89 0.26 0.0 0.0
90 0.26 0.0 0.0
91 0.26 0.0 0.0
92 0.26 0.0 0.0
93 0.26 0.0 0.0
94 0.26 0.0 0.0
95 0.26 0.0 0.0
96 0.26 0.0 0.0
97 0.26 0.0 0.0
98 0.26 0.0 0.0
99 0.26 0.0 0.0
100 0.26 0.0 0.0
101 0.26 0.0 0.0
102 0.26 0.0 0.0
103 0.26 -0.05 0.0
104 0.26 -0.1 0.0
105 0.26 -0.1 0.0
106 0.26 -0.15 0.0
107 0.26 -0.2 0.0
108 0.26 -0.25 0.0
109 0.26 -0.3 0.0
110 0.26 -0.3 0.0
111 0.26 -0.35 0.0
112 0.26 -0.4 0.0
113 0.26 -0.4 0.0
114 0.26 -0.4 0.0
115 0.26 -0.4 0.0
116 0.26 -0.4 0.0
117 0.26 -0.4 0.0
118 0.26 -0.4 0.0
119 0.26 -0.4 0.025
120 0.26 -0.4 0.06875
121 0.26 -0.4 0.15625
122 0.26 -0.4 0.21875
123 0.26 -0.4 0.28125
124 0.26 -0.4 0.34375
125 0.26 -0.4 0.405833333333
126 0.0 0.0 0.46875
127 0.0 0.0 0.53125
128 0.0 0.0 0.5625
129 0.0 0.0 0.59375
130 0.0 0.0 0.63125
131 0.0 0.0 0.64375
132 0.0 0.0 0.64375
133 0.005 0.0 0.64375
134 0.01 0.0 0.64375
135 0.01 0.0 0.64375
136 0.01 0.0 0.64375
137 0.01 0.0 0.64375
138 0.02 0.0 0.64375
139 0.035 0.0 0.64375
140 0.05 0.0 0.64375
141 0.065 0.0 0.64375
142 0.08 0.0 0.64375
143 0.1 0.0 0.64375
144 0.115 0.0 0.6375
145 0.13 0.0 0.6375
146 0.145 0.0 0.65
147 0.16 0.0 0.65
148 0.175 0.0 0.65
149 0.195 0.0 0.653
150 0.205 0.0 0.65625
151 0.21 0.0 0.65625
152 0.215 0.0 0.65625
153 0.22 0.0 0.65625
154 0.225 0.0 0.6625
155 0.23 0.0 0.6625
