0 0.26 0.0 0.0
1 0.26 0.0 0.0
2 0.26 0.05 0.0
3 0.26 0.1 0.0
4 0.26 0.1 0.0
5 0.26 0.2 0.0
6 0.26 0.2 0.0
7 0.26 0.3 0.0
8 0.26 0.3 0.04375
9 0.26 0.3 0.1125
10 0.26 0.3 0.1875
11 0.26 0.3 0.3
12 0.26 0.3 0.3625
13 0.26 0.3 0.475
14 0.26 0.3 0.5875
15 0.26 0.3 0.65
16 0.26 0.3 0.59375
17 0.26 0.3 0.49375
18 0.26 0.3 0.390333333333
19 0.0 0.0 0.28125
20 0.0 0.0 0.3125
21 0.005 0.0 0.447666666667
22 0.01 0.0 0.554333333333
23 0.01 0.0 0.587333333333
24 0.02 0.0 0.467666666667
25 0.05 0.0 0.342166666667
26 0.08 0.0 0.334583333333
27 0.11 0.0 0.34
28 0.14 0.0 0.338916666667
29 0.155 0.1 0.335416666667
30 0.16 0.1 0.335083333333
31 0.175 0.1 0.338416666667
32 0.185 0.1 0.351666666667
33 0.195 0.1 0.3755
34 0.21 0.1 0.405333333333
35 0.235 0.1 0.42825
36 0.25 0.1 0.454666666667
37 0.26 0.2 0.4665
38 0.26 0.2 0.463083333333
39 0.26 0.2 0.41975
40 0.26 0.2 0.302916666667
41 0.26 0.2 0.240583333333
42 0.26 0.2 0.128916666667
43 0.26 0.2 0.09
44 0.26 0.2 0.06725
45 0.26 0.2 0.04
46 0.26 0.2 0.0
47 0.26 0.2 0.0
48 0.26 0.15 0.0
49 0.26 0.1 0.0
50 0.26 0.05 0.0
51 0.26 0.0 0.0
52 0.26 0.0 0.0
53 0.26 0.0 0.0
54 0.26 0.0 0.0
55 0.26 0.0 0.0
56 0.26 0.0 0.0
57 0.26 -0.1 0.0
58 0.26 -0.1 0.0
59 0.26 -0.1 0.0
60 0.26 -0.1 0.0
61 0.26 -0.1 0.0
62 0.26 -0.1 0.0
63 0.26 -0.1 0.0
64 0.26 -0.1 0.0
65 0.26 -0.1 0.0
66 0.26 -0.1 0.0
67 0.26 -0.1 0.0
68 0.26 -0.1 0.0
69 0.26 -0.1 0.0
70 0.26 -0.1 0.0
71 0.26 -0.1 0.0
72 0.26 -0.1 0.0
73 0.26 -0.1 0.0
74 0.26 -0.1 0.0
75 0.26 -0.1 0.0
76 0.26 -0.1 0.0
77 0.26 -0.1 0.0
78 0.26 -0.1 0.0
79 0.26 -0.1 0.0
80 0.26 -0.1 0.0
81 0.26 -0.1 0.0
82 0.26 -0.1 0.0
83 0.26 -0.1 0.0
84 0.26 -0.1 0.0
85 0.26 -0.1 0.0
86 0.26 -0.1 0.0
87 0.26 -0.1 0.0
88 0.26 -0.1 0.0
89 0.26 -0.1 0.0
90 0.26 -0.1 0.0
91 0.26 -0.1 0.0
92 0.26 -0.1 0.0
93 0.26 -0.1 0.0
94 0.26 -0.1 0.0
95 0.26 -0.1 0.0
96 0.26 -0.1 0.0
97 0.26 -0.1 0.0
98 0.26 -0.1 0.0
99 0.26 -0.1 0.0
100 0.26 -0.1 0.0
101 0.26 -0.1 0.0
102 0.26 -0.1 0.0
103 0.26 -0.1 0.0
104 0.26 -0.1 0.0
105 0.26 -0.1 0.0
106 0.26 -0.1 0.0
107 0.26 -0.1 0.0
108 0.26 -0.1 0.0
109 0.26 -0.1 0.0
110 0.26 -0.1 0.0
111 0.26 -0.1 0.0
112 0.26 -0.1 0.0
113 0.26 -0.1 0.0
114 0.26 -0.1 0.0
115 0.26 -0.1 0.0
116 0.26 -0.1 0.0
117 0.26 -0.1 0.0
118 0.26 -0.1 0.0
119 0.26 -0.15 0.0
120 0.26 -0.2 0.0
121 0.26 -0.2 0.0
122 0.26 -0.2 0.0
123 0.26 -0.2 0.0
124 0.26 -0.2 0.0
125 0.26 -0.2 0.0
126 0.26 -0.2 0.0
127 0.26 -0.2 0.0
128 0.26 -0.2 0.0
129 0.26 -0.3 0.0
130 0.26 -0.3 0.0
131 0.26 -0.3 0.0
132 0.26 -0.3 0.0
133 0.26 -0.3 0.0
134 0.26 -0.3 0.0
135 0.26 -0.3 0.0
136 0.26 -0.4 0.0
137 0.26 -0.4 0.0
138 0.26 -0.4 0.08625
139 0.26 -0.4 0.108333333333
140 0.26 -0.4 0.13375
141 0.26 -0.4 0.154333333333
142 0.26 -0.4 0.18725
143 0.26 -0.4 0.287666666667
144 0.26 -0.4 0.302333333333
145 0.26 -0.4 0.425916666667
146 0.26 -0.4 0.506916666667
147 0.0 0.0 0.569416666667
148 0.0 0.0 0.667333333333
149 0.0 0.0 0.652416666667
150 0.0 0.0 0.648583333333
151 0.01 0.0 0.648666666667
152 0.01 0.0 0.646416666667
153 0.025 0.0 0.643416666667
154 0.06 0.0 0.64
155 0.09 0.0 0.623
156 0.12 0.0 0.591916666667
157 0.15 0.0 0.546083333333
158 0.18 0.0 0.502916666667
159 0.205 0.0 0.432833333333
160 0.24 0.0 0.353666666667
161 0.26 0.0 0.295333333333
162 0.26 0.0 0.179583333333
163 0.26 0.0 0.0658333333333
164 0.26 0.0 0.0
165 0.26 0.0 0.0
166 0.26 0.0 0.0
167 0.26 0.0 0.0
168 0.26 0.0 0.0
169 0.26 0.0 0.0
170 0.26 0.0 0.0
171 0.26 0.0 0.0
172 0.26 0.0 0.0
173 0.26 0.0 0.0
174 0.26 0.0 0.0
175 0.26 0.0 0.0
176 0.26 0.0 0.0
177 0.26 0.0 0.0
178 0.26 0.0 0.0
179 0.26 0.0 0.0
180 0.26 0.0 0.0
181 0.26 0.0 0.0
182 0.26 0.0 0.0
183 0.26 0.0 0.0
184 0.26 0.0 0.0
185 0.26 0.0 0.0
186 0.26 0.0 0.0
187 0.26 0.0 0.0
188 0.26 0.0 0.0
189 0.26 0.0 0.0
190 0.26 0.0 0.0
191 0.26 0.0 0.0
192 0.26 0.0 0.0
193 0.26 0.0 0.0
194 0.26 0.0 0.0
195 0.26 0.0 0.0
196 0.26 0.0 0.0
197 0.26 0.0 0.0
198 0.26 0.0 0.0
199 0.26 0.0 0.0
200 0.26 -0.1 0.0
201 0.26 -0.1 0.0
202 0.26 -0.1 0.0
203 0.26 -0.1 0.0
204 0.26 -0.1 0.0
205 0.26 -0.1 0.0
206 0.26 -0.1 0.0
207 0.26 -0.1 0.0
208 0.26 -0.1 0.0
209 0.26 -0.1 0.0
210 0.26 -0.1 0.0
211 0.26 -0.1 0.0
212 0.26 -0.1 0.0
213 0.26 -0.2 0.0
214 0.26 -0.2 0.0
215 0.26 -0.2 0.0
216 0.26 -0.2 0.0
217 0.26 -0.2 0.0
218 0.26 -0.2 0.0
219 0.26 -0.2 0.0
220 0.26 -0.2 0.0
221 0.26 -0.2 0.0
222 0.26 -0.2 0.0
223 0.26 -0.2 0.0
224 0.26 -0.3 0.0
225 0.26 -0.3 0.0
226 0.26 -0.3 0.0
227 0.26 -0.3 0.0
228 0.26 -0.4 0.0
229 0.26 -0.4 0.175
230 0.26 -0.4 0.184333333333
231 0.26 -0.4 0.238
232 0.26 -0.4 0.356
233 0.26 -0.4 0.4295
234 0.26 -0.4 0.552666666667
235 0.26 -0.4 0.536083333333
236 0.0 0.0 0.593083333333
237 0.0 0.0 0.58025
238 0.0 0.0 0.39275
239 0.0 0.0 0.23675
240 0.0 0.05 0.219416666667
241 0.0 0.1 0.2305
242 0.0 0.1 0.262
243 0.0 0.35 0.29175
244 0.0 0.6 0.349916666667
245 0.0 0.0 0.527583333333
246 0.0 0.0 0.611583333333
247 0.005 0.0 0.611583333333
248 0.01 0.0 0.611333333333
249 0.02 0.0 0.61125
250 0.055 0.0 0.611083333333
251 0.08 0.0 0.610833333333
252 0.115 0.0 0.6155
253 0.15 0.0 0.620333333333
254 0.185 0.0 0.610416666667
255 0.215 0.0 0.608583333333
256 0.245 0.0 0.608333333333
257 0.26 0.0 0.596916666667
258 0.26 0.0 0.596083333333
259 0.26 0.0 0.589583333333
260 0.26 0.0 0.58725
261 0.26 0.0 0.58125
262 0.26 0.0 0.57975
263 0.26 0.0 0.577583333333
264 0.26 0.0 0.576083333333
265 0.26 0.0 0.574333333333
266 0.26 0.0 0.5725
267 0.26 0.0 0.570416666667
268 0.26 0.0 0.567666666667
269 0.26 0.0 0.565
270 0.26 0.0 0.508333333333
271 0.26 0.0 0.342833333333
272 0.26 0.0 0.169666666667
273 0.26 0.0 0.00866666666667
274 0.26 0.0 0.00166666666667
275 0.26 0.0 0.0
276 0.26 0.0 0.0
277 0.26 0.0 0.0
278 0.26 0.0 0.0
279 0.26 0.0 0.0
280 0.26 0.0 0.0
281 0.26 0.0 0.0
282 0.26 0.0 0.0
283 0.26 0.0 0.0
284 0.26 0.0 0.0
285 0.26 0.0 0.0
286 0.26 0.0 0.0
287 0.26 0.0 0.0
288 0.26 0.0 0.0
289 0.26 0.0 0.0
290 0.26 0.0 0.0
291 0.26 0.0 0.0
292 0.26 0.0 0.0
293 0.26 0.0 0.0
294 0.26 0.0 0.0
295 0.26 0.0 0.0
296 0.26 0.0 0.0
297 0.26 0.0 0.0
298 0.26 0.0 0.0
299 0.26 0.0 0.0
300 0.26 0.0 0.0
301 0.26 0.0 0.0
302 0.26 0.0 0.0
