0 0.195 0.0 0.20625
1 0.205 0.0 0.25625
2 0.215 0.0 0.25
3 0.22 0.0 0.24375
4 0.23 0.0 0.24375
5 0.235 0.0 0.2375
6 0.25 -0.1 0.23125
7 0.255 -0.1 0.20625
8 0.26 -0.1 0.16875
9 0.26 -0.1 0.1375
10 0.26 -0.2 0.09375
11 0.26 -0.2 0.03125
12 0.26 -0.2 0.0
13 0.26 -0.4 0.0
14 0.26 -0.65 0.0
15 0.26 -0.8 0.0
16 0.26 -0.85 0.1625
17 0.26 -0.95 0.4
18 0.26 -1.0 0.50625
19 0.26 -1.1 0.31875
20 0.26 -1.2 0.0
21 0.26 -1.25 0.0
22 0.26 -1.3 0.0
23 0.0 0.0 0.0
24 0.0 0.0 0.0
25 0.0 0.0 0.0
26 0.0 0.0 0.0
27 0.0 0.05 0.0
28 0.0 0.1 0.0
29 0.0 0.1 0.0
30 0.0 0.15 0.0
31 0.0 0.4 0.0
32 0.0 0.7 0.0
33 0.0 0.75 0.0
34 0.0 0.0 0.0
35 0.0 0.0 0.0
36 0.005 0.0 0.0
37 0.01 0.0 0.0
38 0.01 0.0 0.0
39 0.015 0.0 0.0
40 0.045 0.0 0.0
41 0.07 0.0 0.0
42 0.1 0.0 0.0
43 0.125 0.0 0.0
44 0.155 0.0 0.0
45 0.18 0.0 0.0
46 0.21 0.0 0.0
47 0.24 0.0 0.0
48 0.26 0.0 0.0
49 0.26 0.0 0.0
50 0.26 0.0 0.0
51 0.26 0.0 0.0
52 0.26 0.0 0.0
53 0.26 0.0 0.0
54 0.26 0.0 0.0
55 0.26 0.0 0.0
56 0.26 0.0 0.0
57 0.26 0.0 0.0
58 0.26 0.0 0.0
59 0.26 0.0 0.0
60 0.26 0.0 0.0
61 0.26 0.0 0.0
62 0.26 0.0 0.0
63 0.26 0.0 0.0
64 0.26 0.0 0.0
65 0.26 0.0 0.0
66 0.26 0.0 0.0
67 0.26 0.0 0.0
68 0.26 0.0 0.0
69 0.26 0.0 0.0
70 0.26 0.0 0.0
71 0.26 0.0 0.0
72 0.26 0.0 0.0
73 0.26 0.0 0.0
74 0.26 0.0 0.0
75 0.26 0.0 0.0
76 0.26 0.0 0.0
77 0.26 0.0 0.0
78 0.26 0.0 0.0
79 0.26 0.0 0.0
80 0.26 0.0 0.0
81 0.26 0.0 0.0
82 0.26 0.0 0.0
83 0.26 0.0 0.0
84 0.26 0.0 0.0
85 0.26 0.0 0.0
86 0.26 0.0 0.0
87 0.26 0.0 0.0
88 0.26 0.0 0.0
89 0.26 0.0 0.0
90 0.26 0.0 0.0
91 0.26 0.0 0.0
92 0.26 0.0 0.0
93 0.26 0.0 0.0
94 0.26 0.0 0.0
95 0.26 0.0 0.0
96 0.26 0.0 0.0
97 0.26 0.0 0.0
98 0.26 0.05 0.0
99 0.26 0.1 0.0
100 0.26 0.1 0.0
101 0.26 0.1 0.0
102 0.26 0.2 0.0
103 0.26 0.2 0.0
104 0.26 0.2 0.0
105 0.26 0.4 0.0
106 0.26 0.55 0.0
107 0.26 0.6 0.0
108 0.26 0.7 0.0
109 0.26 0.8 0.0
110 0.26 0.8 0.0
111 0.26 0.8 0.0
112 0.26 0.8 0.0
113 0.26 0.8 0.15625
114 0.0 0.0 0.375
115 0.0 0.0 0.56875
116 0.0 0.0 0.5875
117 0.0 0.0 0.5875
118 0.0 0.0 0.5875
119 0.0 -0.05 0.5875
120 0.0 -0.1 0.58125
121 0.0 -0.1 0.5875
122 0.0 -0.25 0.5875
123 0.0 -0.4 0.59375
124 0.0 -0.5 0.53125
125 0.0 0.0 0.40625
126 0.0 0.0 0.34375
127 0.0 0.0 0.34375
128 0.01 0.0 0.34375
129 0.01 0.0 0.34375
130 0.01 0.0 0.34375
131 0.025 0.0 0.34375
132 0.055 0.0 0.34375
133 0.08 0.0 0.344166666667
134 0.105 0.0 0.349666666667
135 0.13 0.0 0.34375
136 0.16 0.0 0.34375
137 0.185 0.0 0.325
138 0.21 0.0 0.33125
139 0.235 0.0 0.30625
140 0.26 0.0 0.2865
141 0.26 0.0 0.2625
142 0.26 0.0 0.2625
143 0.26 0.0 0.25625
144 0.26 0.0 0.25
145 0.26 0.0 0.25
146 0.26 0.0 0.24375
147 0.26 0.0 0.243416666667
148 0.26 0.0 0.2375
149 0.26 0.05 0.23125
150 0.26 0.1 0.2375
151 0.26 0.1 0.2625
152 0.26 0.1 0.2875
153 0.26 0.1 0.3125
154 0.26 0.1 0.33125
155 0.26 0.05 0.35625
156 0.26 0.0 0.375
157 0.26 0.0 0.38125
158 0.26 0.0 0.375
159 0.26 0.0 0.371166666667
160 0.26 0.0 0.36875
161 0.26 0.0 0.36875
162 0.26 0.0 0.3625
163 0.26 0.0 0.3625
164 0.26 0.1 0.35625
165 0.26 0.1 0.375
166 0.26 0.1 0.4
167 0.26 0.1 0.425
168 0.26 0.1 0.45
169 0.26 0.0 0.46875
170 0.26 0.0 0.475
171 0.26 0.0 0.475
172 0.26 0.0 0.475
173 0.26 0.0 0.46875
174 0.26 0.1 0.46875
175 0.26 0.1 0.4875
176 0.26 0.1 0.5125
177 0.26 0.1 0.5375
178 0.26 0.1 0.5625
179 0.26 0.1 0.5875
180 0.26 0.1 0.61875
181 0.26 0.1 0.6375
182 0.26 0.1 0.66875
183 0.26 0.1 0.7
