0 0.12 0.0 0.259916666667
1 0.145 0.0 0.258666666667
2 0.17 0.0 0.258916666667
3 0.185 0.0 0.2585
4 0.195 -0.05 0.257666666667
5 0.2 -0.1 0.259333333333
6 0.21 -0.15 0.258583333333
7 0.22 -0.2 0.258666666667
8 0.225 -0.2 0.256083333333
9 0.23 -0.2 0.259583333333
10 0.24 -0.2 0.2585
11 0.245 -0.2 0.260416666667
12 0.255 -0.2 0.2605
13 0.26 -0.2 0.259583333333
14 0.26 -0.2 0.2595
15 0.26 -0.2 0.259666666667
16 0.26 -0.2 0.258666666667
17 0.26 -0.2 0.258916666667
18 0.26 -0.2 0.257833333333
19 0.26 -0.2 0.257916666667
20 0.26 -0.2 0.256416666667
21 0.26 -0.2 0.259583333333
22 0.26 -0.2 0.264083333333
23 0.26 -0.2 0.262166666667
24 0.26 -0.2 0.255833333333
25 0.26 -0.2 0.253833333333
26 0.26 -0.2 0.2535
27 0.26 -0.2 0.253
28 0.26 -0.2 0.252916666667
29 0.26 -0.2 0.25325
30 0.26 -0.2 0.252166666667
31 0.26 -0.2 0.251666666667
32 0.26 -0.2 0.255
33 0.26 -0.2 0.262166666667
34 0.26 -0.2 0.2655
35 0.26 -0.2 0.267
36 0.26 -0.2 0.265916666667
37 0.26 -0.2 0.26425
38 0.26 -0.2 0.2595
39 0.26 -0.2 0.253666666667
40 0.26 -0.2 0.252083333333
41 0.26 -0.2 0.251083333333
42 0.26 -0.2 0.250583333333
43 0.26 -0.2 0.2495
44 0.26 -0.2 0.248666666667
45 0.26 -0.15 0.2475
46 0.26 -0.1 0.254333333333
47 0.26 -0.1 0.257
48 0.26 -0.1 0.260916666667
49 0.26 -0.1 0.267166666667
50 0.26 -0.1 0.26925
51 0.26 -0.1 0.2705
52 0.26 -0.1 0.271833333333
53 0.26 -0.1 0.272583333333
54 0.26 -0.1 0.27375
55 0.26 -0.1 0.275
56 0.26 -0.1 0.275833333333
57 0.26 -0.1 0.27625
58 0.26 -0.1 0.276166666667
59 0.26 -0.1 0.275833333333
60 0.26 -0.1 0.27525
61 0.26 -0.1 0.274166666667
62 0.26 -0.1 0.273166666667
63 0.26 -0.1 0.273083333333
64 0.26 -0.1 0.271666666667
65 0.26 -0.1 0.26975
66 0.26 -0.1 0.268333333333
67 0.26 -0.1 0.267333333333
68 0.26 -0.1 0.266416666667
69 0.26 -0.1 0.265083333333
70 0.26 -0.1 0.263583333333
71 0.26 -0.1 0.262083333333
72 0.26 -0.1 0.261166666667
73 0.26 -0.1 0.26125
74 0.26 0.0 0.26475
75 0.26 0.0 0.266166666667
76 0.26 0.0 0.2675
77 0.26 0.0 0.268
78 0.26 0.0 0.268583333333
79 0.26 0.0 0.269916666667
80 0.26 0.0 0.271333333333
81 0.26 0.0 0.27175
82 0.26 0.0 0.272166666667
83 0.26 0.0 0.2735
84 0.26 0.0 0.273583333333
85 0.26 0.0 0.274833333333
86 0.26 0.0 0.276
87 0.26 0.0 0.277666666667
88 0.26 0.0 0.278166666667
89 0.26 0.0 0.279833333333
90 0.26 0.0 0.281666666667
91 0.26 0.0 0.28225
92 0.26 0.0 0.283666666667
93 0.26 0.0 0.2855
94 0.26 0.0 0.286
95 0.26 0.0 0.287916666667
96 0.26 0.0 0.289333333333
97 0.26 0.0 0.289916666667
98 0.26 0.0 0.291333333333
99 0.26 0.0 0.291583333333
100 0.26 0.0 0.291666666667
101 0.26 0.0 0.291666666667
102 0.26 0.0 0.291666666667
103 0.26 0.0 0.291666666667
104 0.26 0.0 0.291666666667
105 0.26 0.0 0.291666666667
106 0.26 0.0 0.291666666667
107 0.26 0.0 0.291666666667
108 0.26 0.0 0.291666666667
109 0.26 0.0 0.291666666667
110 0.26 0.0 0.291666666667
111 0.26 0.0 0.291666666667
112 0.26 0.0 0.2915
113 0.26 0.0 0.291416666667
114 0.26 0.0 0.291166666667
115 0.26 0.0 0.290833333333
116 0.26 0.0 0.2905
117 0.26 0.0 0.290416666667
118 0.26 0.0 0.286166666667
119 0.26 0.0 0.28325
120 0.26 0.0 0.28325
121 0.26 0.0 0.283416666667
122 0.26 0.0 0.282833333333
123 0.26 0.0 0.282333333333
124 0.26 0.0 0.281916666667
125 0.26 0.0 0.280916666667
126 0.26 0.0 0.280083333333
127 0.26 0.0 0.276416666667
128 0.26 0.0 0.276416666667
129 0.26 0.0 0.275666666667
130 0.26 0.0 0.275666666667
131 0.26 0.0 0.275166666667
132 0.26 0.0 0.274916666667
133 0.26 0.0 0.2755
134 0.26 0.0 0.275166666667
135 0.26 0.0 0.2745
136 0.26 0.0 0.273666666667
137 0.26 0.0 0.27425
138 0.26 0.0 0.273833333333
139 0.26 0.0 0.273666666667
140 0.26 0.0 0.273833333333
141 0.26 0.0 0.2745
142 0.26 0.0 0.275166666667
143 0.26 0.0 0.274916666667
144 0.26 0.0 0.27325
145 0.26 0.0 0.271583333333
146 0.26 0.0 0.270333333333
147 0.26 0.0 0.27
148 0.26 0.0 0.269833333333
149 0.26 -0.05 0.269833333333
150 0.26 -0.1 0.268833333333
151 0.26 -0.1 0.269
152 0.26 -0.1 0.266333333333
153 0.26 -0.1 0.264833333333
154 0.26 -0.1 0.261
155 0.26 -0.1 0.263583333333
156 0.26 -0.1 0.26625
157 0.26 -0.1 0.26875
158 0.26 -0.1 0.271916666667
159 0.26 -0.1 0.271416666667
160 0.26 -0.1 0.269166666667
161 0.26 -0.1 0.263083333333
162 0.26 -0.1 0.26075
163 0.26 -0.1 0.26025
164 0.26 -0.1 0.25925
165 0.26 -0.1 0.258166666667
166 0.26 -0.1 0.257916666667
167 0.26 -0.1 0.257833333333
168 0.26 -0.1 0.257333333333
169 0.26 -0.1 0.256833333333
170 0.26 -0.1 0.255916666667
171 0.26 -0.1 0.256916666667
172 0.26 -0.1 0.257
173 0.26 -0.1 0.256666666667
174 0.26 -0.1 0.255083333333
175 0.26 -0.1 0.2565
176 0.26 -0.1 0.259833333333
177 0.26 -0.1 0.26275
178 0.26 -0.1 0.267416666667
179 0.26 -0.1 0.267583333333
180 0.26 -0.1 0.26775
181 0.26 -0.1 0.268
182 0.26 -0.1 0.267583333333
183 0.26 -0.1 0.267583333333
184 0.26 -0.1 0.26675
185 0.26 0.0 0.267
186 0.26 0.0 0.26675
187 0.26 0.0 0.26725
188 0.26 0.05 0.267416666667
189 0.26 0.1 0.266666666667
190 0.26 0.1 0.267333333333
191 0.26 0.15 0.266916666667
192 0.26 0.2 0.266916666667
193 0.26 0.2 0.267666666667
194 0.26 0.25 0.26775
195 0.26 0.3 0.267333333333
196 0.26 0.3 0.261666666667
197 0.26 0.3 0.254583333333
198 0.26 0.35 0.245916666667
199 0.26 0.4 0.246916666667
200 0.26 0.4 0.248666666667
201 0.26 0.4 0.248083333333
202 0.26 0.4 0.251083333333
203 0.26 0.4 0.25225
204 0.26 0.4 0.260166666667
205 0.26 0.4 0.253583333333
206 0.26 0.4 0.25725
207 0.26 0.4 0.257166666667
208 0.26 0.4 0.256583333333
209 0.26 0.4 0.255166666667
210 0.26 0.4 0.257083333333
211 0.26 0.4 0.266833333333
212 0.26 0.4 0.267166666667
213 0.26 0.4 0.265666666667
214 0.26 0.4 0.2545
215 0.26 0.4 0.241583333333
216 0.26 0.4 0.239583333333
217 0.26 0.4 0.25
218 0.26 0.4 0.26325
219 0.26 0.4 0.265916666667
220 0.26 0.4 0.266166666667
221 0.26 0.4 0.265666666667
222 0.26 0.4 0.266916666667
223 0.26 0.4 0.266583333333
224 0.26 0.4 0.266416666667
225 0.26 0.4 0.257583333333
226 0.26 0.4 0.242083333333
227 0.26 0.4 0.250416666667
228 0.26 0.4 0.256916666667
229 0.26 0.4 0.26
230 0.26 0.4 0.2585
231 0.26 0.4 0.257166666667
232 0.26 0.4 0.257083333333
233 0.26 0.4 0.256083333333
234 0.26 0.4 0.254916666667
235 0.26 0.4 0.253416666667
236 0.26 0.4 0.252833333333
237 0.26 0.4 0.253583333333
238 0.26 0.4 0.254
239 0.26 0.4 0.266916666667
240 0.26 0.4 0.277416666667
241 0.26 0.4 0.288666666667
242 0.26 0.4 0.291083333333
243 0.26 0.4 0.291666666667
244 0.26 0.4 0.291666666667
245 0.26 0.4 0.291666666667
246 0.26 0.4 0.291666666667
247 0.26 0.4 0.291666666667
248 0.26 0.4 0.291666666667
249 0.26 0.4 0.291666666667
250 0.26 0.4 0.291666666667
251 0.26 0.4 0.291666666667
252 0.26 0.4 0.28275
253 0.26 0.4 0.2755
254 0.26 0.4 0.270666666667
255 0.26 0.4 0.262416666667
256 0.26 0.4 0.261916666667
257 0.26 0.4 0.248833333333
258 0.26 0.4 0.234
259 0.26 0.4 0.230833333333
260 0.26 0.3 0.230666666667
261 0.26 0.3 0.23125
262 0.26 0.3 0.232166666667
263 0.26 0.3 0.227833333333
264 0.26 0.25 0.22
265 0.26 0.2 0.219166666667
266 0.26 0.2 0.2185
267 0.26 0.2 0.219833333333
268 0.26 0.2 0.220666666667
269 0.26 0.1 0.22375
270 0.26 0.1 0.226083333333
271 0.26 0.1 0.230833333333
272 0.26 0.1 0.230416666667
273 0.26 0.1 0.2315
274 0.26 0.1 0.233083333333
275 0.26 0.1 0.235083333333
276 0.26 0.1 0.238083333333
277 0.26 0.1 0.238416666667
278 0.26 0.1 0.238
279 0.26 0.1 0.2375
280 0.26 0.1 0.2375
281 0.26 0.1 0.235666666667
282 0.26 0.05 0.234166666667
283 0.26 2.77555756156e-17 0.23475
284 0.26 2.77555756156e-17 0.23425
285 0.26 2.77555756156e-17 0.234416666667
286 0.26 2.77555756156e-17 0.23375
287 0.26 2.77555756156e-17 0.233333333333
288 0.26 2.77555756156e-17 0.23325
289 0.26 2.77555756156e-17 0.232666666667
290 0.26 2.77555756156e-17 0.2325
291 0.26 2.77555756156e-17 0.2325
292 0.26 2.77555756156e-17 0.231916666667
293 0.26 2.77555756156e-17 0.230083333333
294 0.26 2.77555756156e-17 0.227916666667
295 0.26 2.77555756156e-17 0.227583333333
296 0.26 2.77555756156e-17 0.229333333333
297 0.26 2.77555756156e-17 0.23
298 0.26 2.77555756156e-17 0.231666666667
299 0.26 2.77555756156e-17 0.231416666667
300 0.26 -0.05 0.23275
301 0.26 -0.1 0.231583333333
302 0.26 -0.1 0.231666666667
303 0.26 -0.1 0.2305
304 0.26 -0.1 0.221083333333
305 0.26 -0.1 0.208916666667
306 0.26 -0.1 0.201083333333
307 0.26 -0.1 0.201083333333
308 0.26 -0.1 0.197
309 0.26 -0.1 0.20125
310 0.26 -0.1 0.199833333333
311 0.26 -0.1 0.202583333333
312 0.26 -0.1 0.20625
313 0.26 -0.1 0.208583333333
314 0.26 -0.1 0.204833333333
315 0.26 -0.1 0.200916666667
316 0.26 -0.1 0.199166666667
317 0.26 -0.1 0.19875
318 0.26 -0.1 0.204583333333
319 0.26 -0.1 0.211916666667
320 0.26 -0.1 0.220666666667
321 0.26 -0.1 0.227833333333
322 0.26 -0.1 0.232
323 0.26 -0.1 0.231666666667
324 0.26 -0.1 0.234
325 0.26 -0.1 0.2425
326 0.26 -0.1 0.251833333333
327 0.26 -0.1 0.250833333333
328 0.26 -0.1 0.250166666667
329 0.26 -0.1 0.24925
330 0.26 -0.1 0.249
331 0.26 -0.1 0.24925
332 0.26 -0.1 0.251166666667
333 0.26 -0.1 0.254916666667
334 0.26 -0.1 0.259833333333
335 0.26 -0.1 0.26675
336 0.26 -0.1 0.271916666667
337 0.26 -0.1 0.27725
338 0.26 -0.1 0.286666666667
339 0.26 -0.1 0.289666666667
340 0.26 -0.1 0.291666666667
341 0.26 -0.2 0.291666666667
342 0.26 -0.2 0.291666666667
343 0.26 -0.3 0.291666666667
344 0.26 -0.3 0.291666666667
345 0.26 -0.4 0.291666666667
346 0.26 -0.4 0.291666666667
347 0.26 -0.5 0.291666666667
348 0.26 -0.5 0.291666666667
349 0.26 -0.5 0.290083333333
350 0.26 -0.5 0.2785
351 0.26 -0.5 0.278583333333
352 0.26 -0.5 0.27425
353 0.26 -0.5 0.2655
354 0.26 -0.5 0.26575
355 0.26 -0.5 0.264416666667
356 0.26 -0.5 0.25225
357 0.26 -0.5 0.251166666667
358 0.26 -0.5 0.2455
359 0.26 -0.5 0.237666666667
360 0.26 -0.5 0.252
361 0.26 -0.5 0.251416666667
362 0.26 -0.5 0.246
363 0.26 -0.5 0.250833333333
364 0.26 -0.5 0.24075
365 0.26 -0.5 0.236166666667
366 0.26 -0.5 0.24525
367 0.26 -0.5 0.249416666667
368 0.26 -0.5 0.249333333333
369 0.26 -0.5 0.261916666667
370 0.26 -0.5 0.258833333333
371 0.26 -0.5 0.23925
372 0.26 -0.5 0.242166666667
373 0.26 -0.5 0.249083333333
374 0.26 -0.5 0.263666666667
375 0.26 -0.5 0.26325
376 0.26 -0.45 0.262333333333
377 0.26 -0.4 0.261083333333
378 0.26 -0.4 0.261583333333
379 0.26 -0.4 0.25675
380 0.26 -0.4 0.24425
381 0.26 -0.4 0.247416666667
382 0.26 -0.3 0.249833333333
383 0.26 -0.3 0.258666666667
384 0.26 -0.3 0.259
385 0.26 -0.25 0.25825
386 0.26 -0.2 0.257583333333
387 0.26 -0.2 0.25725
388 0.26 -0.2 0.256583333333
389 0.26 -0.2 0.255416666667
390 0.26 -0.2 0.255083333333
391 0.26 -0.2 0.254666666667
392 0.26 -0.2 0.254083333333
393 0.26 -0.2 0.253833333333
394 0.26 -0.2 0.253416666667
395 0.26 -0.2 0.25225
396 0.26 -0.2 0.2515
397 0.26 -0.2 0.251416666667
398 0.26 -0.2 0.258416666667
399 0.26 -0.2 0.266833333333
400 0.26 -0.2 0.267416666667
401 0.26 -0.2 0.267166666667
402 0.26 -0.2 0.26575
403 0.26 -0.2 0.264666666667
404 0.26 -0.15 0.2645
405 0.26 -0.1 0.272
406 0.26 -0.1 0.27775
407 0.26 -0.1 0.283
408 0.26 -0.1 0.286833333333
409 0.26 -0.1 0.290166666667
410 0.26 -0.1 0.29125
411 0.26 -0.1 0.291583333333
412 0.26 -0.1 0.291666666667
413 0.26 -0.1 0.291666666667
414 0.26 -0.1 0.291666666667
415 0.26 -0.1 0.291666666667
416 0.26 -0.1 0.291666666667
417 0.26 -0.1 0.291666666667
418 0.26 -0.1 0.291666666667
419 0.26 -0.05 0.291666666667
420 0.26 -2.77555756156e-17 0.291666666667
421 0.26 -2.77555756156e-17 0.291666666667
422 0.26 -2.77555756156e-17 0.291666666667
423 0.26 -2.77555756156e-17 0.291666666667
424 0.26 -2.77555756156e-17 0.291666666667
425 0.26 -2.77555756156e-17 0.291666666667
426 0.26 -2.77555756156e-17 0.291666666667
427 0.26 -2.77555756156e-17 0.291666666667
428 0.26 -2.77555756156e-17 0.291666666667
429 0.26 -2.77555756156e-17 0.291666666667
430 0.26 -2.77555756156e-17 0.291666666667
431 0.26 -2.77555756156e-17 0.291666666667
432 0.26 -2.77555756156e-17 0.291666666667
433 0.26 -2.77555756156e-17 0.291666666667
434 0.26 -2.77555756156e-17 0.291666666667
435 0.26 -2.77555756156e-17 0.291666666667
436 0.26 -2.77555756156e-17 0.291666666667
437 0.26 -2.77555756156e-17 0.291666666667
438 0.26 -2.77555756156e-17 0.291666666667
439 0.26 -2.77555756156e-17 0.291666666667
440 0.26 -2.77555756156e-17 0.291666666667
441 0.26 -2.77555756156e-17 0.291666666667
442 0.26 -2.77555756156e-17 0.291666666667
443 0.26 -2.77555756156e-17 0.291666666667
444 0.26 -2.77555756156e-17 0.291666666667
445 0.26 -2.77555756156e-17 0.291666666667
446 0.26 -2.77555756156e-17 0.291666666667
447 0.26 -2.77555756156e-17 0.291666666667
448 0.26 -2.77555756156e-17 0.291666666667
449 0.26 -2.77555756156e-17 0.291666666667
450 0.26 -2.77555756156e-17 0.291666666667
451 0.26 -2.77555756156e-17 0.291666666667
452 0.26 -2.77555756156e-17 0.291666666667
453 0.26 -2.77555756156e-17 0.291666666667
454 0.26 -2.77555756156e-17 0.291666666667
455 0.26 -2.77555756156e-17 0.291666666667
456 0.26 -2.77555756156e-17 0.291666666667
457 0.26 -2.77555756156e-17 0.291666666667
458 0.26 -2.77555756156e-17 0.291666666667
459 0.26 -2.77555756156e-17 0.291666666667
460 0.26 -2.77555756156e-17 0.291666666667
461 0.26 -2.77555756156e-17 0.291666666667
462 0.26 -2.77555756156e-17 0.291666666667
463 0.26 -2.77555756156e-17 0.291666666667
464 0.26 -2.77555756156e-17 0.291666666667
465 0.26 -2.77555756156e-17 0.291666666667
466 0.26 -2.77555756156e-17 0.291666666667
467 0.26 -2.77555756156e-17 0.291666666667
468 0.26 -2.77555756156e-17 0.291666666667
469 0.26 -2.77555756156e-17 0.291666666667
470 0.26 -2.77555756156e-17 0.291666666667
471 0.26 -2.77555756156e-17 0.291666666667
472 0.26 -2.77555756156e-17 0.291666666667
473 0.26 -2.77555756156e-17 0.291666666667
474 0.26 -2.77555756156e-17 0.291666666667
475 0.26 -2.77555756156e-17 0.291666666667
476 0.26 -2.77555756156e-17 0.291666666667
477 0.26 -2.77555756156e-17 0.291666666667
478 0.26 -2.77555756156e-17 0.291666666667
479 0.26 -2.77555756156e-17 0.291666666667
480 0.26 -2.77555756156e-17 0.291666666667
481 0.26 -2.77555756156e-17 0.291666666667
482 0.26 -2.77555756156e-17 0.291666666667
483 0.26 -2.77555756156e-17 0.291666666667
484 0.26 -2.77555756156e-17 0.291666666667
485 0.26 -2.77555756156e-17 0.291666666667
486 0.26 -2.77555756156e-17 0.291666666667
487 0.26 -2.77555756156e-17 0.291666666667
488 0.26 -2.77555756156e-17 0.291666666667
489 0.26 -2.77555756156e-17 0.291666666667
490 0.26 -2.77555756156e-17 0.291666666667
491 0.26 -2.77555756156e-17 0.291666666667
492 0.26 -2.77555756156e-17 0.291666666667
493 0.26 -2.77555756156e-17 0.291666666667
494 0.26 -2.77555756156e-17 0.291666666667
495 0.26 -2.77555756156e-17 0.291666666667
496 0.26 -2.77555756156e-17 0.291666666667
497 0.26 -2.77555756156e-17 0.291666666667
498 0.26 -2.77555756156e-17 0.291666666667
499 0.26 -2.77555756156e-17 0.291666666667
500 0.26 -2.77555756156e-17 0.291666666667
501 0.26 -2.77555756156e-17 0.291666666667
502 0.26 -2.77555756156e-17 0.291666666667
503 0.26 -2.77555756156e-17 0.291666666667
504 0.26 -2.77555756156e-17 0.291666666667
505 0.26 -2.77555756156e-17 0.291666666667
506 0.26 -2.77555756156e-17 0.291666666667
507 0.26 -2.77555756156e-17 0.291666666667
508 0.26 -2.77555756156e-17 0.291666666667
509 0.26 -2.77555756156e-17 0.291666666667
510 0.26 -2.77555756156e-17 0.291666666667
511 0.26 -2.77555756156e-17 0.291666666667
512 0.26 -2.77555756156e-17 0.291666666667
513 0.26 -2.77555756156e-17 0.291666666667
514 0.26 -2.77555756156e-17 0.291666666667
515 0.26 -2.77555756156e-17 0.291666666667
516 0.26 -2.77555756156e-17 0.291666666667
517 0.26 -2.77555756156e-17 0.291666666667
518 0.26 -2.77555756156e-17 0.291666666667
519 0.26 -2.77555756156e-17 0.291666666667
520 0.26 -2.77555756156e-17 0.291666666667
521 0.26 -2.77555756156e-17 0.291666666667
522 0.26 -2.77555756156e-17 0.291666666667
523 0.26 -2.77555756156e-17 0.291666666667
524 0.26 -2.77555756156e-17 0.291666666667
525 0.26 -2.77555756156e-17 0.291666666667
526 0.26 -2.77555756156e-17 0.291666666667
527 0.26 -2.77555756156e-17 0.291666666667
528 0.26 -2.77555756156e-17 0.291666666667
529 0.26 -2.77555756156e-17 0.291666666667
530 0.26 -2.77555756156e-17 0.291666666667
531 0.26 -2.77555756156e-17 0.291666666667
532 0.26 -2.77555756156e-17 0.291666666667
533 0.26 -2.77555756156e-17 0.291666666667
534 0.26 -2.77555756156e-17 0.291666666667
535 0.26 -2.77555756156e-17 0.291666666667
536 0.26 -2.77555756156e-17 0.291666666667
537 0.26 -2.77555756156e-17 0.291666666667
538 0.26 -2.77555756156e-17 0.291666666667
539 0.26 -2.77555756156e-17 0.291666666667
540 0.26 -2.77555756156e-17 0.291666666667
541 0.26 -2.77555756156e-17 0.291666666667
542 0.26 -2.77555756156e-17 0.291666666667
543 0.26 -2.77555756156e-17 0.291666666667
544 0.26 -2.77555756156e-17 0.291666666667
545 0.26 -2.77555756156e-17 0.291666666667
546 0.26 -2.77555756156e-17 0.291666666667
547 0.26 -2.77555756156e-17 0.291666666667
548 0.26 -2.77555756156e-17 0.291666666667
549 0.26 -2.77555756156e-17 0.28975
550 0.26 -2.77555756156e-17 0.28975
551 0.26 -2.77555756156e-17 0.285916666667
552 0.26 -2.77555756156e-17 0.284
553 0.26 -2.77555756156e-17 0.282083333333
554 0.26 -2.77555756156e-17 0.280166666667
555 0.26 -2.77555756156e-17 0.27825
556 0.26 -2.77555756156e-17 0.274416666667
557 0.26 -2.77555756156e-17 0.274416666667
558 0.26 -2.77555756156e-17 0.2725
559 0.26 -2.77555756156e-17 0.270583333333
560 0.26 -2.77555756156e-17 0.268666666667
561 0.26 -2.77555756156e-17 0.26675
562 0.26 -2.77555756156e-17 0.262916666667
563 0.26 -2.77555756156e-17 0.261
564 0.26 -2.77555756156e-17 0.259083333333
565 0.26 -2.77555756156e-17 0.257166666667
566 0.26 -2.77555756156e-17 0.25525
567 0.26 -2.77555756156e-17 0.253333333333
568 0.26 -2.77555756156e-17 0.251416666667
569 0.26 -2.77555756156e-17 0.247583333333
570 0.26 -2.77555756156e-17 0.247583333333
571 0.26 -2.77555756156e-17 0.245666666667
572 0.26 -2.77555756156e-17 0.24375
573 0.26 -2.77555756156e-17 0.240166666667
574 0.26 -2.77555756156e-17 0.238
