0 0.26 0.0 0.0256666666667
1 0.26 0.0 0.0
2 0.26 0.0 0.0
3 0.26 0.0 0.0
4 0.26 0.0 0.0
5 0.26 0.0 0.0
6 0.26 0.0 0.0
7 0.26 0.0 0.0
8 0.26 0.0 0.0
9 0.26 0.0 0.0
10 0.26 0.0 0.0
11 0.26 0.0 0.0
12 0.26 0.0 0.0
13 0.26 0.0 0.0
14 0.26 0.0 0.0
15 0.26 0.0 0.0
16 0.26 0.0 0.0
17 0.26 0.0 0.0
18 0.26 0.0 0.0
19 0.26 -0.05 0.0
20 0.26 -0.1 0.0
21 0.26 -0.15 0.0
22 0.26 -0.2 0.0
23 0.26 -0.25 0.0
24 0.26 -0.3 0.0
25 0.26 -0.3 0.0
26 0.26 -0.35 0.0
27 0.26 -0.4 0.0
28 0.26 -0.45 0.05625
29 0.26 -0.5 0.125
30 0.26 -0.5 0.19375
31 0.26 -0.5 0.2
32 0.26 -0.5 0.2
33 0.26 -0.5 0.20625
34 0.26 -0.5 0.21875
35 0.26 -0.5 0.21875
36 0.26 -0.5 0.225
37 0.26 -0.5 0.125
38 0.26 -0.5 0.01875
39 0.26 -0.5 0.0
40 0.26 -0.5 0.0
41 0.26 -0.5 0.0
42 0.0 0.0 0.0
43 0.0 0.0 0.0
44 0.0 0.0 0.0
45 0.0 0.0 0.0
46 0.005 0.0 0.0
47 0.01 0.0 0.0
48 0.01 0.0 0.0
49 0.01 0.0 0.0
50 0.015 0.0 0.0
51 0.03 0.0 0.0
52 0.045 0.0 0.0
53 0.065 0.0 0.0
54 0.08 0.0 0.0
55 0.095 0.0 0.0
56 0.115 0.0 0.0
57 0.13 0.0 0.0
58 0.14 0.0 0.0
59 0.145 0.05 0.0
60 0.15 0.1 0.0
61 0.155 0.1 0.0
62 0.16 0.1 0.0
63 0.165 0.1 0.0
64 0.185 0.3 0.0
65 0.2 0.45 0.0
66 0.215 0.6 0.0
67 0.225 0.7 0.0
68 0.23 0.75 0.0
69 0.235 0.8 0.0
70 0.24 0.85 0.0
71 0.245 0.9 0.0
72 0.25 0.95 0.0
73 0.255 1.0 0.0
74 0.26 1.05 0.0
75 0.0 0.0 0.0
76 0.0 0.0 0.0409166666667
77 0.0 0.0 0.202
78 0.0 0.0 0.35
79 0.0 0.0 0.45
80 0.005 0.0 0.46875
81 0.01 0.0 0.46875
82 0.01 0.0 0.4625
83 0.01 0.0 0.4625
84 0.01 0.0 0.4625
85 0.02 0.0 0.4625
86 0.035 0.0 0.4625
87 0.055 0.0 0.45625
88 0.07 0.0 0.45625
89 0.085 0.0 0.45625
90 0.1 0.0 0.4625
91 0.115 0.0 0.46875
92 0.13 0.0 0.4765
93 0.15 0.0 0.475
94 0.165 0.0 0.475
95 0.18 0.0 0.46875
96 0.2 0.0 0.45625
97 0.215 0.0 0.45
98 0.23 0.0 0.45625
99 0.25 0.0 0.45625
100 0.26 0.0 0.45
101 0.26 0.0 0.44375
102 0.26 0.0 0.439833333333
103 0.26 0.0 0.4375
104 0.26 0.0 0.436083333333
105 0.26 0.0 0.43125
106 0.26 0.0 0.425
107 0.26 0.0 0.425
108 0.26 0.0 0.41875
109 0.26 0.0 0.41875
110 0.26 0.0 0.4125
111 0.26 0.0 0.4125
112 0.26 0.0 0.40625
113 0.26 0.0 0.40625
114 0.26 0.0 0.4
115 0.26 0.0 0.4
116 0.26 0.0 0.39375
117 0.26 0.0 0.39375
118 0.26 0.0 0.3875
119 0.26 0.0 0.3875
120 0.26 0.0 0.38125
121 0.26 0.0 0.38125
122 0.26 0.0 0.375
123 0.26 0.0 0.375
124 0.26 0.0 0.36875
125 0.26 0.0 0.36875
126 0.26 0.0 0.3625
127 0.26 0.0 0.3625
128 0.26 0.0 0.35625
129 0.26 0.0 0.35625
130 0.26 0.0 0.35
131 0.26 0.0 0.35
132 0.26 0.0 0.344166666667
133 0.26 0.0 0.34375
134 0.26 0.0 0.3375
135 0.26 0.0 0.3375
136 0.26 0.0 0.3375
137 0.26 0.0 0.33125
138 0.26 0.0 0.325333333333
139 0.26 0.0 0.325
140 0.26 0.0 0.325
141 0.26 0.0 0.31875
142 0.26 0.0 0.316916666667
143 0.26 0.0 0.3125
144 0.26 0.0 0.3125
145 0.26 0.0 0.30625
146 0.26 0.0 0.30625
147 0.26 0.0 0.30625
148 0.26 0.0 0.30625
149 0.26 0.0 0.3
150 0.26 0.0 0.3
