0 0.26 0.0 0.0
1 0.26 0.0 0.0
2 0.26 0.0 0.0
3 0.26 0.0 0.0
4 0.26 0.0 0.0
5 0.26 0.0 0.0
6 0.26 0.0 0.0
7 0.26 0.0 0.0
8 0.26 0.0 0.0
9 0.26 0.0 0.0
10 0.26 -0.05 0.0
11 0.26 -0.15 0.0
12 0.26 -0.2 0.0
13 0.26 -0.3 0.0
14 0.26 -0.35 0.0
15 0.26 -0.45 0.0
16 0.26 -0.5 0.0
17 0.26 -0.6 0.0
18 0.26 -0.6 0.14675
19 0.26 -0.6 0.1625
20 0.26 -0.6 0.175
21 0.26 -0.6 0.191916666667
22 0.26 -0.6 0.0286666666667
23 0.0 0.0 0.0
24 0.0 0.0 0.0
25 0.0 0.0 0.0
26 0.0 0.0 0.0
27 0.01 0.0 0.0
28 0.01 0.0 0.0
29 0.01 0.0 0.0
30 0.035 0.0 0.0
31 0.06 0.0 0.0
32 0.09 0.0 0.0
33 0.12 0.0 0.0
34 0.145 0.0 0.0
35 0.17 0.0 0.0
36 0.195 0.0 0.0
37 0.225 0.0 0.0
38 0.25 0.0 0.0
39 0.26 0.0 0.0
40 0.26 0.0 0.0
41 0.26 0.0 0.0
42 0.26 0.0 0.0
43 0.26 0.0 0.0
44 0.26 0.1 0.0
45 0.26 0.15 0.0
46 0.26 0.2 0.0
47 0.26 0.3 0.0
48 0.26 0.35 0.0
49 0.26 0.4 0.0
50 0.26 0.45 0.0
51 0.26 0.5 0.0
52 0.26 0.6 0.0
53 0.26 0.6 0.0025
54 0.26 0.6 0.21875
55 0.26 0.6 0.323666666667
56 0.26 0.6 0.3125
57 0.26 0.6 0.30625
58 0.26 0.6 0.2
59 0.0 0.0 0.03125
60 0.0 0.0 0.20625
61 0.0 0.0 0.31875
62 0.01 0.0 0.3375
63 0.01 0.0 0.3375
64 0.01 0.0 0.3375
65 0.035 0.0 0.3375
66 0.06 0.0 0.340166666667
67 0.09 0.0 0.3375
68 0.115 0.0 0.325
69 0.14 0.0 0.31875
70 0.17 0.0 0.325
71 0.2 0.0 0.3375
72 0.23 0.0 0.33125
73 0.255 0.0 0.33125
74 0.26 0.0 0.3375
75 0.26 0.0 0.33125
76 0.26 0.0 0.33125
77 0.26 0.0 0.33125
78 0.26 0.0 0.33125
79 0.26 0.0 0.325
80 0.26 0.0 0.325
81 0.26 0.0 0.325
82 0.26 0.0 0.31875
83 0.26 0.0 0.31875
84 0.26 0.0 0.31875
85 0.26 0.0 0.3125
86 0.26 0.0 0.3125
87 0.26 0.0 0.30625
88 0.26 0.0 0.30625
89 0.26 0.0 0.30625
90 0.26 0.0 0.3
91 0.26 0.0 0.3
92 0.26 0.0 0.29375
93 0.26 0.0 0.29375
94 0.26 0.0 0.2875
95 0.26 0.0 0.2875
96 0.26 0.0 0.2875
97 0.26 0.0 0.28125
98 0.26 0.0 0.28125
99 0.26 0.0 0.275
100 0.26 0.0 0.26875
101 0.26 0.0 0.26875
102 0.26 0.0 0.2625
103 0.26 0.0 0.25625
104 0.26 0.0 0.25625
105 0.26 0.0 0.25
106 0.26 0.0 0.24375
107 0.26 0.0 0.2375
108 0.26 0.0 0.23125
109 0.26 0.0 0.23125
110 0.26 0.0 0.225
111 0.26 0.0 0.21775
112 0.26 0.0 0.20625
113 0.26 0.0 0.2
114 0.26 0.0 0.19375
115 0.26 0.0 0.1875
116 0.26 0.0 0.18125
117 0.26 0.0 0.16875
118 0.26 0.0 0.15625
119 0.26 0.0 0.15
120 0.26 0.0 0.13125
121 0.26 0.0 0.121833333333
122 0.26 0.0 0.10625
123 0.26 0.0 0.09375
124 0.26 0.0 0.075
125 0.26 0.0 0.0625
126 0.26 0.1 0.05
127 0.26 0.15 0.03125
128 0.26 0.2 0.01875
129 0.26 0.3 0.00625
130 0.26 0.35 0.00625
131 0.26 0.4 0.0
132 0.26 0.5 0.0
133 0.26 0.5 0.0
134 0.26 0.5 0.0
135 0.26 0.5 0.0
136 0.0 0.0 0.0
137 0.0 0.0 0.0
138 0.0 0.0 0.0
139 0.01 0.0 0.0
140 0.01 0.0 0.0
141 0.01 0.0 0.0
142 0.04 0.0 0.0
143 0.07 0.0 0.0
144 0.095 0.0 0.0
145 0.125 0.0 0.0
146 0.155 0.0 0.0
147 0.18 0.0 0.0
148 0.21 0.0 0.0
149 0.24 0.0 0.0
150 0.26 0.0 0.0
151 0.26 0.0 0.0
152 0.26 0.0 0.0
153 0.26 0.0 0.0
154 0.26 0.0 0.0
155 0.26 0.0 0.0
156 0.26 0.0 0.0
157 0.26 0.0 0.0
158 0.26 0.0 0.0
159 0.26 0.0 0.0
160 0.26 -0.1 0.0
161 0.26 -0.15 0.0
162 0.26 -0.2 0.0
163 0.26 -0.3 0.0
164 0.26 -0.35 0.0
165 0.26 -0.4 0.0
166 0.26 -0.5 0.0
167 0.26 -0.55 0.0
168 0.26 -0.6 0.0
169 0.26 -0.6 0.0
170 0.26 -0.6 0.125
171 0.26 -0.6 0.3125
172 0.26 -0.6 0.46875
173 0.26 -0.6 0.66875
174 0.26 -0.6 0.75
175 0.0 0.0 0.75
176 0.0 0.0 0.75
177 0.0 0.0 0.75
178 0.005 0.0 0.75
179 0.01 0.0 0.75
180 0.01 0.0 0.75
181 0.02 0.0 0.75
182 0.05 0.0 0.75
183 0.075 0.0 0.75
184 0.105 0.0 0.75
185 0.13 0.0 0.75
186 0.16 0.0 0.75
187 0.175 0.0 0.75
188 0.185 0.0 0.75
189 0.19 0.0 0.75
190 0.2 0.0 0.75
191 0.21 0.0 0.75
192 0.215 0.0 0.75
193 0.225 0.0 0.75
194 0.235 0.0 0.75
195 0.24 0.0 0.75
196 0.25 0.0 0.75
197 0.255 0.0 0.75
198 0.26 0.0 0.75
199 0.26 0.0 0.75
200 0.26 0.0 0.75
201 0.26 0.0 0.75
202 0.26 0.0 0.75
203 0.26 0.0 0.75
