0 0.05 0.0 0.0
1 0.07 0.0 0.0
2 0.085 0.0 0.0
3 0.105 0.0 0.0
4 0.12 0.0 0.0
5 0.14 0.0 0.0
6 0.155 0.0 0.0
7 0.175 0.0 0.0
8 0.19 0.0 0.0
9 0.205 0.0 0.0
10 0.225 0.0 0.0
11 0.245 0.0 0.0
12 0.26 0.0 0.0
13 0.26 0.0 0.0
14 0.26 0.0 0.0
15 0.26 0.0 0.0
16 0.26 0.0 0.0
17 0.26 0.0 0.0
18 0.26 0.0 0.0
19 0.26 0.0 0.0
20 0.26 0.0 0.0
21 0.26 0.0 0.0
22 0.26 0.0 0.0
23 0.26 0.0 0.0
24 0.26 0.0 0.0
25 0.26 0.0 0.0
26 0.26 0.0 0.0
27 0.26 0.0 0.0
28 0.26 0.0 0.0
29 0.26 0.0 0.0
30 0.26 0.0 0.0
31 0.26 0.0 0.0
32 0.26 0.0 0.0
33 0.26 0.0 0.0
34 0.26 0.0 0.0
35 0.26 0.0 0.0
36 0.26 0.0 0.0
37 0.26 0.0 0.0
38 0.26 0.0 0.0
39 0.26 0.0 0.0
40 0.26 0.0 0.0
41 0.26 0.0 0.0
42 0.26 0.0 0.0
43 0.26 0.0 0.0
44 0.26 0.0 0.0
45 0.26 0.0 0.0
46 0.26 0.05 0.0
47 0.26 0.1 0.0
48 0.26 0.1 0.0
49 0.26 0.1 0.0
50 0.26 0.1 0.0
51 0.26 0.1 0.0
52 0.26 0.1 0.0
53 0.26 0.1 0.0
54 0.26 0.15 0.0
55 0.26 0.2 0.0
56 0.26 0.2 0.0
57 0.26 0.2 0.0
58 0.26 0.2 0.0
59 0.26 0.4 0.0
60 0.26 0.45 0.0
61 0.26 0.45 0.0
62 0.26 0.5 0.0
63 0.26 0.55 0.0
64 0.26 0.6 0.0
65 0.26 0.6 0.0
66 0.26 0.6 0.0
67 0.26 0.6 0.0
68 0.26 0.6 0.0
69 0.26 0.6 0.0
70 0.26 0.6 0.0
71 0.26 0.6 0.0
72 0.26 0.6 0.05
73 0.26 0.6 0.16875
74 0.26 0.6 0.26875
75 0.26 0.6 0.34375
76 0.0 0.0 0.34375
77 0.0 0.0 0.35
78 0.0 0.0 0.35625
79 0.0 0.0 0.36875
80 0.0 0.0 0.38125
81 0.0 0.0 0.3875
82 0.005 0.0 0.3875
83 0.01 0.0 0.38125
84 0.01 0.0 0.3875
85 0.01 0.0 0.3875
86 0.01 0.0 0.3875
87 0.01 0.0 0.3875
88 0.01 0.05 0.3875
89 0.01 0.1 0.3875
90 0.01 0.1 0.3875
91 0.01 0.1 0.3875
92 0.01 0.1 0.39375
93 0.01 0.2 0.39375
94 0.01 0.35 0.39375
95 0.01 0.4 0.39375
96 0.01 0.45 0.375
97 0.0 0.0 0.30625
98 0.0 0.0 0.275
99 0.005 0.0 0.275
100 0.01 0.0 0.275
101 0.01 0.0 0.275
102 0.01 0.0 0.275
103 0.01 0.0 0.26875
104 0.01 0.0 0.26875
105 0.03 0.0 0.26875
106 0.045 0.0 0.25625
107 0.065 0.0 0.24375
108 0.08 0.0 0.21875
109 0.095 0.0 0.20625
110 0.11 0.0 0.20625
111 0.125 0.0 0.20625
112 0.14 0.0 0.20625
113 0.155 0.0 0.21875
114 0.17 0.0 0.225
115 0.19 0.0 0.225
116 0.205 0.0 0.225
117 0.22 0.0 0.21875
118 0.235 0.0 0.2125
119 0.255 0.0 0.21875
120 0.26 0.0 0.21875
121 0.26 0.0 0.21875
122 0.26 0.0 0.21875
123 0.26 0.0 0.21875
124 0.26 0.0 0.21875
125 0.26 0.0 0.21875
126 0.26 0.0 0.21875
127 0.26 0.0 0.21875
128 0.26 0.0 0.21875
129 0.26 0.0 0.21875
130 0.26 0.0 0.2125
131 0.26 0.0 0.21875
132 0.26 0.0 0.21875
133 0.26 0.0 0.2125
134 0.26 0.0 0.2125
135 0.26 0.0 0.2125
136 0.26 0.0 0.2125
137 0.26 0.0 0.2125
138 0.26 0.0 0.2125
139 0.26 0.0 0.2075
140 0.26 0.0 0.20625
141 0.26 0.0 0.20625
142 0.26 0.0 0.20625
143 0.26 -0.05 0.20625
144 0.26 -0.1 0.2125
145 0.26 -0.1 0.21875
146 0.26 -0.1 0.2375
147 0.26 -0.1 0.25
148 0.26 -0.15 0.26875
149 0.26 -0.3 0.29375
150 0.26 -0.5 0.33125
151 0.26 -0.65 0.3875
152 0.26 -0.85 0.41875
153 0.26 -0.95 0.45
154 0.26 -1.0 0.55
155 0.26 -1.05 0.65625
156 0.26 -1.1 0.75
157 0.26 -1.15 0.75
158 0.26 -1.2 0.75
159 0.26 -1.25 0.75
160 0.26 -1.3 0.75
161 0.26 -1.35 0.75
162 0.0 0.0 0.75
163 0.0 0.0 0.75
164 0.0 0.0 0.75
165 0.0 0.0 0.75
166 0.0 0.0 0.75
167 0.0 0.0 0.75
168 0.005 0.0 0.75
169 0.01 0.0 0.75
170 0.01 0.0 0.75
171 0.01 0.0 0.75
172 0.01 0.0 0.75
173 0.025 0.0 0.75
174 0.04 0.0 0.75
175 0.055 0.0 0.75
176 0.075 0.0 0.75
177 0.09 0.0 0.75
178 0.105 0.0 0.75
179 0.125 0.0 0.75
