0 0.26 0.0 0.0696666666667
1 0.26 0.0 0.13125
2 0.26 0.0 0.11875
3 0.26 0.0 0.117916666667
4 0.26 0.0 0.10625
5 0.26 0.0 0.1
6 0.26 0.0 0.0875
7 0.26 0.0 0.08125
8 0.26 0.0 0.06875
9 0.26 0.0 0.0625
10 0.26 0.0 0.04375
11 0.26 0.0 0.03125
12 0.26 0.0 0.01875
13 0.26 0.0 0.00625
14 0.26 0.0 0.0
15 0.26 -0.05 0.0
16 0.26 -0.1 0.0
17 0.26 -0.15 0.0
18 0.26 -0.2 0.0
19 0.26 -0.25 0.0
20 0.26 -0.3 0.0
21 0.26 -0.35 0.0
22 0.26 -0.4 0.0
23 0.26 -0.4 0.0
24 0.26 -0.45 0.0
25 0.26 -0.5 0.13125
26 0.26 -0.5 0.26875
27 0.26 -0.5 0.4125
28 0.26 -0.5 0.5
29 0.26 -0.5 0.525
30 0.26 -0.5 0.40625
31 0.26 -0.5 0.263583333333
32 0.26 -0.5 0.11875
33 0.0 0.0 0.0
34 0.0 0.0 0.0
35 0.0 0.0 0.0
36 0.01 0.0 0.0
37 0.01 0.0 0.0375
38 0.01 0.0 0.26875
39 0.035 0.0 0.40625
40 0.06 0.0 0.46875
41 0.085 0.0 0.46875
42 0.115 0.0 0.46875
43 0.14 0.0 0.4625
44 0.155 -0.1 0.4625
45 0.16 -0.1 0.44375
46 0.175 -0.2 0.41875
47 0.185 -0.25 0.3625
48 0.195 -0.3 0.29375
49 0.2 -0.3 0.206666666667
50 0.21 -0.3 0.09375
51 0.215 -0.3 0.0
52 0.225 -0.3 0.0
53 0.235 -0.3 0.0
54 0.24 -0.3 0.0
55 0.25 -0.25 0.0
56 0.26 -0.2 0.0
57 0.26 -0.1 0.0
58 0.26 -0.1 0.0
59 0.26 -0.1 0.0
60 0.26 -2.77555756156e-17 0.0
61 0.26 0.1 0.0
62 0.26 0.2 0.0
63 0.26 0.25 0.0
64 0.26 0.3 0.0
65 0.26 0.3 0.0
66 0.26 0.35 0.0
67 0.26 0.6 0.0
68 0.26 0.85 0.0
69 0.26 0.95 0.0
70 0.26 1.0 0.0125
71 0.26 1.1 0.3
72 0.0 0.0 0.6125
73 0.0 0.0 0.75
74 0.0 0.0 0.75
75 0.0 0.0 0.75
76 0.01 0.0 0.75
77 0.01 0.0 0.75
78 0.01 0.0 0.75
79 0.025 0.0 0.75
80 0.05 0.0 0.75
81 0.075 0.0 0.75
82 0.105 0.0 0.75
83 0.13 0.0 0.75
84 0.155 0.0 0.75
85 0.18 0.0 0.75
86 0.21 0.0 0.75
87 0.235 0.0 0.75
88 0.26 0.0 0.75
89 0.26 0.0 0.75
90 0.26 0.0 0.75
91 0.26 0.0 0.75
92 0.26 0.0 0.75
93 0.26 0.0 0.75
94 0.26 0.0 0.75
95 0.26 0.0 0.75
96 0.26 0.0 0.75
97 0.26 0.0 0.75
98 0.26 0.0 0.75
99 0.26 0.0 0.75
100 0.26 0.0 0.75
101 0.26 0.0 0.75
102 0.26 0.0 0.75
103 0.26 0.0 0.75
104 0.26 0.0 0.75
105 0.26 0.0 0.75
106 0.26 0.0 0.75
107 0.26 0.0 0.75
108 0.26 0.0 0.75
109 0.26 0.0 0.75
110 0.26 0.0 0.75
