0 0.26 0.0 0.0
1 0.26 0.0 0.0
2 0.26 0.0 0.0
3 0.26 0.0 0.0
4 0.26 0.0 0.0
5 0.26 0.0 0.0
6 0.26 0.0 0.0
7 0.26 0.0 0.0
8 0.26 0.0 0.0
9 0.26 0.0 0.0
10 0.26 -0.05 0.0
11 0.26 -0.1 0.0
12 0.26 -0.1 0.0
13 0.26 -0.2 0.0
14 0.26 -0.2 0.0
15 0.26 -0.25 0.0
16 0.26 -0.3 0.0
17 0.26 -0.3 0.0
18 0.26 -0.4 0.0
19 0.26 -0.4 0.0
20 0.26 -0.4 0.0
21 0.26 -0.4 0.0
22 0.26 -0.4 0.05
23 0.26 -0.4 0.0625
24 0.26 -0.4 0.06875
25 0.26 -0.4 0.06875
26 0.26 -0.4 0.0759166666667
27 0.26 -0.4 0.09375
28 0.26 -0.4 0.0
29 0.26 -0.4 0.0
30 0.26 -0.4 0.0
31 0.26 -0.4 0.0
32 0.26 -0.4 0.0
33 0.0 0.0 0.0
34 0.0 0.0 0.0
35 0.0 0.0 0.0
36 0.005 0.0 0.0
37 0.01 0.0 0.0
38 0.01 0.0 0.0
39 0.03 0.0 0.0
40 0.055 0.0 0.0
41 0.085 0.0 0.0
42 0.095 0.05 0.0
43 0.105 0.1 0.0
44 0.12 0.1 0.0
45 0.125 0.1 0.0
46 0.135 0.1 0.0
47 0.145 0.2 0.0
48 0.155 0.2 0.0
49 0.165 0.2 0.0
50 0.17 0.2 0.0
51 0.185 0.2 0.0
52 0.21 0.2 0.0
53 0.235 0.2 0.0
54 0.26 0.2 0.0
55 0.26 0.2 0.0
56 0.26 0.2 0.0
57 0.26 0.2 0.0
58 0.26 0.2 0.0
59 0.26 0.2 0.0
60 0.26 0.2 0.0
61 0.26 0.25 0.0
62 0.26 0.3 0.0
63 0.26 0.3 0.0
64 0.26 0.3 0.0
65 0.26 0.3 0.0
66 0.26 0.3 0.0
67 0.26 0.3 0.0
68 0.26 0.3 0.0
69 0.26 0.3 0.0
70 0.26 0.3 0.0
71 0.26 0.3 0.0
72 0.26 0.3 0.0
73 0.26 0.3 0.0
74 0.26 0.3 0.0
75 0.26 0.3 0.0
76 0.26 0.3 0.0
77 0.26 0.3 0.0125
78 0.26 0.3 0.09375
79 0.26 0.3 0.175
80 0.26 0.3 0.25625
81 0.26 0.3 0.33425
82 0.0 0.0 0.35
83 0.0 0.0 0.3
84 0.0 0.0 0.13125
85 0.01 0.0 0.04375
86 0.01 0.0 0.03125
87 0.01 0.0 0.03125
88 0.035 0.0 0.03125
89 0.06 0.0 0.0366666666667
90 0.085 0.0 0.0375
91 0.115 0.0 0.03125
92 0.14 0.0 0.0125
93 0.165 0.0 0.0
94 0.19 0.0 0.0
95 0.22 0.0 0.0
96 0.25 0.0 0.0
97 0.26 0.0 0.0
98 0.26 0.0 0.0
99 0.26 0.0 0.0
100 0.26 0.0 0.0
101 0.26 0.0 0.0
102 0.26 0.0 0.0
103 0.26 0.0 0.0
104 0.26 0.0 0.0
105 0.26 0.0 0.0
106 0.26 0.0 0.0
107 0.26 0.1 0.0
108 0.26 0.1 0.0
109 0.26 0.1 0.0
110 0.26 0.1 0.0
111 0.26 0.15 0.0
112 0.26 0.2 0.03125
113 0.26 0.2 0.0875
114 0.26 0.2 0.1375
115 0.26 0.2 0.1875
116 0.26 0.2 0.24375
117 0.26 0.2 0.29375
118 0.26 0.2 0.34375
119 0.26 0.2 0.39375
120 0.26 0.2 0.44375
121 0.26 0.1 0.45625
122 0.26 0.05 0.45625
123 0.26 0.0 0.4625
124 0.26 0.0 0.4625
125 0.26 0.0 0.475
126 0.26 0.0 0.475
127 0.26 0.0 0.48125
128 0.26 0.0 0.49375
129 0.26 0.0 0.5
130 0.26 0.0 0.5
131 0.26 0.0 0.512416666667
132 0.26 0.0 0.50625
133 0.26 0.0 0.50625
134 0.26 0.0 0.50625
135 0.26 0.05 0.5
136 0.26 0.1 0.50625
137 0.26 0.1 0.525
138 0.26 0.1 0.55
139 0.26 0.1 0.5625
140 0.26 0.1 0.56875
141 0.26 0.1 0.575
142 0.26 0.1 0.58125
143 0.26 0.1 0.5875
144 0.26 0.1 0.59375
145 0.26 0.1 0.6
146 0.26 0.1 0.59375
147 0.26 0.1 0.575
148 0.26 0.0 0.55625
149 0.26 0.0 0.55625
150 0.26 0.0 0.5625
151 0.26 0.0 0.56875
152 0.26 0.0 0.58125
153 0.26 0.0 0.5875
154 0.26 0.0 0.59375
155 0.26 0.0 0.60625
156 0.26 0.0 0.61875
157 0.26 0.0 0.625
158 0.26 0.0 0.6375
159 0.26 -0.05 0.65
160 0.26 -0.1 0.6625
161 0.26 -0.1 0.7
162 0.26 -0.1 0.74375
163 0.26 -0.1 0.75
164 0.26 -0.1 0.73125
165 0.26 -0.1 0.70625
166 0.26 -0.1 0.68125
167 0.26 -0.1 0.65
168 0.26 -0.1 0.625
169 0.26 -0.1 0.6
170 0.26 -0.1 0.575
171 0.26 -0.1 0.55
172 0.26 -0.1 0.525
173 0.26 -0.05 0.4875
174 0.26 0.0 0.475
175 0.26 0.0 0.475
176 0.26 0.0 0.475
177 0.26 0.0 0.475
178 0.26 0.0 0.475
179 0.26 0.0 0.475
180 0.26 0.0 0.475
181 0.26 0.0 0.475
182 0.26 0.0 0.475
183 0.26 0.05 0.475
184 0.26 0.1 0.48125
185 0.26 0.15 0.50625
186 0.26 0.2 0.55
187 0.26 0.2 0.6
188 0.26 0.2 0.65625
189 0.26 0.2 0.7125
190 0.26 0.2 0.75
191 0.26 0.2 0.75
192 0.26 0.15 0.75
193 0.26 0.1 0.75
194 0.26 0.1 0.75
195 0.26 0.1 0.75
196 0.26 0.1 0.75
197 0.26 0.1 0.75
198 0.26 0.0 0.75
199 0.26 0.0 0.75
200 0.26 0.0 0.75
201 0.26 0.0 0.75
202 0.26 0.0 0.75
203 0.26 0.0 0.75
204 0.26 0.0 0.75
205 0.26 0.0 0.75
206 0.26 0.0 0.75
207 0.26 0.0 0.75
208 0.26 0.0 0.75
209 0.26 0.0 0.75
210 0.26 0.0 0.75
211 0.26 0.0 0.75
212 0.26 0.0 0.75
213 0.26 0.0 0.75
214 0.26 0.0 0.75
215 0.26 0.0 0.75
