0 0.0 0.0 0.263916666667
1 0.005 0.0 0.264666666667
2 0.01 0.0 0.264166666667
3 0.01 0.0 0.264416666667
4 0.01 0.0 0.265
5 0.025 0.0 0.264083333333
6 0.05 0.0 0.264
7 0.075 0.0 0.264416666667
8 0.1 0.0 0.264916666667
9 0.12 0.0 0.264916666667
10 0.145 0.0 0.264583333333
11 0.165 0.0 0.267416666667
12 0.18 0.0 0.268083333333
13 0.185 0.0 0.267583333333
14 0.19 0.0 0.268083333333
15 0.2 0.0 0.268333333333
16 0.205 0.0 0.268833333333
17 0.215 0.0 0.270166666667
18 0.22 0.0 0.270666666667
19 0.225 0.0 0.272166666667
20 0.235 0.0 0.2735
21 0.24 0.0 0.274333333333
22 0.25 0.0 0.27525
23 0.255 0.0 0.276166666667
24 0.26 0.0 0.27725
25 0.26 0.0 0.2775
26 0.26 0.0 0.27725
27 0.26 0.05 0.277916666667
28 0.26 0.1 0.277666666667
29 0.26 0.2 0.278
30 0.26 0.25 0.276916666667
31 0.26 0.3 0.272
32 0.26 0.35 0.264666666667
33 0.26 0.4 0.254666666667
34 0.26 0.5 0.253833333333
35 0.26 0.5 0.254
36 0.26 0.5 0.256083333333
37 0.26 0.5 0.266916666667
38 0.26 0.5 0.272083333333
39 0.26 0.5 0.273
40 0.26 0.5 0.274666666667
41 0.26 0.5 0.275666666667
42 0.26 0.5 0.276
43 0.26 0.5 0.27675
44 0.26 0.5 0.284916666667
45 0.26 0.5 0.291666666667
46 0.26 0.5 0.291666666667
47 0.26 0.5 0.291666666667
48 0.26 0.5 0.291666666667
49 0.26 0.5 0.291666666667
50 0.26 0.5 0.291666666667
51 0.26 0.5 0.291666666667
52 0.26 0.5 0.291666666667
53 0.26 0.5 0.291666666667
54 0.26 0.5 0.291666666667
55 0.26 0.5 0.291666666667
56 0.26 0.5 0.291666666667
57 0.26 0.5 0.291666666667
58 0.26 0.5 0.291666666667
59 0.26 0.5 0.291666666667
60 0.26 0.5 0.291666666667
61 0.26 0.5 0.291666666667
62 0.26 0.4 0.291666666667
63 0.26 0.35 0.291666666667
64 0.26 0.3 0.291666666667
65 0.26 0.25 0.291666666667
66 0.26 0.15 0.291666666667
67 0.26 0.1 0.291666666667
68 0.26 0.05 0.291666666667
69 0.26 2.77555756156e-17 0.291666666667
70 0.26 2.77555756156e-17 0.291666666667
71 0.26 2.77555756156e-17 0.291666666667
72 0.26 2.77555756156e-17 0.291666666667
73 0.26 2.77555756156e-17 0.291666666667
74 0.26 2.77555756156e-17 0.291666666667
75 0.26 2.77555756156e-17 0.291666666667
76 0.26 2.77555756156e-17 0.291666666667
77 0.26 2.77555756156e-17 0.291666666667
78 0.26 2.77555756156e-17 0.291666666667
79 0.26 2.77555756156e-17 0.291666666667
80 0.26 2.77555756156e-17 0.291666666667
81 0.26 2.77555756156e-17 0.291666666667
82 0.26 2.77555756156e-17 0.291666666667
83 0.26 2.77555756156e-17 0.291666666667
84 0.26 2.77555756156e-17 0.291666666667
85 0.26 2.77555756156e-17 0.291666666667
86 0.26 2.77555756156e-17 0.291666666667
87 0.26 2.77555756156e-17 0.291666666667
88 0.26 2.77555756156e-17 0.291666666667
89 0.26 2.77555756156e-17 0.291666666667
90 0.26 2.77555756156e-17 0.291666666667
91 0.26 2.77555756156e-17 0.291666666667
92 0.26 2.77555756156e-17 0.291666666667
93 0.26 2.77555756156e-17 0.291666666667
94 0.26 2.77555756156e-17 0.291666666667
95 0.26 2.77555756156e-17 0.291666666667
96 0.26 2.77555756156e-17 0.291666666667
97 0.26 2.77555756156e-17 0.291666666667
98 0.26 2.77555756156e-17 0.291666666667
99 0.26 2.77555756156e-17 0.291666666667
100 0.26 2.77555756156e-17 0.291666666667
101 0.26 2.77555756156e-17 0.291666666667
102 0.26 2.77555756156e-17 0.291666666667
103 0.26 2.77555756156e-17 0.291666666667
104 0.26 2.77555756156e-17 0.291666666667
105 0.26 2.77555756156e-17 0.291666666667
106 0.26 2.77555756156e-17 0.291666666667
107 0.26 2.77555756156e-17 0.291666666667
108 0.26 2.77555756156e-17 0.291666666667
109 0.26 2.77555756156e-17 0.291666666667
110 0.26 2.77555756156e-17 0.291666666667
111 0.26 2.77555756156e-17 0.291666666667
112 0.26 2.77555756156e-17 0.291666666667
113 0.26 2.77555756156e-17 0.291666666667
114 0.26 2.77555756156e-17 0.291666666667
115 0.26 2.77555756156e-17 0.291666666667
116 0.26 2.77555756156e-17 0.291666666667
117 0.26 2.77555756156e-17 0.291666666667
118 0.26 2.77555756156e-17 0.291666666667
119 0.26 2.77555756156e-17 0.291666666667
120 0.26 2.77555756156e-17 0.291666666667
121 0.26 2.77555756156e-17 0.291666666667
122 0.26 2.77555756156e-17 0.291666666667
123 0.26 2.77555756156e-17 0.291666666667
124 0.26 2.77555756156e-17 0.291666666667
125 0.26 2.77555756156e-17 0.291666666667
126 0.26 2.77555756156e-17 0.291666666667
127 0.26 2.77555756156e-17 0.291666666667
128 0.26 2.77555756156e-17 0.291666666667
129 0.26 2.77555756156e-17 0.291666666667
130 0.26 2.77555756156e-17 0.291666666667
131 0.26 2.77555756156e-17 0.291666666667
132 0.26 2.77555756156e-17 0.291666666667
133 0.26 2.77555756156e-17 0.291666666667
134 0.26 2.77555756156e-17 0.291666666667
135 0.26 2.77555756156e-17 0.291666666667
136 0.26 2.77555756156e-17 0.291666666667
137 0.26 -0.1 0.291666666667
138 0.26 -0.1 0.291666666667
139 0.26 -0.1 0.291666666667
140 0.26 -0.1 0.291666666667
141 0.26 -0.1 0.291666666667
142 0.26 -0.1 0.291666666667
143 0.26 -0.1 0.291666666667
144 0.26 -0.1 0.28975
145 0.26 -0.1 0.285916666667
146 0.26 -0.1 0.284
147 0.26 -0.1 0.282083333333
148 0.26 -0.1 0.27825
149 0.26 -0.1 0.276333333333
150 0.26 -0.1 0.27525
151 0.26 -0.1 0.272666666667
152 0.26 -0.1 0.270583333333
153 0.26 2.77555756156e-17 0.270583333333
154 0.26 2.77555756156e-17 0.26675
155 0.26 2.77555756156e-17 0.264833333333
156 0.26 2.77555756156e-17 0.261
157 0.26 2.77555756156e-17 0.259083333333
158 0.26 2.77555756156e-17 0.25525
159 0.26 2.77555756156e-17 0.253
160 0.26 2.77555756156e-17 0.2495
161 0.26 2.77555756156e-17 0.247583333333
162 0.26 2.77555756156e-17 0.24375
163 0.26 2.77555756156e-17 0.239916666667
164 0.26 2.77555756156e-17 0.237166666667
165 0.26 2.77555756156e-17 0.234166666667
166 0.26 2.77555756156e-17 0.23225
167 0.26 2.77555756156e-17 0.228416666667
168 0.26 2.77555756156e-17 0.2265
169 0.26 2.77555756156e-17 0.222666666667
170 0.26 2.77555756156e-17 0.22075
171 0.26 2.77555756156e-17 0.216916666667
172 0.26 2.77555756156e-17 0.213916666667
173 0.26 2.77555756156e-17 0.2115
174 0.26 2.77555756156e-17 0.20925
175 0.26 2.77555756156e-17 0.205416666667
176 0.26 2.77555756156e-17 0.202333333333
177 0.26 -0.05 0.199666666667
178 0.26 -0.1 0.19775
179 0.26 -0.15 0.195833333333
180 0.26 -0.2 0.195833333333
181 0.26 -0.25 0.195833333333
182 0.26 -0.3 0.19775
183 0.26 -0.35 0.2035
184 0.26 -0.4 0.207333333333
185 0.26 -0.4 0.213083333333
186 0.26 -0.5 0.22075
187 0.26 -0.5 0.2265
188 0.26 -0.5 0.236083333333
189 0.26 -0.5 0.247583333333
190 0.26 -0.5 0.259083333333
191 0.26 -0.5 0.26675
192 0.26 -0.5 0.274416666667
193 0.26 -0.5 0.285916666667
194 0.26 -0.5 0.291666666667
195 0.26 -0.5 0.291666666667
196 0.26 -0.5 0.288416666667
197 0.26 -0.5 0.278833333333
198 0.26 -0.5 0.27925
199 0.26 -0.5 0.272083333333
200 0.26 -0.5 0.267833333333
201 0.26 -0.5 0.268083333333
202 0.26 -0.5 0.255583333333
203 0.26 -0.5 0.255583333333
204 0.26 -0.5 0.24525
205 0.26 -0.5 0.244
206 0.26 -0.5 0.243
207 0.26 -0.5 0.252333333333
208 0.26 -0.5 0.243833333333
209 0.26 -0.5 0.242166666667
210 0.26 -0.5 0.244083333333
211 0.26 -0.5 0.243083333333
212 0.26 -0.5 0.247083333333
213 0.26 -0.5 0.255666666667
214 0.26 -0.5 0.266416666667
215 0.26 -0.5 0.255583333333
216 0.26 -0.5 0.244166666667
217 0.26 -0.5 0.242166666667
218 0.26 -0.5 0.25525
219 0.26 -0.5 0.263916666667
220 0.26 -0.5 0.267
221 0.26 -0.5 0.267
222 0.26 -0.5 0.263583333333
223 0.26 -0.5 0.25025
224 0.26 -0.5 0.241
225 0.26 -0.5 0.239916666667
226 0.26 -0.5 0.253916666667
227 0.26 -0.5 0.264833333333
228 0.26 -0.5 0.264083333333
229 0.26 -0.5 0.263
230 0.26 -0.5 0.262333333333
231 0.26 -0.5 0.2615
232 0.26 -0.5 0.261416666667
233 0.26 -0.5 0.268833333333
234 0.26 -0.5 0.287833333333
235 0.26 -0.45 0.291666666667
236 0.26 -0.4 0.291666666667
237 0.26 -0.4 0.291666666667
238 0.26 -0.3 0.291666666667
239 0.26 -0.3 0.291666666667
240 0.26 -0.2 0.291666666667
241 0.26 -0.2 0.291666666667
242 0.26 -0.2 0.291666666667
243 0.26 -0.2 0.291666666667
244 0.26 -0.2 0.291666666667
245 0.26 -0.2 0.291666666667
246 0.26 -0.2 0.291666666667
247 0.26 -0.2 0.291666666667
248 0.26 -0.2 0.291666666667
249 0.26 -0.15 0.291666666667
250 0.26 -0.1 0.2905
251 0.26 -0.1 0.285416666667
252 0.26 -0.1 0.282083333333
253 0.26 -0.1 0.279583333333
254 0.26 -0.1 0.2785
255 0.26 -0.1 0.278166666667
256 0.26 -0.05 0.278
257 0.26 -2.77555756156e-17 0.277916666667
258 0.26 -2.77555756156e-17 0.277833333333
259 0.26 -2.77555756156e-17 0.27825
260 0.26 -2.77555756156e-17 0.278416666667
261 0.26 -2.77555756156e-17 0.278416666667
262 0.26 -2.77555756156e-17 0.278583333333
263 0.26 -2.77555756156e-17 0.278666666667
264 0.26 -2.77555756156e-17 0.278583333333
265 0.26 -2.77555756156e-17 0.278583333333
266 0.26 -2.77555756156e-17 0.278833333333
267 0.26 -2.77555756156e-17 0.279
268 0.26 -2.77555756156e-17 0.278916666667
269 0.26 -2.77555756156e-17 0.27925
270 0.26 -2.77555756156e-17 0.280333333333
271 0.26 -2.77555756156e-17 0.279833333333
272 0.26 -2.77555756156e-17 0.280583333333
273 0.26 -2.77555756156e-17 0.281083333333
274 0.26 -2.77555756156e-17 0.28125
275 0.26 -2.77555756156e-17 0.282083333333
276 0.26 -2.77555756156e-17 0.282083333333
277 0.26 -2.77555756156e-17 0.282333333333
278 0.26 -2.77555756156e-17 0.284583333333
279 0.26 -2.77555756156e-17 0.284833333333
280 0.26 -2.77555756156e-17 0.28725
281 0.26 -2.77555756156e-17 0.288916666667
282 0.26 -2.77555756156e-17 0.290666666667
283 0.26 -2.77555756156e-17 0.2915
284 0.26 -2.77555756156e-17 0.291666666667
285 0.26 -2.77555756156e-17 0.291666666667
286 0.26 -2.77555756156e-17 0.291666666667
287 0.26 -2.77555756156e-17 0.291666666667
288 0.26 -2.77555756156e-17 0.291666666667
289 0.26 -2.77555756156e-17 0.291666666667
290 0.26 -2.77555756156e-17 0.291666666667
291 0.26 -2.77555756156e-17 0.291666666667
292 0.26 -2.77555756156e-17 0.291666666667
293 0.26 -2.77555756156e-17 0.291666666667
294 0.26 -2.77555756156e-17 0.291666666667
295 0.26 -2.77555756156e-17 0.291666666667
296 0.26 -2.77555756156e-17 0.291666666667
297 0.26 -2.77555756156e-17 0.291666666667
298 0.26 -2.77555756156e-17 0.291666666667
299 0.26 -2.77555756156e-17 0.291666666667
300 0.26 -2.77555756156e-17 0.291666666667
301 0.26 -2.77555756156e-17 0.291666666667
302 0.26 -2.77555756156e-17 0.291666666667
303 0.26 -2.77555756156e-17 0.291666666667
304 0.26 -2.77555756156e-17 0.291666666667
305 0.26 -2.77555756156e-17 0.291666666667
306 0.26 -2.77555756156e-17 0.291666666667
307 0.26 -2.77555756156e-17 0.291666666667
308 0.26 -2.77555756156e-17 0.291666666667
309 0.26 -2.77555756156e-17 0.291666666667
310 0.26 -2.77555756156e-17 0.291666666667
311 0.26 -2.77555756156e-17 0.291666666667
312 0.26 -2.77555756156e-17 0.291666666667
313 0.26 -2.77555756156e-17 0.291666666667
314 0.26 -2.77555756156e-17 0.291666666667
315 0.26 -2.77555756156e-17 0.291666666667
316 0.26 -2.77555756156e-17 0.291666666667
317 0.26 -2.77555756156e-17 0.291666666667
318 0.26 -2.77555756156e-17 0.291666666667
319 0.26 -2.77555756156e-17 0.291666666667
320 0.26 -2.77555756156e-17 0.291666666667
321 0.26 -2.77555756156e-17 0.291666666667
322 0.26 -2.77555756156e-17 0.291666666667
323 0.26 -2.77555756156e-17 0.291666666667
324 0.26 -2.77555756156e-17 0.291583333333
325 0.26 -2.77555756156e-17 0.2915
326 0.26 -2.77555756156e-17 0.291416666667
327 0.26 -2.77555756156e-17 0.291416666667
328 0.26 -2.77555756156e-17 0.291416666667
329 0.26 -2.77555756156e-17 0.29125
330 0.26 -2.77555756156e-17 0.291166666667
331 0.26 0.05 0.291333333333
332 0.26 0.1 0.291333333333
333 0.26 0.15 0.290666666667
334 0.26 0.2 0.290083333333
335 0.26 0.2 0.286166666667
336 0.26 0.3 0.27925
337 0.26 0.3 0.276666666667
338 0.26 0.35 0.269916666667
339 0.26 0.4 0.266083333333
340 0.26 0.4 0.266333333333
341 0.26 0.4 0.267083333333
342 0.26 0.4 0.266833333333
343 0.26 0.4 0.26675
344 0.26 0.4 0.26725
345 0.26 0.4 0.254083333333
346 0.26 0.4 0.2505
347 0.26 0.4 0.25175
348 0.26 0.4 0.250583333333
349 0.26 0.4 0.250166666667
350 0.26 0.4 0.256333333333
351 0.26 0.4 0.2635
352 0.26 0.4 0.26775
353 0.26 0.4 0.257583333333
354 0.26 0.4 0.254833333333
355 0.26 0.4 0.254833333333
356 0.26 0.4 0.254666666667
357 0.26 0.4 0.254416666667
358 0.26 0.4 0.25925
359 0.26 0.4 0.2725
360 0.26 0.4 0.27375
361 0.26 0.4 0.261583333333
362 0.26 0.4 0.25475
363 0.26 0.4 0.247333333333
364 0.26 0.4 0.246916666667
365 0.26 0.4 0.247333333333
366 0.26 0.4 0.255416666667
367 0.26 0.4 0.2645
368 0.26 0.4 0.265916666667
369 0.26 0.4 0.263666666667
370 0.26 0.4 0.25225
371 0.26 0.4 0.251416666667
372 0.26 0.4 0.253166666667
373 0.26 0.4 0.239333333333
374 0.26 0.4 0.238833333333
375 0.26 0.4 0.247916666667
376 0.26 0.4 0.255
377 0.26 0.4 0.2635
378 0.26 0.4 0.263833333333
379 0.26 0.4 0.2645
380 0.26 0.4 0.265
381 0.26 0.4 0.265166666667
382 0.26 0.4 0.264583333333
383 0.26 0.4 0.264916666667
384 0.26 0.4 0.27525
385 0.26 0.45 0.277666666667
386 0.26 0.5 0.27825
387 0.26 0.5 0.2915
388 0.26 0.5 0.291666666667
389 0.26 0.5 0.291666666667
390 0.26 0.5 0.291666666667
391 0.26 0.5 0.291666666667
392 0.26 0.5 0.291666666667
393 0.26 0.5 0.291666666667
394 0.26 0.5 0.291666666667
395 0.26 0.5 0.291666666667
396 0.26 0.5 0.291666666667
397 0.26 0.5 0.291666666667
398 0.26 0.5 0.291666666667
399 0.26 0.4 0.291666666667
400 0.26 0.4 0.291666666667
401 0.26 0.4 0.291666666667
402 0.26 0.4 0.291666666667
403 0.26 0.4 0.291666666667
404 0.26 0.35 0.291666666667
405 0.26 0.3 0.291666666667
406 0.26 0.3 0.291666666667
407 0.26 0.3 0.291666666667
408 0.26 0.2 0.291666666667
409 0.26 0.2 0.291666666667
410 0.26 0.15 0.291666666667
411 0.26 0.1 0.291666666667
412 0.26 0.1 0.291666666667
413 0.26 0.05 0.291666666667
414 0.26 2.77555756156e-17 0.291666666667
415 0.26 2.77555756156e-17 0.291666666667
416 0.26 2.77555756156e-17 0.291666666667
417 0.26 2.77555756156e-17 0.291666666667
418 0.26 2.77555756156e-17 0.291666666667
419 0.26 2.77555756156e-17 0.291666666667
420 0.26 2.77555756156e-17 0.291666666667
421 0.26 2.77555756156e-17 0.291666666667
422 0.26 2.77555756156e-17 0.291666666667
423 0.26 2.77555756156e-17 0.291666666667
424 0.26 2.77555756156e-17 0.291666666667
425 0.26 2.77555756156e-17 0.291666666667
426 0.26 2.77555756156e-17 0.291666666667
427 0.26 2.77555756156e-17 0.291666666667
428 0.26 2.77555756156e-17 0.291666666667
429 0.26 2.77555756156e-17 0.291666666667
430 0.26 2.77555756156e-17 0.291666666667
431 0.26 2.77555756156e-17 0.291666666667
432 0.26 2.77555756156e-17 0.291666666667
433 0.26 2.77555756156e-17 0.291666666667
434 0.26 2.77555756156e-17 0.291666666667
435 0.26 2.77555756156e-17 0.291666666667
436 0.26 2.77555756156e-17 0.291666666667
437 0.26 2.77555756156e-17 0.291666666667
438 0.26 2.77555756156e-17 0.291666666667
439 0.26 2.77555756156e-17 0.291666666667
440 0.26 2.77555756156e-17 0.291666666667
441 0.26 2.77555756156e-17 0.291666666667
442 0.26 2.77555756156e-17 0.291666666667
443 0.26 2.77555756156e-17 0.291666666667
444 0.26 2.77555756156e-17 0.291666666667
445 0.26 2.77555756156e-17 0.291666666667
446 0.26 2.77555756156e-17 0.291666666667
447 0.26 2.77555756156e-17 0.291666666667
448 0.26 2.77555756156e-17 0.291666666667
449 0.26 2.77555756156e-17 0.291666666667
450 0.26 2.77555756156e-17 0.291666666667
451 0.26 2.77555756156e-17 0.291666666667
452 0.26 2.77555756156e-17 0.291666666667
453 0.26 -0.1 0.291666666667
454 0.26 -0.1 0.291666666667
455 0.26 -0.1 0.291666666667
456 0.26 -0.1 0.291666666667
457 0.26 -0.1 0.291666666667
458 0.26 -0.1 0.291666666667
459 0.26 -0.1 0.291666666667
460 0.26 -0.1 0.291666666667
461 0.26 -0.1 0.291666666667
462 0.26 -0.1 0.291666666667
463 0.26 -0.1 0.291666666667
464 0.26 -0.1 0.291666666667
465 0.26 -0.1 0.291666666667
466 0.26 -0.1 0.291666666667
467 0.26 -0.2 0.291666666667
468 0.26 -0.2 0.291666666667
469 0.26 -0.2 0.291666666667
470 0.26 -0.2 0.291666666667
471 0.26 -0.2 0.291666666667
472 0.26 -0.2 0.291666666667
473 0.26 -0.2 0.291666666667
474 0.26 -0.2 0.291666666667
475 0.26 -0.2 0.291666666667
476 0.26 -0.2 0.291666666667
477 0.26 -0.2 0.291666666667
478 0.26 -0.2 0.291666666667
479 0.26 -0.2 0.291666666667
480 0.26 -0.2 0.291666666667
481 0.26 -0.15 0.291666666667
482 0.26 -0.1 0.291666666667
483 0.26 -0.05 0.291666666667
484 0.26 2.77555756156e-17 0.291666666667
485 0.26 2.77555756156e-17 0.291666666667
486 0.26 2.77555756156e-17 0.291666666667
487 0.26 2.77555756156e-17 0.291666666667
488 0.26 2.77555756156e-17 0.291666666667
489 0.26 2.77555756156e-17 0.291666666667
490 0.26 2.77555756156e-17 0.291666666667
491 0.26 2.77555756156e-17 0.291666666667
492 0.26 2.77555756156e-17 0.291666666667
493 0.26 2.77555756156e-17 0.291666666667
494 0.26 2.77555756156e-17 0.291666666667
495 0.26 2.77555756156e-17 0.291666666667
496 0.26 2.77555756156e-17 0.291666666667
497 0.26 2.77555756156e-17 0.291666666667
498 0.26 2.77555756156e-17 0.291666666667
499 0.26 -0.05 0.291666666667
500 0.26 -0.1 0.291666666667
501 0.26 -0.15 0.291666666667
502 0.26 -0.2 0.291666666667
503 0.26 -0.2 0.291666666667
504 0.26 -0.2 0.291666666667
505 0.26 -0.2 0.291666666667
506 0.26 -0.2 0.291666666667
507 0.26 -0.2 0.291666666667
508 0.26 -0.2 0.291666666667
509 0.26 -0.2 0.291666666667
510 0.26 -0.2 0.291666666667
511 0.26 -0.2 0.291666666667
512 0.26 -0.2 0.291666666667
513 0.26 -0.2 0.291666666667
514 0.26 -0.2 0.291666666667
515 0.26 -0.15 0.291666666667
516 0.26 -0.1 0.291666666667
517 0.26 -0.1 0.291666666667
518 0.26 -0.1 0.291666666667
519 0.26 2.77555756156e-17 0.291666666667
520 0.26 2.77555756156e-17 0.291666666667
521 0.26 2.77555756156e-17 0.291666666667
522 0.26 2.77555756156e-17 0.291666666667
523 0.26 2.77555756156e-17 0.291666666667
524 0.26 2.77555756156e-17 0.291666666667
525 0.26 2.77555756156e-17 0.291666666667
526 0.26 2.77555756156e-17 0.291666666667
527 0.26 2.77555756156e-17 0.291666666667
528 0.26 2.77555756156e-17 0.291666666667
529 0.26 -0.1 0.291666666667
530 0.26 -0.1 0.291666666667
531 0.26 -0.15 0.291666666667
532 0.26 -0.2 0.291666666667
533 0.26 -0.2 0.291666666667
534 0.26 -0.2 0.291666666667
535 0.26 -0.2 0.291666666667
536 0.26 -0.2 0.291666666667
537 0.26 -0.2 0.291666666667
538 0.26 -0.2 0.291666666667
539 0.26 -0.2 0.291666666667
540 0.26 -0.2 0.291666666667
541 0.26 -0.15 0.291666666667
542 0.26 -0.1 0.291666666667
543 0.26 -0.05 0.291666666667
544 0.26 2.77555756156e-17 0.291666666667
545 0.26 2.77555756156e-17 0.291666666667
546 0.26 2.77555756156e-17 0.291666666667
547 0.26 2.77555756156e-17 0.291666666667
548 0.26 2.77555756156e-17 0.291666666667
549 0.26 2.77555756156e-17 0.291666666667
550 0.26 2.77555756156e-17 0.291666666667
551 0.26 2.77555756156e-17 0.291666666667
552 0.26 2.77555756156e-17 0.291666666667
553 0.26 2.77555756156e-17 0.291666666667
554 0.26 2.77555756156e-17 0.291666666667
555 0.26 2.77555756156e-17 0.291666666667
556 0.26 2.77555756156e-17 0.291666666667
557 0.26 2.77555756156e-17 0.291666666667
558 0.26 2.77555756156e-17 0.291666666667
559 0.26 2.77555756156e-17 0.291666666667
560 0.26 2.77555756156e-17 0.291666666667
561 0.26 2.77555756156e-17 0.291666666667
562 0.26 2.77555756156e-17 0.291666666667
563 0.26 2.77555756156e-17 0.291666666667
564 0.26 2.77555756156e-17 0.291666666667
565 0.26 2.77555756156e-17 0.291666666667
566 0.26 2.77555756156e-17 0.291666666667
567 0.26 2.77555756156e-17 0.291666666667
568 0.26 2.77555756156e-17 0.291666666667
569 0.26 2.77555756156e-17 0.291666666667
570 0.26 2.77555756156e-17 0.291666666667
571 0.26 2.77555756156e-17 0.291666666667
572 0.26 2.77555756156e-17 0.291666666667
573 0.26 2.77555756156e-17 0.291666666667
574 0.26 2.77555756156e-17 0.291666666667
575 0.26 2.77555756156e-17 0.291666666667
576 0.26 2.77555756156e-17 0.291666666667
577 0.26 2.77555756156e-17 0.291666666667
578 0.26 2.77555756156e-17 0.291666666667
579 0.26 2.77555756156e-17 0.291666666667
580 0.26 2.77555756156e-17 0.291666666667
581 0.26 2.77555756156e-17 0.291666666667
582 0.26 2.77555756156e-17 0.291666666667
583 0.26 2.77555756156e-17 0.291666666667
584 0.26 2.77555756156e-17 0.291666666667
585 0.26 2.77555756156e-17 0.291666666667
586 0.26 2.77555756156e-17 0.291666666667
587 0.26 2.77555756156e-17 0.291666666667
588 0.26 2.77555756156e-17 0.291666666667
589 0.26 2.77555756156e-17 0.291666666667
590 0.26 2.77555756156e-17 0.291666666667
591 0.26 2.77555756156e-17 0.291666666667
592 0.26 2.77555756156e-17 0.291666666667
593 0.26 2.77555756156e-17 0.291666666667
594 0.26 2.77555756156e-17 0.291666666667
595 0.26 2.77555756156e-17 0.291666666667
596 0.26 2.77555756156e-17 0.291666666667
597 0.26 2.77555756156e-17 0.291666666667
598 0.26 2.77555756156e-17 0.291666666667
599 0.26 2.77555756156e-17 0.291666666667
600 0.26 2.77555756156e-17 0.291666666667
601 0.26 2.77555756156e-17 0.291666666667
602 0.26 2.77555756156e-17 0.291666666667
603 0.26 2.77555756156e-17 0.291666666667
604 0.26 2.77555756156e-17 0.291666666667
605 0.26 2.77555756156e-17 0.291666666667
606 0.26 2.77555756156e-17 0.291666666667
607 0.26 2.77555756156e-17 0.291666666667
608 0.26 2.77555756156e-17 0.291666666667
609 0.26 2.77555756156e-17 0.291666666667
610 0.26 2.77555756156e-17 0.291666666667
611 0.26 2.77555756156e-17 0.291666666667
612 0.26 2.77555756156e-17 0.291666666667
