0 0.26 0.0 0.0705833333333
1 0.26 0.0 0.05
2 0.26 0.0 0.0
3 0.26 0.0 0.0
4 0.26 0.0 0.0
5 0.26 0.0 0.0
6 0.26 0.0 0.0
7 0.26 0.0 0.0
8 0.26 0.0 0.0
9 0.26 0.0 0.0
10 0.26 0.0 0.0
11 0.26 0.0 0.0
12 0.26 0.0 0.0
13 0.26 0.0 0.0
14 0.26 0.0 0.0
15 0.26 0.0 0.0
16 0.26 0.0 0.0
17 0.26 0.0 0.0
18 0.26 0.0 0.0
19 0.26 0.0 0.0
20 0.26 -0.1 0.0
21 0.26 -0.15 0.0
22 0.26 -0.2 0.0
23 0.26 -0.25 0.0
24 0.26 -0.3 0.0
25 0.26 -0.3 0.0
26 0.26 -0.3 0.00625
27 0.26 -0.3 0.08125
28 0.26 -0.3 0.1625
29 0.26 -0.3 0.25
30 0.26 -0.3 0.3375
31 0.26 -0.3 0.43125
32 0.26 -0.3 0.53125
33 0.26 -0.3 0.61875
34 0.26 -0.3 0.645666666667
35 0.26 -0.3 0.5625
36 0.26 -0.3 0.48125
37 0.0 0.0 0.4
38 0.0 0.0 0.45
39 0.0 0.0 0.54375
40 0.005 0.0 0.55625
41 0.01 0.0 0.55625
42 0.01 0.0 0.55625
43 0.015 0.0 0.552916666667
44 0.04 0.0 0.55
45 0.065 0.0 0.548416666667
46 0.095 0.0 0.54375
47 0.125 0.0 0.54375
48 0.15 0.0 0.55625
49 0.18 0.0 0.55
50 0.21 0.0 0.53125
51 0.235 0.0 0.525
52 0.26 0.0 0.51875
53 0.26 0.0 0.49375
54 0.26 0.0 0.4875
55 0.26 0.0 0.475
56 0.26 0.0 0.4625
57 0.26 0.0 0.45
58 0.26 0.0 0.4375
59 0.26 0.0 0.428166666667
60 0.26 0.0 0.4125
61 0.26 0.0 0.402416666667
62 0.26 0.0 0.3875
63 0.26 0.05 0.375
64 0.26 0.1 0.369333333333
65 0.26 0.15 0.38125
66 0.26 0.2 0.4125
67 0.26 0.3 0.45625
68 0.26 0.3 0.51875
69 0.26 0.3 0.5875
70 0.26 0.3 0.65625
71 0.26 0.3 0.725
72 0.26 0.3 0.75
73 0.26 0.3 0.75
74 0.26 0.3 0.75
75 0.26 0.3 0.75
76 0.0 0.0 0.75
77 0.0 0.0 0.75
78 0.0 0.0 0.75
79 0.0 0.0 0.75
80 0.01 0.0 0.75
81 0.01 0.0 0.75
82 0.01 0.0 0.75
83 0.035 0.0 0.75
84 0.06 0.0 0.75
85 0.09 0.0 0.75
86 0.115 0.0 0.75
87 0.14 0.0 0.75
88 0.165 0.0 0.75
89 0.19 0.0 0.75
90 0.22 0.0 0.75
91 0.245 0.0 0.75
92 0.26 0.0 0.75
93 0.26 0.0 0.75
94 0.26 0.0 0.75
95 0.26 0.0 0.75
96 0.26 0.0 0.75
97 0.26 0.0 0.75
98 0.26 0.0 0.75
99 0.26 0.0 0.75
100 0.26 0.0 0.75
101 0.26 0.0 0.75
102 0.26 0.0 0.75
103 0.26 0.0 0.75
104 0.26 0.0 0.75
105 0.26 0.0 0.75
106 0.26 0.0 0.75
107 0.26 0.0 0.75
