0 0.135 -0.3 0.248916666667
1 0.14 -0.3 0.247083333333
2 0.145 -0.3 0.252833333333
3 0.16 -0.3 0.258333333333
4 0.18 -0.3 0.257166666667
5 0.205 -0.3 0.25775
6 0.225 -0.3 0.257916666667
7 0.25 -0.3 0.259416666667
8 0.26 -0.3 0.258333333333
9 0.26 -0.3 0.25875
10 0.26 -0.3 0.258333333333
11 0.26 -0.3 0.259
12 0.26 -0.3 0.24975
13 0.26 -0.3 0.254
14 0.26 -0.3 0.251666666667
15 0.26 -0.3 0.252
16 0.26 -0.3 0.251833333333
17 0.26 -0.3 0.25125
18 0.26 -0.3 0.250666666667
19 0.26 -0.3 0.250083333333
20 0.26 -0.3 0.24525
21 0.26 -0.3 0.249083333333
22 0.26 -0.3 0.260833333333
23 0.26 -0.3 0.252333333333
24 0.26 -0.3 0.249166666667
25 0.26 -0.3 0.249333333333
26 0.26 -0.3 0.2485
27 0.26 -0.3 0.247166666667
28 0.26 -0.3 0.248333333333
29 0.26 -0.3 0.2515
30 0.26 -0.3 0.257
31 0.26 -0.3 0.266166666667
32 0.26 -0.3 0.269166666667
33 0.26 -0.3 0.269083333333
34 0.26 -0.25 0.26825
35 0.26 -0.2 0.268416666667
36 0.26 -0.2 0.267083333333
37 0.26 -0.2 0.268166666667
38 0.26 -0.15 0.267416666667
39 0.26 -0.1 0.27175
40 0.26 -0.1 0.27725
41 0.26 -0.1 0.278166666667
42 0.26 -0.1 0.278083333333
43 0.26 -0.1 0.278333333333
44 0.26 -0.1 0.278916666667
45 0.26 -0.1 0.279166666667
46 0.26 -0.05 0.279833333333
47 0.26 -2.77555756156e-17 0.285
48 0.26 -2.77555756156e-17 0.287166666667
49 0.26 -2.77555756156e-17 0.287666666667
50 0.26 -2.77555756156e-17 0.28825
51 0.26 -2.77555756156e-17 0.28975
52 0.26 -2.77555756156e-17 0.290083333333
53 0.26 -2.77555756156e-17 0.29075
54 0.26 -2.77555756156e-17 0.291166666667
55 0.26 -2.77555756156e-17 0.291416666667
56 0.26 -2.77555756156e-17 0.291666666667
57 0.26 -2.77555756156e-17 0.291666666667
58 0.26 -2.77555756156e-17 0.291666666667
59 0.26 -2.77555756156e-17 0.291666666667
60 0.26 -2.77555756156e-17 0.291666666667
61 0.26 -2.77555756156e-17 0.291666666667
62 0.26 -2.77555756156e-17 0.291666666667
63 0.26 -2.77555756156e-17 0.291666666667
64 0.26 -2.77555756156e-17 0.291666666667
65 0.26 -2.77555756156e-17 0.291666666667
66 0.26 -2.77555756156e-17 0.291666666667
67 0.26 -2.77555756156e-17 0.291666666667
68 0.26 -2.77555756156e-17 0.291666666667
69 0.26 -2.77555756156e-17 0.291666666667
70 0.26 -2.77555756156e-17 0.291666666667
71 0.26 -2.77555756156e-17 0.291666666667
72 0.26 -2.77555756156e-17 0.291666666667
73 0.26 -2.77555756156e-17 0.291666666667
74 0.26 -2.77555756156e-17 0.291666666667
75 0.26 -2.77555756156e-17 0.291666666667
76 0.26 -2.77555756156e-17 0.291666666667
77 0.26 -2.77555756156e-17 0.291666666667
78 0.26 -2.77555756156e-17 0.291666666667
79 0.26 -2.77555756156e-17 0.291666666667
80 0.26 -2.77555756156e-17 0.291666666667
81 0.26 -2.77555756156e-17 0.291666666667
82 0.26 -2.77555756156e-17 0.291666666667
83 0.26 -2.77555756156e-17 0.291666666667
84 0.26 -2.77555756156e-17 0.291666666667
85 0.26 -2.77555756156e-17 0.291666666667
86 0.26 -2.77555756156e-17 0.291666666667
87 0.26 -2.77555756156e-17 0.291666666667
88 0.26 -2.77555756156e-17 0.291666666667
89 0.26 -2.77555756156e-17 0.291666666667
90 0.26 -2.77555756156e-17 0.291666666667
91 0.26 -2.77555756156e-17 0.291666666667
92 0.26 -2.77555756156e-17 0.291666666667
93 0.26 -2.77555756156e-17 0.291666666667
94 0.26 -2.77555756156e-17 0.291666666667
95 0.26 -2.77555756156e-17 0.291666666667
96 0.26 -2.77555756156e-17 0.291666666667
97 0.26 -2.77555756156e-17 0.291666666667
98 0.26 -2.77555756156e-17 0.291666666667
99 0.26 -2.77555756156e-17 0.291666666667
100 0.26 -2.77555756156e-17 0.291666666667
101 0.26 -2.77555756156e-17 0.291666666667
102 0.26 -2.77555756156e-17 0.291666666667
103 0.26 -2.77555756156e-17 0.291666666667
104 0.26 -2.77555756156e-17 0.291666666667
105 0.26 -2.77555756156e-17 0.291666666667
106 0.26 -2.77555756156e-17 0.291666666667
107 0.26 -2.77555756156e-17 0.291666666667
108 0.26 -2.77555756156e-17 0.291666666667
109 0.26 -2.77555756156e-17 0.291666666667
110 0.26 -2.77555756156e-17 0.291666666667
111 0.26 -2.77555756156e-17 0.291666666667
112 0.26 -2.77555756156e-17 0.291666666667
113 0.26 -2.77555756156e-17 0.291666666667
114 0.26 -2.77555756156e-17 0.291666666667
115 0.26 -2.77555756156e-17 0.291666666667
116 0.26 -2.77555756156e-17 0.291666666667
117 0.26 -2.77555756156e-17 0.291666666667
118 0.26 -2.77555756156e-17 0.291583333333
119 0.26 -2.77555756156e-17 0.29125
120 0.26 -2.77555756156e-17 0.290833333333
121 0.26 -2.77555756156e-17 0.290333333333
122 0.26 -2.77555756156e-17 0.29
123 0.26 -2.77555756156e-17 0.28475
124 0.26 -2.77555756156e-17 0.283416666667
125 0.26 -2.77555756156e-17 0.282583333333
126 0.26 -2.77555756156e-17 0.282
127 0.26 -2.77555756156e-17 0.281166666667
128 0.26 -2.77555756156e-17 0.282083333333
129 0.26 -2.77555756156e-17 0.281833333333
130 0.26 -2.77555756156e-17 0.281166666667
131 0.26 -2.77555756156e-17 0.282
132 0.26 -2.77555756156e-17 0.282083333333
133 0.26 -2.77555756156e-17 0.280916666667
134 0.26 -2.77555756156e-17 0.281333333333
135 0.26 -2.77555756156e-17 0.28125
136 0.26 -2.77555756156e-17 0.281416666667
137 0.26 -2.77555756156e-17 0.282083333333
138 0.26 -2.77555756156e-17 0.282666666667
139 0.26 -2.77555756156e-17 0.282416666667
140 0.26 -2.77555756156e-17 0.282083333333
141 0.26 -2.77555756156e-17 0.282083333333
142 0.26 -2.77555756156e-17 0.282583333333
143 0.26 -2.77555756156e-17 0.282416666667
144 0.26 -2.77555756156e-17 0.282666666667
145 0.26 -2.77555756156e-17 0.28325
146 0.26 -2.77555756156e-17 0.28375
147 0.26 -2.77555756156e-17 0.28425
148 0.26 -2.77555756156e-17 0.285333333333
149 0.26 -2.77555756156e-17 0.286
150 0.26 -2.77555756156e-17 0.2865
151 0.26 -2.77555756156e-17 0.28725
152 0.26 -2.77555756156e-17 0.287583333333
153 0.26 -2.77555756156e-17 0.288666666667
154 0.26 -2.77555756156e-17 0.288833333333
155 0.26 -2.77555756156e-17 0.289333333333
156 0.26 -2.77555756156e-17 0.28925
157 0.26 -2.77555756156e-17 0.287916666667
158 0.26 -2.77555756156e-17 0.284916666667
159 0.26 -2.77555756156e-17 0.283083333333
160 0.26 -2.77555756156e-17 0.28325
161 0.26 -2.77555756156e-17 0.283083333333
162 0.26 -2.77555756156e-17 0.2825
163 0.26 -2.77555756156e-17 0.281083333333
164 0.26 -2.77555756156e-17 0.280666666667
165 0.26 -2.77555756156e-17 0.28
166 0.26 -2.77555756156e-17 0.277166666667
167 0.26 -2.77555756156e-17 0.276
168 0.26 -2.77555756156e-17 0.27575
169 0.26 -2.77555756156e-17 0.27525
170 0.26 -2.77555756156e-17 0.275333333333
171 0.26 -2.77555756156e-17 0.275083333333
172 0.26 -2.77555756156e-17 0.274416666667
173 0.26 -2.77555756156e-17 0.274333333333
174 0.26 -2.77555756156e-17 0.274333333333
175 0.26 -2.77555756156e-17 0.273916666667
176 0.26 -2.77555756156e-17 0.274333333333
177 0.26 -2.77555756156e-17 0.274333333333
178 0.26 -2.77555756156e-17 0.274
179 0.26 -2.77555756156e-17 0.274916666667
180 0.26 -2.77555756156e-17 0.274916666667
181 0.26 -2.77555756156e-17 0.27475
182 0.26 -2.77555756156e-17 0.271083333333
183 0.26 -2.77555756156e-17 0.265666666667
184 0.26 -2.77555756156e-17 0.2645
185 0.26 -2.77555756156e-17 0.263833333333
186 0.26 0.05 0.263666666667
187 0.26 0.1 0.263666666667
188 0.26 0.1 0.265083333333
189 0.26 0.1 0.264
190 0.26 0.2 0.264333333333
191 0.26 0.2 0.26375
192 0.26 0.2 0.26275
193 0.26 0.2 0.258
194 0.26 0.2 0.250666666667
195 0.26 0.2 0.242333333333
196 0.26 0.3 0.247083333333
197 0.26 0.3 0.253666666667
198 0.26 0.3 0.25475
199 0.26 0.3 0.25325
200 0.26 0.3 0.252166666667
201 0.26 0.3 0.251333333333
202 0.26 0.3 0.251666666667
203 0.26 0.3 0.256166666667
204 0.26 0.3 0.2635
205 0.26 0.3 0.271916666667
206 0.26 0.3 0.26175
207 0.26 0.3 0.25375
208 0.26 0.3 0.245583333333
209 0.26 0.3 0.246083333333
210 0.26 0.3 0.245416666667
211 0.26 0.3 0.2455
212 0.26 0.3 0.249666666667
213 0.26 0.3 0.260583333333
214 0.26 0.3 0.26525
215 0.26 0.3 0.265666666667
216 0.26 0.3 0.266333333333
217 0.26 0.3 0.264666666667
218 0.26 0.3 0.255333333333
219 0.26 0.3 0.25225
220 0.26 0.35 0.252083333333
221 0.26 0.4 0.24625
222 0.26 0.4 0.237333333333
223 0.26 0.4 0.238166666667
224 0.26 0.4 0.24975
225 0.26 0.4 0.261333333333
226 0.26 0.4 0.264
227 0.26 0.4 0.264
228 0.26 0.4 0.264
229 0.26 0.4 0.264416666667
230 0.26 0.4 0.26475
231 0.26 0.4 0.264333333333
232 0.26 0.4 0.264666666667
233 0.26 0.4 0.273833333333
234 0.26 0.4 0.277416666667
235 0.26 0.4 0.28375
236 0.26 0.4 0.291666666667
237 0.26 0.4 0.291666666667
238 0.26 0.4 0.291666666667
239 0.26 0.4 0.291666666667
240 0.26 0.4 0.291666666667
241 0.26 0.4 0.291666666667
242 0.26 0.4 0.291666666667
243 0.26 0.4 0.291666666667
244 0.26 0.4 0.291666666667
245 0.26 0.4 0.291666666667
246 0.26 0.4 0.28475
247 0.26 0.4 0.28
248 0.26 0.4 0.273416666667
249 0.26 0.4 0.258583333333
250 0.26 0.4 0.258416666667
251 0.26 0.4 0.251833333333
252 0.26 0.4 0.247333333333
253 0.26 0.4 0.24925
254 0.26 0.4 0.25075
255 0.26 0.4 0.252166666667
256 0.26 0.4 0.254333333333
257 0.26 0.4 0.255666666667
258 0.26 0.4 0.257666666667
259 0.26 0.4 0.258166666667
260 0.26 0.4 0.258
261 0.26 0.4 0.259083333333
262 0.26 0.4 0.258666666667
263 0.26 0.35 0.269083333333
264 0.26 0.3 0.278
265 0.26 0.3 0.285833333333
266 0.26 0.3 0.291583333333
267 0.26 0.3 0.291666666667
268 0.26 0.3 0.291666666667
269 0.26 0.2 0.291666666667
270 0.26 0.2 0.291666666667
271 0.26 0.2 0.291166666667
272 0.26 0.2 0.290666666667
273 0.26 0.2 0.286583333333
274 0.26 0.2 0.281583333333
275 0.26 0.2 0.280583333333
276 0.26 0.2 0.27975
277 0.26 0.2 0.280166666667
278 0.26 0.15 0.284833333333
279 0.26 0.1 0.288666666667
280 0.26 0.1 0.289833333333
281 0.26 0.1 0.29
282 0.26 0.1 0.290333333333
283 0.26 0.1 0.290583333333
284 0.26 0.1 0.29075
285 0.26 0.1 0.291166666667
286 0.26 0.1 0.291166666667
287 0.26 0.1 0.291416666667
288 0.26 0.1 0.291666666667
289 0.26 0.05 0.291666666667
290 0.26 2.77555756156e-17 0.291666666667
291 0.26 2.77555756156e-17 0.291666666667
292 0.26 2.77555756156e-17 0.291666666667
293 0.26 2.77555756156e-17 0.291666666667
294 0.26 2.77555756156e-17 0.291666666667
295 0.26 2.77555756156e-17 0.291666666667
296 0.26 2.77555756156e-17 0.291666666667
297 0.26 2.77555756156e-17 0.291666666667
298 0.26 2.77555756156e-17 0.291666666667
299 0.26 2.77555756156e-17 0.291666666667
300 0.26 2.77555756156e-17 0.291666666667
301 0.26 2.77555756156e-17 0.291666666667
302 0.26 2.77555756156e-17 0.291666666667
303 0.26 2.77555756156e-17 0.291666666667
304 0.26 -0.05 0.291666666667
305 0.26 -0.1 0.2915
306 0.26 -0.1 0.29125
307 0.26 -0.1 0.29075
308 0.26 -0.1 0.290083333333
309 0.26 -0.1 0.28925
310 0.26 -0.1 0.285833333333
311 0.26 -0.1 0.281416666667
312 0.26 -0.1 0.277916666667
313 0.26 -0.1 0.275583333333
314 0.26 -0.15 0.274833333333
315 0.26 -0.2 0.273666666667
316 0.26 -0.2 0.270583333333
317 0.26 -0.2 0.2705
318 0.26 -0.2 0.268416666667
319 0.26 -0.2 0.267166666667
320 0.26 -0.2 0.261083333333
321 0.26 -0.2 0.2605
322 0.26 -0.2 0.259
323 0.26 -0.2 0.255833333333
324 0.26 -0.2 0.248416666667
325 0.26 -0.2 0.2425
326 0.26 -0.2 0.23975
327 0.26 -0.25 0.238583333333
328 0.26 -0.3 0.23125
329 0.26 -0.3 0.22175
330 0.26 -0.3 0.21525
331 0.26 -0.3 0.205666666667
332 0.26 -0.3 0.1945
333 0.26 -0.3 0.195416666667
334 0.26 -0.3 0.203833333333
335 0.26 -0.3 0.217
336 0.26 -0.3 0.226833333333
337 0.26 -0.3 0.23625
338 0.26 -0.3 0.2375
339 0.26 -0.3 0.237833333333
340 0.26 -0.3 0.237833333333
341 0.26 -0.3 0.239583333333
342 0.26 -0.3 0.247666666667
343 0.26 -0.3 0.258666666667
344 0.26 -0.3 0.27025
345 0.26 -0.3 0.284666666667
346 0.26 -0.3 0.291666666667
347 0.26 -0.3 0.291666666667
348 0.26 -0.3 0.291666666667
349 0.26 -0.3 0.291666666667
350 0.26 -0.3 0.291666666667
351 0.26 -0.3 0.291666666667
352 0.26 -0.3 0.291666666667
353 0.26 -0.3 0.291666666667
354 0.26 -0.3 0.291666666667
355 0.26 -0.3 0.288166666667
356 0.26 -0.3 0.28075
357 0.26 -0.3 0.2795
358 0.26 -0.3 0.273166666667
359 0.26 -0.4 0.267
360 0.26 -0.4 0.267333333333
361 0.26 -0.4 0.266416666667
362 0.26 -0.4 0.265333333333
363 0.26 -0.4 0.264833333333
364 0.26 -0.4 0.262666666667
365 0.26 -0.4 0.252416666667
366 0.26 -0.4 0.240416666667
367 0.26 -0.4 0.23925
368 0.26 -0.4 0.242666666667
369 0.26 -0.4 0.253916666667
370 0.26 -0.4 0.253666666667
371 0.26 -0.4 0.24625
372 0.26 -0.4 0.252166666667
373 0.26 -0.4 0.24775
374 0.26 -0.4 0.236416666667
375 0.26 -0.4 0.235916666667
376 0.26 -0.5 0.236333333333
377 0.26 -0.5 0.249416666667
378 0.26 -0.5 0.24975
379 0.26 -0.5 0.262666666667
380 0.26 -0.5 0.2515
381 0.26 -0.5 0.2385
382 0.26 -0.5 0.2395
383 0.26 -0.5 0.253333333333
384 0.26 -0.4 0.259416666667
385 0.26 -0.4 0.267
386 0.26 -0.4 0.266166666667
387 0.26 -0.4 0.265833333333
388 0.26 -0.4 0.26525
389 0.26 -0.4 0.253833333333
390 0.26 -0.3 0.24025
391 0.26 -0.3 0.239166666667
392 0.26 -0.3 0.247833333333
393 0.26 -0.25 0.26025
394 0.26 -0.2 0.26825
395 0.26 -0.2 0.268833333333
396 0.26 -0.2 0.269416666667
397 0.26 -0.2 0.269333333333
398 0.26 -0.2 0.269833333333
399 0.26 -0.2 0.270083333333
400 0.26 -0.2 0.27075
401 0.26 -0.2 0.271083333333
402 0.26 -0.2 0.271416666667
403 0.26 -0.2 0.272333333333
404 0.26 -0.2 0.27175
405 0.26 -0.2 0.272416666667
406 0.26 -0.2 0.273083333333
407 0.26 -0.2 0.272166666667
408 0.26 -0.2 0.27225
409 0.26 -0.2 0.270583333333
410 0.26 -0.2 0.269583333333
411 0.26 -0.2 0.2725
412 0.26 -0.2 0.280083333333
413 0.26 -0.2 0.288666666667
414 0.26 -0.2 0.291666666667
415 0.26 -0.2 0.291666666667
416 0.26 -0.2 0.291666666667
417 0.26 -0.2 0.291666666667
418 0.26 -0.2 0.291666666667
419 0.26 -0.2 0.291666666667
420 0.26 -0.2 0.291666666667
421 0.26 -0.2 0.291666666667
422 0.26 -0.2 0.291666666667
423 0.26 -0.2 0.291666666667
424 0.26 -0.2 0.291666666667
425 0.26 -0.2 0.291666666667
426 0.26 -0.2 0.291666666667
427 0.26 -0.2 0.291666666667
428 0.26 -0.2 0.291666666667
429 0.26 -0.2 0.291666666667
430 0.26 -0.2 0.291666666667
431 0.26 -0.15 0.291666666667
432 0.26 -0.1 0.291666666667
433 0.26 -0.1 0.291666666667
434 0.26 -0.1 0.291666666667
435 0.26 -0.1 0.291666666667
436 0.26 -0.1 0.291666666667
437 0.26 -0.1 0.291666666667
438 0.26 -0.1 0.291666666667
439 0.26 -0.1 0.291666666667
440 0.26 -0.1 0.291666666667
441 0.26 -0.1 0.291666666667
442 0.26 -0.1 0.291666666667
443 0.26 -0.1 0.291666666667
444 0.26 -0.1 0.291666666667
445 0.26 -0.1 0.291666666667
446 0.26 -0.1 0.291666666667
447 0.26 -0.1 0.291666666667
448 0.26 -0.1 0.291666666667
449 0.26 -0.1 0.291666666667
450 0.26 -0.1 0.291666666667
451 0.26 -0.1 0.291666666667
452 0.26 -0.1 0.291666666667
453 0.26 -0.1 0.291666666667
454 0.26 -0.1 0.291666666667
455 0.26 -0.1 0.291666666667
456 0.26 -0.1 0.291666666667
457 0.26 -0.1 0.291666666667
458 0.26 -0.1 0.291666666667
459 0.26 -0.1 0.291666666667
460 0.26 -0.1 0.291666666667
461 0.26 -0.1 0.291666666667
462 0.26 -0.1 0.291666666667
463 0.26 -0.1 0.291666666667
464 0.26 -0.1 0.291666666667
465 0.26 -0.1 0.291666666667
466 0.26 -0.1 0.291666666667
467 0.26 -0.1 0.291666666667
468 0.26 -0.1 0.291666666667
469 0.26 -0.1 0.291666666667
470 0.26 -0.1 0.291666666667
471 0.26 -0.1 0.291666666667
472 0.26 -0.1 0.291666666667
473 0.26 -0.1 0.291666666667
474 0.26 -0.2 0.291666666667
475 0.26 -0.2 0.291666666667
476 0.26 -0.2 0.291666666667
477 0.26 -0.2 0.291666666667
478 0.26 -0.2 0.291666666667
479 0.26 -0.2 0.291666666667
480 0.26 -0.2 0.291666666667
481 0.26 -0.15 0.280166666667
482 0.26 -0.1 0.264833333333
483 0.26 -2.77555756156e-17 0.253333333333
484 0.26 -2.77555756156e-17 0.245166666667
485 0.26 -2.77555756156e-17 0.237666666667
486 0.26 -2.77555756156e-17 0.230333333333
487 0.26 -2.77555756156e-17 0.222666666667
488 0.26 -2.77555756156e-17 0.215
489 0.26 -2.77555756156e-17 0.206833333333
490 0.26 -2.77555756156e-17 0.19975
491 0.26 0.05 0.193916666667
492 0.26 0.1 0.186833333333
493 0.26 0.1 0.185916666667
494 0.26 0.1 0.184333333333
495 0.26 0.1 0.184333333333
496 0.26 0.1 0.184333333333
497 0.26 0.1 0.184333333333
498 0.26 0.1 0.184333333333
499 0.26 0.1 0.184333333333
500 0.26 0.1 0.184333333333
501 0.26 0.1 0.184333333333
502 0.26 0.1 0.184333333333
503 0.26 0.1 0.1845
504 0.26 0.1 0.18625
505 0.26 0.1 0.18625
506 0.26 0.1 0.18625
507 0.26 0.1 0.18625
508 0.26 0.1 0.18625
509 0.26 0.1 0.188166666667
510 0.26 0.1 0.188833333333
511 0.26 0.1 0.190083333333
512 0.26 0.1 0.190083333333
513 0.26 0.1 0.190083333333
514 0.26 0.1 0.190416666667
515 0.26 0.1 0.192
516 0.26 0.1 0.193916666667
517 0.26 0.1 0.193916666667
518 0.26 0.1 0.195833333333
519 0.26 0.1 0.195833333333
520 0.26 0.1 0.19775
521 0.26 0.1 0.19775
522 0.26 0.1 0.199666666667
523 0.26 0.1 0.201583333333
524 0.26 0.1 0.201583333333
525 0.26 -2.77555756156e-17 0.201583333333
526 0.26 -2.77555756156e-17 0.201583333333
527 0.26 -0.05 0.198916666667
528 0.26 -0.1 0.193916666667
529 0.26 -0.1 0.18625
530 0.26 -0.1 0.178583333333
531 0.26 -0.1 0.170916666667
532 0.26 -0.05 0.159416666667
533 0.26 -2.77555756156e-17 0.15225
534 0.26 -2.77555756156e-17 0.147916666667
535 0.26 -2.77555756156e-17 0.144083333333
536 0.26 -2.77555756156e-17 0.14025
537 0.26 -2.77555756156e-17 0.136416666667
538 0.26 -2.77555756156e-17 0.132583333333
539 0.26 -2.77555756156e-17 0.12875
540 0.26 -2.77555756156e-17 0.124916666667
541 0.26 -2.77555756156e-17 0.121083333333
542 0.26 -2.77555756156e-17 0.11725
543 0.26 -2.77555756156e-17 0.113416666667
544 0.26 -2.77555756156e-17 0.109083333333
545 0.26 -2.77555756156e-17 0.104833333333
546 0.26 -2.77555756156e-17 0.101916666667
547 0.26 -2.77555756156e-17 0.1
548 0.26 -2.77555756156e-17 0.1
549 0.26 -2.77555756156e-17 0.1
550 0.26 -2.77555756156e-17 0.1
551 0.26 -2.77555756156e-17 0.1
552 0.26 -2.77555756156e-17 0.1
553 0.26 -2.77555756156e-17 0.1
554 0.26 -2.77555756156e-17 0.1
555 0.26 -2.77555756156e-17 0.1
556 0.26 -2.77555756156e-17 0.1
557 0.26 -2.77555756156e-17 0.1
558 0.26 -2.77555756156e-17 0.1
559 0.26 -2.77555756156e-17 0.1
560 0.26 -2.77555756156e-17 0.1
561 0.26 -2.77555756156e-17 0.1
562 0.26 -2.77555756156e-17 0.1
563 0.26 -2.77555756156e-17 0.1
564 0.26 -2.77555756156e-17 0.1
565 0.26 -2.77555756156e-17 0.1
566 0.26 -2.77555756156e-17 0.1
567 0.26 -2.77555756156e-17 0.1
568 0.26 -2.77555756156e-17 0.1
569 0.26 -2.77555756156e-17 0.1
570 0.26 -2.77555756156e-17 0.1
571 0.26 -2.77555756156e-17 0.1
572 0.26 -2.77555756156e-17 0.1
573 0.26 -2.77555756156e-17 0.1
574 0.26 -2.77555756156e-17 0.1
575 0.26 -2.77555756156e-17 0.1
576 0.26 -2.77555756156e-17 0.1
577 0.26 -2.77555756156e-17 0.1
578 0.26 -2.77555756156e-17 0.1
579 0.26 -2.77555756156e-17 0.1
580 0.26 -2.77555756156e-17 0.1
581 0.26 -2.77555756156e-17 0.1
582 0.26 -2.77555756156e-17 0.1
583 0.26 -2.77555756156e-17 0.1
584 0.26 -2.77555756156e-17 0.1
585 0.26 -2.77555756156e-17 0.1
586 0.26 -2.77555756156e-17 0.1
587 0.26 -2.77555756156e-17 0.1
588 0.26 -2.77555756156e-17 0.1
589 0.26 -2.77555756156e-17 0.1
590 0.26 -2.77555756156e-17 0.1
591 0.26 -2.77555756156e-17 0.1
