0 0.26 0.0 0.0320833333333
1 0.26 0.0 0.0316666666667
2 0.26 0.0 0.03125
3 0.26 0.0 0.03125
4 0.26 0.0 0.025
5 0.26 0.0 0.01875
6 0.26 0.0 0.00841666666667
7 0.26 0.0 0.00625
8 0.26 0.0 0.0
9 0.26 0.0 0.0
10 0.26 0.0 0.0
11 0.26 0.0 0.0
12 0.26 0.0 0.0
13 0.26 0.0 0.0
14 0.26 0.0 0.0
15 0.26 0.0 0.0
16 0.26 0.0 0.0
17 0.26 0.0 0.0
18 0.26 0.0 0.0
19 0.26 0.0 0.0
20 0.26 0.0 0.0
21 0.26 0.0 0.0
22 0.26 0.0 0.0
23 0.26 0.0 0.0
24 0.26 0.0 0.0
25 0.26 0.0 0.0
26 0.26 0.0 0.0
27 0.26 0.0 0.0
28 0.26 0.05 0.0
29 0.26 0.1 0.0
30 0.26 0.1 0.0
31 0.26 0.15 0.0
32 0.26 0.2 0.0
33 0.26 0.2 0.0
34 0.26 0.25 0.0
35 0.26 0.3 0.0
36 0.26 0.35 0.0
37 0.26 0.4 0.0
38 0.26 0.4 0.0
39 0.26 0.4 0.0
40 0.26 0.4 0.0
41 0.26 0.4 0.0
42 0.26 0.4 0.0
43 0.26 0.4 0.0
44 0.26 0.4 0.0
45 0.26 0.4 0.0
46 0.26 0.4 0.0
47 0.26 0.4 0.0
48 0.26 0.4 0.0
49 0.26 0.4 0.0
50 0.26 0.4 0.0
51 0.26 0.4 0.0
52 0.26 0.4 0.0
53 0.26 0.4 0.0
54 0.26 0.4 0.0
55 0.26 0.4 0.0
56 0.0 0.0 0.0
57 0.0 0.0 0.0
58 0.0 0.0 0.0
59 0.0 0.0 0.0
60 0.0 0.0 0.0
61 0.0 0.0 0.0
62 0.0 0.0 0.0
63 0.005 0.0 0.0
64 0.01 0.0 0.0
65 0.01 0.0 0.0
66 0.01 0.0 0.0
67 0.01 0.0 0.0
68 0.02 0.0 0.0
69 0.035 0.0 0.0
70 0.05 0.0 0.0
71 0.065 0.0 0.0
72 0.075 -0.05 0.0
73 0.08 -0.1 0.0
74 0.085 -0.1 0.0
75 0.09 -0.1 0.0
76 0.095 -0.1 0.0
77 0.105 -0.15 0.0
78 0.12 -0.3 0.0
79 0.12 -0.5 0.0
80 0.12 -0.65 0.0
81 0.12 -0.8 0.0
82 0.12 -0.95 0.0
83 0.12 -1.1 0.0
84 0.12 -1.2 0.0
85 0.12 -1.25 0.0
86 0.12 -1.3 0.0
87 0.12 -1.35 0.0
88 0.12 -1.4 0.0
89 0.12 -1.45 0.0
90 0.12 -1.5 0.0
91 0.0 0.0 0.0
92 0.0 0.0 0.0
93 0.0 0.0 0.0
94 0.0 0.0 0.0
95 0.0 0.0 0.0
96 0.005 0.0 0.0
97 0.01 0.0 0.0
98 0.01 0.0 0.0
99 0.01 0.0 0.0
100 0.01 0.0 0.0
101 0.01 0.0 0.0
102 0.025 0.0 0.0
103 0.045 0.0 0.0
104 0.06 0.0 0.0
105 0.075 0.0 0.0
106 0.09 0.0 0.0
107 0.105 0.0 0.0
108 0.12 0.0 0.0
109 0.14 0.0 0.0
110 0.155 0.0 0.0
111 0.17 0.0 0.0
112 0.185 0.0 0.0
113 0.2 0.0 0.0
114 0.215 0.0 0.0
115 0.235 0.0 0.0
116 0.25 0.0 0.0
117 0.26 0.0 0.0
118 0.26 0.0 0.0
119 0.26 0.0 0.0
120 0.26 0.0 0.0
121 0.26 0.0 0.0
122 0.26 0.0 0.0
123 0.26 0.0 0.0
124 0.26 0.0 0.0
125 0.26 0.0 0.0
126 0.26 0.0 0.0
127 0.26 0.0 0.0
128 0.26 0.0 0.0
129 0.26 0.0 0.0
130 0.26 -0.05 0.0
131 0.26 -0.1 0.0
132 0.26 -0.1 0.0
133 0.26 -0.15 0.0
134 0.26 -0.2 0.0
135 0.26 -0.2 0.0
136 0.26 -0.25 0.0
137 0.26 -0.3 0.0
138 0.26 -0.35 0.0
139 0.26 -0.4 0.0
140 0.26 -0.4 0.0
141 0.26 -0.4 0.0
142 0.26 -0.4 0.0
143 0.26 -0.4 0.0
144 0.26 -0.4 0.0
145 0.26 -0.4 0.04375
146 0.26 -0.4 0.10625
147 0.26 -0.4 0.16875
148 0.26 -0.4 0.23125
149 0.26 -0.4 0.29375
150 0.26 -0.4 0.35625
151 0.0 0.0 0.41875
152 0.0 0.0 0.4875
