0 0.26 0.0 0.0
1 0.26 0.0 0.0
2 0.26 0.15 0.0
3 0.26 0.2 0.0
4 0.26 0.25 0.0
5 0.26 0.3 0.0
6 0.26 0.4 0.0
7 0.26 0.5 0.0
8 0.26 0.5 0.1
9 0.26 0.5 0.3375
10 0.26 0.5 0.475
11 0.26 0.5 0.6625
12 0.26 0.5 0.615
13 0.26 0.5 0.475
14 0.26 0.5 0.3
15 0.26 0.5 0.205166666667
16 0.0 0.0 0.0
17 0.0 0.0 0.0
18 0.01 0.0 0.075
19 0.01 0.0 0.09825
20 0.03 0.0 0.0979166666667
21 0.07 0.0 0.0898333333333
22 0.105 0.0 0.0375
23 0.14 0.0 0.0
24 0.17 0.0 0.00625
25 0.195 0.0 0.0
26 0.225 0.0 0.0
27 0.26 0.0 0.0
28 0.26 0.0 0.0
29 0.26 0.0 0.0
30 0.26 0.0 0.0
31 0.26 0.0 0.0
32 0.26 0.0 0.0
33 0.26 0.0 0.0
34 0.26 0.0 0.0
35 0.26 0.0 0.0
36 0.26 0.0 0.0
37 0.26 0.0 0.0
38 0.26 0.0 0.0
39 0.26 0.0 0.0
40 0.26 0.0 0.0
41 0.26 0.0 0.0
42 0.26 0.0 0.0
43 0.26 0.0 0.0
44 0.26 0.0 0.0
45 0.26 0.0 0.0
46 0.26 0.0 0.0
47 0.26 0.0 0.0
48 0.26 0.0 0.0
49 0.26 0.0 0.0
50 0.26 0.0 0.0
51 0.26 0.0 0.0
52 0.26 0.0 0.0
53 0.26 0.0 0.0
54 0.26 0.0 0.0
55 0.26 -0.05 0.0
56 0.26 -0.1 0.0
57 0.26 -0.1 0.0
58 0.26 -0.1 0.0
59 0.26 -0.1 0.0
60 0.26 -0.1 0.0
61 0.26 -0.1 0.0
62 0.26 -0.1 0.0
63 0.26 -0.1 0.0
64 0.26 -0.1 0.0
65 0.26 -0.1 0.0
66 0.26 -0.1 0.0
67 0.26 -0.1 0.0
68 0.26 -0.1 0.0
69 0.26 0.0 0.0
70 0.26 0.0 0.0
71 0.26 0.0 0.0
72 0.26 0.0 0.0
73 0.26 0.0 0.0
74 0.26 0.0 0.0
75 0.26 0.0 0.0
76 0.26 0.0 0.0
77 0.26 0.0 0.0
78 0.26 0.0 0.0
79 0.26 -0.1 0.0
80 0.26 -0.15 0.0
81 0.26 -0.2 0.0
82 0.26 -0.2 0.0
83 0.26 -0.2 0.0
84 0.26 -0.2 0.0
85 0.26 -0.2 0.0
86 0.26 -0.2 0.0
87 0.26 -0.2 0.0
88 0.26 -0.25 0.0
89 0.26 -0.3 0.0
90 0.26 -0.3 0.0
91 0.26 -0.3 0.0
92 0.26 -0.3 0.0
93 0.26 -0.3 0.0
94 0.26 -0.3 0.0
95 0.26 -0.3 0.0
96 0.26 -0.3 0.0
97 0.26 -0.3 0.0
98 0.26 -0.3 0.0
99 0.26 -0.3 0.0
100 0.26 -0.3 0.0
101 0.26 -0.3 0.0
102 0.26 -0.3 0.0
103 0.26 -0.3 0.0
104 0.26 -0.3 0.0
105 0.26 -0.3 0.0
106 0.26 -0.3 0.0
107 0.26 -0.3 0.00166666666667
108 0.26 -0.3 0.0700833333333
109 0.26 -0.3 0.169416666667
110 0.26 -0.3 0.237833333333
111 0.26 -0.3 0.34375
112 0.26 -0.3 0.40625
113 0.26 -0.3 0.453083333333
114 0.26 -0.3 0.46125
115 0.26 -0.3 0.4485
116 0.26 -0.3 0.422333333333
117 0.26 -0.3 0.35075
118 0.26 -0.3 0.206833333333
119 0.26 -0.3 0.1225
120 0.26 -0.3 0.0300833333333
121 0.26 -0.2 0.0
122 0.0 0.0 0.0
123 0.0 0.0 0.0
124 0.0 0.0 1.0
125 0.0 0.0 1.0
126 0.0 0.0 1.0
127 0.0 0.0 1.0
128 -0.005 0.0 1.0
129 -0.01 0.0 1.0
130 -0.01 0.0 1.0
131 -0.04 0.0 1.0
132 -0.065 0.0 0.918583333333
133 -0.095 0.0 0.0678333333333
134 -0.105 0.0 0.0
135 -0.115 0.0 0.0
136 -0.13 0.1 0.0
137 -0.135 0.1 0.0
138 -0.145 0.1 0.0
139 -0.18 0.45 0.0
140 -0.18 0.65 0.023
141 -0.18 0.75 0.187333333333
142 -0.18 0.85 0.393416666667
143 -0.18 1.0 0.423583333333
144 -0.18 1.1 0.20625
145 -0.18 1.2 0.0
146 0.0 0.0 0.0
147 0.005 0.0 0.0
148 0.01 0.0 0.0
149 0.015 0.0 0.0
150 0.045 0.0 0.0
151 0.075 0.0 0.0
152 0.11 0.0 0.0
153 0.15 0.0 0.0
154 0.18 0.0 0.0
155 0.215 0.0 0.0
156 0.255 0.0 0.0
157 0.26 0.0 0.0
158 0.26 0.0 0.0
159 0.26 0.0 0.0
160 0.26 0.0 0.0
161 0.26 0.0 0.0
162 0.26 0.0 0.0
163 0.26 0.0 0.0
164 0.26 0.0 0.0
165 0.26 0.0 0.0
166 0.26 -0.1 0.0
167 0.26 -0.15 0.0
168 0.26 -0.2 0.0
169 0.26 -0.25 0.0
170 0.26 -0.3 0.0
171 0.26 -0.3 0.0
172 0.26 -0.3 0.0
173 0.26 -0.3 0.0
174 0.26 -0.3 0.0
175 0.26 -0.35 0.0
176 0.26 -0.4 0.0
177 0.26 -0.4 0.0
178 0.26 -0.4 0.0
179 0.26 -0.4 0.0978333333333
180 0.26 -0.4 0.11475
181 0.26 -0.4 0.1185
182 0.26 -0.4 0.112916666667
183 0.26 -0.4 0.107916666667
184 0.26 -0.4 0.189166666667
185 0.26 -0.4 0.1255
186 0.0 0.0 0.0
187 0.0 0.0 0.0
188 0.01 0.0 0.0
189 0.01 0.0 0.0
190 0.045 0.0 0.0
191 0.08 0.0 0.0
192 0.125 0.0 0.0
193 0.17 0.0 0.0
194 0.205 0.0 0.0
195 0.24 0.0 0.0
196 0.26 0.0 0.0
197 0.26 0.0 0.0
198 0.26 0.0 0.0
199 0.26 0.0 0.0
200 0.26 0.0 0.0
201 0.26 0.0 0.0
202 0.26 0.0 0.0
203 0.26 0.0 0.0
204 0.26 0.0 0.0
205 0.26 0.0 0.0
206 0.26 0.0 0.0
207 0.26 0.0 0.0
208 0.26 -0.05 0.0
209 0.26 -0.1 0.0
210 0.26 -0.1 0.0
211 0.26 -0.1 0.0
212 0.26 -0.1 0.0
213 0.26 -0.1 0.0
214 0.26 -0.1 0.0
215 0.26 -0.1 0.0
216 0.26 -0.1 0.0
217 0.26 -0.1 0.0
218 0.26 -0.1 0.0
219 0.26 -0.1 0.0
220 0.26 -0.1 0.0
221 0.26 -0.1 0.0
222 0.26 -0.1 0.0
223 0.26 -0.1 0.0
224 0.26 -0.1 0.0
225 0.26 -0.1 0.0
226 0.26 -0.1 0.0
227 0.26 -0.1 0.0
228 0.26 -0.1 0.0
229 0.26 -0.1 0.0
230 0.26 -0.1 0.0
231 0.26 -0.1 0.0
232 0.26 -0.1 0.0
233 0.26 -0.1 0.0
234 0.26 -0.1 0.0
235 0.26 -0.1 0.0
236 0.26 -0.1 0.0
237 0.26 -0.1 0.0
238 0.26 -0.1 0.0
239 0.26 -0.1 0.0
240 0.26 -0.1 0.0
241 0.26 -0.1 0.0
242 0.26 -0.1 0.0
243 0.26 -0.1 0.0
244 0.26 -0.1 0.0
245 0.26 -0.1 0.0
246 0.26 -0.1 0.0
247 0.26 -0.1 0.0
248 0.26 -0.1 0.0
249 0.26 -0.1 0.0
250 0.26 -0.1 0.0
251 0.26 -0.1 0.0
252 0.26 -0.1 0.0
253 0.26 -0.1 0.0
254 0.26 -0.1 0.0
255 0.26 -0.1 0.0
256 0.26 -0.1 0.0
257 0.26 -0.1 0.0
258 0.26 -0.1 0.0
259 0.26 -0.1 0.0
260 0.26 -0.1 0.0
261 0.26 -0.1 0.0
262 0.26 -0.1 0.0
263 0.26 -0.1 0.01875
264 0.26 -0.1 0.03125
265 0.26 -0.1 0.05625
266 0.26 -0.1 0.08125
267 0.26 -0.1 0.10625
268 0.26 -0.1 0.11875
269 0.26 -0.1 0.10625
270 0.26 -0.1 0.10625
271 0.26 -0.1 0.1
272 0.26 -0.1 0.0996666666667
273 0.26 -0.1 0.09375
274 0.26 -0.1 0.0875
275 0.26 -0.1 0.08125
276 0.26 -0.1 0.0750833333333
277 0.26 -0.1 0.0816666666667
278 0.26 -0.1 0.111916666667
279 0.26 -0.1 0.12525
280 0.26 -0.1 0.154083333333
281 0.26 -0.1 0.18125
282 0.26 -0.1 0.2125
283 0.26 -0.1 0.23125
284 0.26 -0.1 0.261666666667
285 0.26 -0.1 0.143166666667
286 0.26 -0.1 0.0630833333333
287 0.26 -0.1 0.0
288 0.26 -0.1 0.0
289 0.26 -0.1 0.0
290 0.26 -0.1 0.0
291 0.26 -0.1 0.0
