0 0.12 0.0 0.265416666667
1 0.145 0.0 0.262416666667
2 0.17 0.0 0.260916666667
3 0.19 0.0 0.258833333333
4 0.215 0.0 0.25825
5 0.22 0.0 0.25775
6 0.225 0.0 0.256333333333
7 0.235 0.0 0.255083333333
8 0.24 0.0 0.254416666667
9 0.245 0.0 0.253166666667
10 0.255 0.0 0.252583333333
11 0.26 -0.05 0.25125
12 0.26 -0.1 0.250166666667
13 0.26 -0.1 0.25
14 0.26 -0.1 0.251083333333
15 0.26 -0.1 0.251
16 0.26 -0.15 0.250416666667
17 0.26 -0.2 0.253583333333
18 0.26 -0.2 0.253416666667
19 0.26 -0.2 0.25225
20 0.26 -0.25 0.251333333333
21 0.26 -0.3 0.250916666667
22 0.26 -0.3 0.249583333333
23 0.26 -0.3 0.248833333333
24 0.26 -0.3 0.248916666667
25 0.26 -0.3 0.257666666667
26 0.26 -0.3 0.256083333333
27 0.26 -0.35 0.251916666667
28 0.26 -0.4 0.252666666667
29 0.26 -0.4 0.252
30 0.26 -0.4 0.251416666667
31 0.26 -0.4 0.25075
32 0.26 -0.4 0.257666666667
33 0.26 -0.4 0.270916666667
34 0.26 -0.4 0.264916666667
35 0.26 -0.4 0.25975
36 0.26 -0.4 0.259083333333
37 0.26 -0.4 0.257916666667
38 0.26 -0.4 0.256333333333
39 0.26 -0.4 0.260833333333
40 0.26 -0.4 0.273333333333
41 0.26 -0.4 0.271916666667
42 0.26 -0.4 0.271583333333
43 0.26 -0.4 0.270416666667
44 0.26 -0.4 0.269416666667
45 0.26 -0.4 0.268666666667
46 0.26 -0.4 0.27475
47 0.26 -0.4 0.289666666667
48 0.26 -0.4 0.291666666667
49 0.26 -0.35 0.291666666667
50 0.26 -0.3 0.291666666667
51 0.26 -0.25 0.291666666667
52 0.26 -0.2 0.291666666667
53 0.26 -0.1 0.291666666667
54 0.26 -0.05 0.291666666667
55 0.26 -2.77555756156e-17 0.291666666667
56 0.26 -2.77555756156e-17 0.291666666667
57 0.26 -2.77555756156e-17 0.291666666667
58 0.26 -2.77555756156e-17 0.291666666667
59 0.26 -2.77555756156e-17 0.291666666667
60 0.26 -2.77555756156e-17 0.291666666667
61 0.26 -2.77555756156e-17 0.291666666667
62 0.26 -2.77555756156e-17 0.291666666667
63 0.26 -2.77555756156e-17 0.291666666667
64 0.26 -2.77555756156e-17 0.291666666667
65 0.26 -2.77555756156e-17 0.291666666667
66 0.26 -2.77555756156e-17 0.291666666667
67 0.26 -2.77555756156e-17 0.291666666667
68 0.26 -2.77555756156e-17 0.291666666667
69 0.26 -2.77555756156e-17 0.291666666667
70 0.26 -2.77555756156e-17 0.291666666667
71 0.26 -2.77555756156e-17 0.291666666667
72 0.26 -2.77555756156e-17 0.291666666667
73 0.26 -2.77555756156e-17 0.291666666667
74 0.26 -2.77555756156e-17 0.291666666667
75 0.26 -2.77555756156e-17 0.291666666667
76 0.26 -2.77555756156e-17 0.291666666667
77 0.26 0.1 0.291666666667
78 0.26 0.1 0.291666666667
79 0.26 0.1 0.291666666667
80 0.26 0.1 0.291666666667
81 0.26 0.1 0.291666666667
82 0.26 0.1 0.291666666667
83 0.26 0.1 0.291666666667
84 0.26 0.1 0.291666666667
85 0.26 0.1 0.291666666667
86 0.26 0.1 0.291666666667
87 0.26 0.1 0.291666666667
88 0.26 0.1 0.291666666667
89 0.26 0.1 0.291666666667
90 0.26 0.1 0.291666666667
91 0.26 0.1 0.291666666667
92 0.26 0.1 0.291666666667
93 0.26 0.1 0.291666666667
94 0.26 0.1 0.291666666667
95 0.26 0.1 0.291666666667
96 0.26 0.1 0.291666666667
97 0.26 0.1 0.291666666667
98 0.26 0.1 0.291666666667
99 0.26 0.1 0.291666666667
100 0.26 0.1 0.291666666667
101 0.26 0.1 0.291666666667
102 0.26 0.1 0.291666666667
103 0.26 0.1 0.291666666667
104 0.26 0.1 0.291666666667
105 0.26 0.1 0.291666666667
106 0.26 0.1 0.291666666667
107 0.26 0.1 0.291666666667
108 0.26 0.1 0.291666666667
109 0.26 0.1 0.291666666667
110 0.26 0.1 0.291666666667
111 0.26 -2.77555756156e-17 0.291666666667
112 0.26 -2.77555756156e-17 0.291666666667
113 0.26 -2.77555756156e-17 0.291666666667
114 0.26 -2.77555756156e-17 0.291666666667
115 0.26 -2.77555756156e-17 0.291666666667
116 0.26 -2.77555756156e-17 0.291666666667
117 0.26 -2.77555756156e-17 0.291666666667
118 0.26 -2.77555756156e-17 0.291666666667
119 0.26 -2.77555756156e-17 0.2915
120 0.26 -2.77555756156e-17 0.291333333333
121 0.26 -2.77555756156e-17 0.290666666667
122 0.26 -2.77555756156e-17 0.2905
123 0.26 -2.77555756156e-17 0.290083333333
124 0.26 -2.77555756156e-17 0.2875
125 0.26 -2.77555756156e-17 0.283583333333
126 0.26 -2.77555756156e-17 0.283333333333
127 0.26 -2.77555756156e-17 0.2825
128 0.26 -2.77555756156e-17 0.282333333333
129 0.26 -2.77555756156e-17 0.28225
130 0.26 -2.77555756156e-17 0.28225
131 0.26 -2.77555756156e-17 0.2815
132 0.26 -2.77555756156e-17 0.28175
133 0.26 -2.77555756156e-17 0.282
134 0.26 -2.77555756156e-17 0.281916666667
135 0.26 -2.77555756156e-17 0.282666666667
136 0.26 -2.77555756156e-17 0.28225
137 0.26 -2.77555756156e-17 0.28275
138 0.26 -2.77555756156e-17 0.282666666667
139 0.26 -2.77555756156e-17 0.281416666667
140 0.26 -2.77555756156e-17 0.280666666667
141 0.26 -2.77555756156e-17 0.279666666667
142 0.26 -2.77555756156e-17 0.279083333333
143 0.26 -2.77555756156e-17 0.278333333333
144 0.26 -2.77555756156e-17 0.276666666667
145 0.26 -2.77555756156e-17 0.273833333333
146 0.26 -2.77555756156e-17 0.273666666667
147 0.26 -2.77555756156e-17 0.274166666667
148 0.26 -2.77555756156e-17 0.273833333333
149 0.26 -2.77555756156e-17 0.273833333333
150 0.26 -2.77555756156e-17 0.27425
151 0.26 -2.77555756156e-17 0.273666666667
152 0.26 -2.77555756156e-17 0.274083333333
153 0.26 -2.77555756156e-17 0.274166666667
154 0.26 -2.77555756156e-17 0.274
155 0.26 -2.77555756156e-17 0.273666666667
156 0.26 -2.77555756156e-17 0.273333333333
157 0.26 -2.77555756156e-17 0.273333333333
158 0.26 -2.77555756156e-17 0.270166666667
159 0.26 -2.77555756156e-17 0.267583333333
160 0.26 -2.77555756156e-17 0.266666666667
161 0.26 -2.77555756156e-17 0.26575
162 0.26 -2.77555756156e-17 0.264
163 0.26 -2.77555756156e-17 0.263083333333
164 0.26 -2.77555756156e-17 0.262333333333
165 0.26 -2.77555756156e-17 0.258083333333
166 0.26 -2.77555756156e-17 0.257333333333
167 0.26 -2.77555756156e-17 0.25675
168 0.26 -2.77555756156e-17 0.256333333333
169 0.26 -2.77555756156e-17 0.255916666667
170 0.26 -2.77555756156e-17 0.255333333333
171 0.26 -2.77555756156e-17 0.254833333333
172 0.26 -2.77555756156e-17 0.254083333333
173 0.26 -2.77555756156e-17 0.25425
174 0.26 -2.77555756156e-17 0.254833333333
175 0.26 -2.77555756156e-17 0.256333333333
176 0.26 -2.77555756156e-17 0.257666666667
177 0.26 -2.77555756156e-17 0.259
178 0.26 -2.77555756156e-17 0.259166666667
179 0.26 -2.77555756156e-17 0.257833333333
180 0.26 -2.77555756156e-17 0.253583333333
181 0.26 -2.77555756156e-17 0.251083333333
182 0.26 -2.77555756156e-17 0.250666666667
183 0.26 -2.77555756156e-17 0.250333333333
184 0.26 -2.77555756156e-17 0.251166666667
185 0.26 -2.77555756156e-17 0.250416666667
186 0.26 -2.77555756156e-17 0.249083333333
187 0.26 -2.77555756156e-17 0.247583333333
188 0.26 -2.77555756156e-17 0.247
189 0.26 -2.77555756156e-17 0.244
190 0.26 -2.77555756156e-17 0.241666666667
191 0.26 -2.77555756156e-17 0.24125
192 0.26 -2.77555756156e-17 0.23925
193 0.26 -2.77555756156e-17 0.238916666667
194 0.26 -2.77555756156e-17 0.237916666667
195 0.26 -2.77555756156e-17 0.2365
196 0.26 -2.77555756156e-17 0.2375
197 0.26 -2.77555756156e-17 0.235916666667
198 0.26 0.05 0.235666666667
199 0.26 0.1 0.235583333333
200 0.26 0.1 0.2345
201 0.26 0.2 0.235833333333
202 0.26 0.2 0.24075
203 0.26 0.3 0.24375
204 0.26 0.3 0.24475
205 0.26 0.3 0.244166666667
206 0.26 0.3 0.244083333333
207 0.26 0.3 0.24425
208 0.26 0.3 0.246
209 0.26 0.3 0.2555
210 0.26 0.3 0.260333333333
211 0.26 0.3 0.268333333333
212 0.26 0.3 0.269666666667
213 0.26 0.35 0.261166666667
214 0.26 0.4 0.249916666667
215 0.26 0.4 0.242833333333
216 0.26 0.4 0.243416666667
217 0.26 0.4 0.24575
218 0.26 0.4 0.2645
219 0.26 0.4 0.2645
220 0.26 0.4 0.265583333333
221 0.26 0.4 0.265
222 0.26 0.35 0.25775
223 0.26 0.3 0.251166666667
224 0.26 0.3 0.25125
225 0.26 0.3 0.2455
226 0.26 0.25 0.236166666667
227 0.26 0.2 0.236666666667
228 0.26 0.2 0.241166666667
229 0.26 0.2 0.247083333333
230 0.26 0.2 0.253666666667
231 0.26 0.2 0.2605
232 0.26 0.2 0.260833333333
233 0.26 0.2 0.260916666667
234 0.26 0.2 0.260666666667
235 0.26 0.2 0.260916666667
236 0.26 0.2 0.260166666667
237 0.26 0.2 0.259416666667
238 0.26 0.2 0.25925
239 0.26 0.25 0.2595
240 0.26 0.3 0.259083333333
241 0.26 0.3 0.259333333333
242 0.26 0.35 0.259166666667
243 0.26 0.4 0.258916666667
244 0.26 0.4 0.25925
245 0.26 0.4 0.2595
246 0.26 0.4 0.268916666667
247 0.26 0.4 0.2815
248 0.26 0.4 0.290833333333
249 0.26 0.4 0.291666666667
250 0.26 0.4 0.291666666667
251 0.26 0.4 0.291666666667
252 0.26 0.4 0.291666666667
253 0.26 0.4 0.291666666667
254 0.26 0.4 0.291666666667
255 0.26 0.4 0.291666666667
256 0.26 0.4 0.291666666667
257 0.26 0.4 0.291666666667
258 0.26 0.4 0.291666666667
259 0.26 0.4 0.291666666667
260 0.26 0.4 0.291666666667
261 0.26 0.4 0.291666666667
262 0.26 0.4 0.28325
263 0.26 0.4 0.269333333333
264 0.26 0.4 0.257166666667
265 0.26 0.4 0.251666666667
266 0.26 0.3 0.251
267 0.26 0.3 0.2485
268 0.26 0.3 0.246
269 0.26 0.25 0.243666666667
270 0.26 0.2 0.233916666667
271 0.26 0.2 0.2305
272 0.26 0.15 0.229333333333
273 0.26 0.1 0.228416666667
274 0.26 0.05 0.227583333333
275 0.26 2.77555756156e-17 0.225
276 0.26 2.77555756156e-17 0.223083333333
277 0.26 2.77555756156e-17 0.2235
278 0.26 2.77555756156e-17 0.222333333333
279 0.26 2.77555756156e-17 0.222333333333
280 0.26 2.77555756156e-17 0.221833333333
281 0.26 2.77555756156e-17 0.221583333333
282 0.26 2.77555756156e-17 0.221416666667
283 0.26 2.77555756156e-17 0.223166666667
284 0.26 2.77555756156e-17 0.22175
285 0.26 2.77555756156e-17 0.22275
286 0.26 2.77555756156e-17 0.223083333333
287 0.26 2.77555756156e-17 0.223916666667
288 0.26 2.77555756156e-17 0.223333333333
289 0.26 2.77555756156e-17 0.223583333333
290 0.26 2.77555756156e-17 0.2235
291 0.26 2.77555756156e-17 0.2225
292 0.26 2.77555756156e-17 0.221916666667
293 0.26 2.77555756156e-17 0.222083333333
294 0.26 2.77555756156e-17 0.22175
295 0.26 2.77555756156e-17 0.221416666667
296 0.26 2.77555756156e-17 0.222666666667
297 0.26 2.77555756156e-17 0.2225
298 0.26 2.77555756156e-17 0.222833333333
299 0.26 2.77555756156e-17 0.224583333333
300 0.26 2.77555756156e-17 0.224916666667
301 0.26 2.77555756156e-17 0.226
302 0.26 2.77555756156e-17 0.226666666667
303 0.26 2.77555756156e-17 0.226916666667
304 0.26 2.77555756156e-17 0.22825
305 0.26 2.77555756156e-17 0.23075
306 0.26 2.77555756156e-17 0.234416666667
307 0.26 2.77555756156e-17 0.237
308 0.26 2.77555756156e-17 0.239833333333
309 0.26 2.77555756156e-17 0.2425
310 0.26 2.77555756156e-17 0.244333333333
311 0.26 2.77555756156e-17 0.2465
312 0.26 2.77555756156e-17 0.249833333333
313 0.26 2.77555756156e-17 0.25125
314 0.26 2.77555756156e-17 0.25325
315 0.26 2.77555756156e-17 0.25575
316 0.26 2.77555756156e-17 0.258666666667
317 0.26 2.77555756156e-17 0.259083333333
318 0.26 2.77555756156e-17 0.259833333333
319 0.26 2.77555756156e-17 0.2635
320 0.26 2.77555756156e-17 0.2625
321 0.26 2.77555756156e-17 0.26325
322 0.26 2.77555756156e-17 0.265416666667
323 0.26 2.77555756156e-17 0.26625
324 0.26 2.77555756156e-17 0.269166666667
325 0.26 2.77555756156e-17 0.269916666667
326 0.26 2.77555756156e-17 0.270583333333
327 0.26 2.77555756156e-17 0.2705
328 0.26 2.77555756156e-17 0.271166666667
329 0.26 2.77555756156e-17 0.272583333333
330 0.26 2.77555756156e-17 0.272333333333
331 0.26 2.77555756156e-17 0.276083333333
332 0.26 2.77555756156e-17 0.28
333 0.26 2.77555756156e-17 0.281416666667
334 0.26 2.77555756156e-17 0.283083333333
335 0.26 2.77555756156e-17 0.283416666667
336 0.26 2.77555756156e-17 0.283333333333
337 0.26 2.77555756156e-17 0.28325
338 0.26 2.77555756156e-17 0.2845
339 0.26 2.77555756156e-17 0.2855
340 0.26 2.77555756156e-17 0.288583333333
341 0.26 2.77555756156e-17 0.2905
342 0.26 2.77555756156e-17 0.291416666667
343 0.26 2.77555756156e-17 0.291666666667
344 0.26 2.77555756156e-17 0.291666666667
345 0.26 2.77555756156e-17 0.291666666667
346 0.26 2.77555756156e-17 0.291666666667
347 0.26 2.77555756156e-17 0.291666666667
348 0.26 2.77555756156e-17 0.291666666667
349 0.26 2.77555756156e-17 0.291666666667
350 0.26 2.77555756156e-17 0.291666666667
351 0.26 2.77555756156e-17 0.291666666667
352 0.26 2.77555756156e-17 0.291666666667
353 0.26 2.77555756156e-17 0.291666666667
354 0.26 0.1 0.291666666667
355 0.26 0.1 0.291666666667
356 0.26 0.1 0.291666666667
357 0.26 0.1 0.291666666667
358 0.26 0.1 0.291666666667
359 0.26 0.1 0.291666666667
360 0.26 0.1 0.291666666667
361 0.26 0.05 0.291666666667
362 0.26 2.77555756156e-17 0.291666666667
363 0.26 2.77555756156e-17 0.291666666667
364 0.26 2.77555756156e-17 0.291666666667
365 0.26 2.77555756156e-17 0.291666666667
366 0.26 2.77555756156e-17 0.291666666667
367 0.26 2.77555756156e-17 0.291666666667
368 0.26 2.77555756156e-17 0.291666666667
369 0.26 2.77555756156e-17 0.291666666667
370 0.26 2.77555756156e-17 0.291666666667
371 0.26 2.77555756156e-17 0.291666666667
372 0.26 2.77555756156e-17 0.291666666667
373 0.26 2.77555756156e-17 0.291666666667
374 0.26 2.77555756156e-17 0.291666666667
375 0.26 2.77555756156e-17 0.291666666667
376 0.26 2.77555756156e-17 0.291666666667
377 0.26 2.77555756156e-17 0.291666666667
378 0.26 2.77555756156e-17 0.291666666667
379 0.26 2.77555756156e-17 0.291666666667
380 0.26 2.77555756156e-17 0.291666666667
381 0.26 2.77555756156e-17 0.291666666667
382 0.26 2.77555756156e-17 0.291666666667
383 0.26 2.77555756156e-17 0.291666666667
384 0.26 2.77555756156e-17 0.291666666667
385 0.26 2.77555756156e-17 0.291666666667
386 0.26 2.77555756156e-17 0.291666666667
387 0.26 2.77555756156e-17 0.291666666667
388 0.26 2.77555756156e-17 0.291666666667
389 0.26 2.77555756156e-17 0.291666666667
390 0.26 2.77555756156e-17 0.291666666667
391 0.26 2.77555756156e-17 0.291666666667
392 0.26 2.77555756156e-17 0.291666666667
393 0.26 2.77555756156e-17 0.291666666667
394 0.26 2.77555756156e-17 0.291666666667
395 0.26 2.77555756156e-17 0.291666666667
396 0.26 2.77555756156e-17 0.291666666667
397 0.26 2.77555756156e-17 0.291666666667
398 0.26 2.77555756156e-17 0.291666666667
399 0.26 2.77555756156e-17 0.291666666667
400 0.26 2.77555756156e-17 0.291666666667
401 0.26 2.77555756156e-17 0.291666666667
402 0.26 2.77555756156e-17 0.291666666667
403 0.26 2.77555756156e-17 0.291666666667
404 0.26 2.77555756156e-17 0.291666666667
405 0.26 2.77555756156e-17 0.291666666667
406 0.26 2.77555756156e-17 0.291666666667
407 0.26 2.77555756156e-17 0.291666666667
408 0.26 2.77555756156e-17 0.291666666667
409 0.26 2.77555756156e-17 0.291666666667
410 0.26 2.77555756156e-17 0.291666666667
411 0.26 2.77555756156e-17 0.291666666667
412 0.26 2.77555756156e-17 0.291666666667
413 0.26 2.77555756156e-17 0.291666666667
414 0.26 2.77555756156e-17 0.291666666667
415 0.26 2.77555756156e-17 0.291666666667
416 0.26 2.77555756156e-17 0.291666666667
417 0.26 2.77555756156e-17 0.291666666667
418 0.26 2.77555756156e-17 0.291666666667
419 0.26 2.77555756156e-17 0.291666666667
420 0.26 2.77555756156e-17 0.291666666667
421 0.26 2.77555756156e-17 0.291666666667
422 0.26 2.77555756156e-17 0.291666666667
423 0.26 2.77555756156e-17 0.291666666667
424 0.26 2.77555756156e-17 0.291666666667
425 0.26 2.77555756156e-17 0.291666666667
426 0.26 2.77555756156e-17 0.291666666667
427 0.26 2.77555756156e-17 0.291666666667
428 0.26 2.77555756156e-17 0.291666666667
429 0.26 2.77555756156e-17 0.291666666667
430 0.26 2.77555756156e-17 0.291666666667
431 0.26 2.77555756156e-17 0.291666666667
432 0.26 0.05 0.291666666667
433 0.26 0.1 0.291666666667
434 0.26 0.1 0.291666666667
435 0.26 0.1 0.291666666667
436 0.26 0.1 0.291666666667
437 0.26 0.1 0.291666666667
438 0.26 0.1 0.291666666667
439 0.26 0.1 0.291666666667
440 0.26 0.1 0.291666666667
441 0.26 0.1 0.291666666667
442 0.26 0.1 0.291666666667
443 0.26 0.1 0.291666666667
444 0.26 0.1 0.291666666667
445 0.26 0.1 0.291666666667
446 0.26 0.1 0.291666666667
447 0.26 0.1 0.291666666667
448 0.26 0.1 0.291666666667
449 0.26 0.1 0.291666666667
450 0.26 0.1 0.291666666667
451 0.26 0.1 0.291666666667
452 0.26 0.1 0.291666666667
453 0.26 0.1 0.291666666667
454 0.26 0.05 0.291666666667
455 0.26 2.77555756156e-17 0.291666666667
456 0.26 2.77555756156e-17 0.291666666667
457 0.26 2.77555756156e-17 0.291666666667
458 0.26 2.77555756156e-17 0.291666666667
459 0.26 2.77555756156e-17 0.291666666667
460 0.26 2.77555756156e-17 0.291666666667
461 0.26 2.77555756156e-17 0.291666666667
462 0.26 2.77555756156e-17 0.291666666667
463 0.26 2.77555756156e-17 0.291666666667
464 0.26 2.77555756156e-17 0.291666666667
465 0.26 2.77555756156e-17 0.291666666667
466 0.26 2.77555756156e-17 0.291666666667
467 0.26 2.77555756156e-17 0.291666666667
468 0.26 2.77555756156e-17 0.291666666667
469 0.26 2.77555756156e-17 0.291666666667
470 0.26 2.77555756156e-17 0.291666666667
471 0.26 2.77555756156e-17 0.291666666667
472 0.26 2.77555756156e-17 0.291666666667
473 0.26 2.77555756156e-17 0.291666666667
474 0.26 2.77555756156e-17 0.291666666667
475 0.26 2.77555756156e-17 0.291666666667
476 0.26 2.77555756156e-17 0.291666666667
477 0.26 2.77555756156e-17 0.291666666667
478 0.26 2.77555756156e-17 0.291666666667
479 0.26 2.77555756156e-17 0.291666666667
480 0.26 2.77555756156e-17 0.291666666667
481 0.26 2.77555756156e-17 0.291666666667
482 0.26 2.77555756156e-17 0.291666666667
483 0.26 2.77555756156e-17 0.291666666667
484 0.26 2.77555756156e-17 0.291666666667
485 0.26 2.77555756156e-17 0.291666666667
486 0.26 2.77555756156e-17 0.291666666667
487 0.26 2.77555756156e-17 0.291666666667
488 0.26 2.77555756156e-17 0.291666666667
489 0.26 2.77555756156e-17 0.291666666667
490 0.26 2.77555756156e-17 0.291666666667
491 0.26 2.77555756156e-17 0.291666666667
492 0.26 2.77555756156e-17 0.291666666667
493 0.26 2.77555756156e-17 0.291666666667
494 0.26 2.77555756156e-17 0.291666666667
495 0.26 2.77555756156e-17 0.291666666667
496 0.26 2.77555756156e-17 0.291666666667
497 0.26 2.77555756156e-17 0.291666666667
498 0.26 2.77555756156e-17 0.291666666667
499 0.26 2.77555756156e-17 0.291666666667
500 0.26 0.05 0.291666666667
501 0.26 0.1 0.291666666667
502 0.26 0.2 0.291666666667
503 0.26 0.2 0.291666666667
504 0.26 0.2 0.291666666667
505 0.26 0.2 0.291666666667
506 0.26 0.2 0.291666666667
507 0.26 0.2 0.291666666667
508 0.26 0.2 0.291666666667
509 0.26 0.2 0.291666666667
510 0.26 0.2 0.291666666667
511 0.26 0.2 0.291666666667
512 0.26 0.2 0.291666666667
513 0.26 0.2 0.291666666667
514 0.26 0.2 0.288166666667
515 0.26 0.2 0.284
516 0.26 0.2 0.280166666667
517 0.26 0.2 0.274416666667
518 0.26 0.2 0.270583333333
519 0.26 0.2 0.26675
520 0.26 0.2 0.261
521 0.26 0.2 0.25525
522 0.26 0.2 0.2495
523 0.26 0.2 0.245666666667
524 0.26 0.2 0.239916666667
525 0.26 0.2 0.234166666667
526 0.26 0.2 0.228416666667
527 0.26 0.2 0.222666666667
528 0.26 0.2 0.216916666667
529 0.26 0.2 0.207333333333
530 0.26 0.2 0.199666666667
531 0.26 0.2 0.19025
532 0.26 0.2 0.181416666667
533 0.26 0.2 0.167083333333
534 0.26 0.15 0.149833333333
535 0.26 0.1 0.129166666667
536 0.26 0.1 0.1
537 0.26 2.77555756156e-17 0.1
538 0.26 2.77555756156e-17 0.1
539 0.26 -0.1 0.1
540 0.26 -0.1 0.1
541 0.26 -0.2 0.1
542 0.26 -0.2 0.1
543 0.26 -0.2 0.1
544 0.26 -0.2 0.1
545 0.26 -0.2 0.1
546 0.26 -0.2 0.1
547 0.26 -0.2 0.1
548 0.26 -0.2 0.1
549 0.26 -0.2 0.1
550 0.26 -0.2 0.1
551 0.26 -0.2 0.1
552 0.26 -0.2 0.1
553 0.26 -0.2 0.1
554 0.26 -0.2 0.1
555 0.26 -0.2 0.1
556 0.26 -0.2 0.1
557 0.26 -0.2 0.1
558 0.26 -0.2 0.1
559 0.26 -0.2 0.1
560 0.26 -0.2 0.1
561 0.26 -0.2 0.1
562 0.26 -0.2 0.1
563 0.26 -0.1 0.1
564 0.26 -0.1 0.1
565 0.26 -0.1 0.1
566 0.26 -0.05 0.1
567 0.26 2.77555756156e-17 0.1
568 0.26 2.77555756156e-17 0.1
569 0.26 2.77555756156e-17 0.1
570 0.26 2.77555756156e-17 0.1
571 0.26 2.77555756156e-17 0.1
572 0.26 2.77555756156e-17 0.1
573 0.26 2.77555756156e-17 0.1
574 0.26 2.77555756156e-17 0.1
575 0.26 2.77555756156e-17 0.1
576 0.26 2.77555756156e-17 0.1
577 0.26 2.77555756156e-17 0.1
578 0.26 2.77555756156e-17 0.1
579 0.26 2.77555756156e-17 0.1
580 0.26 2.77555756156e-17 0.1
581 0.26 2.77555756156e-17 0.1
582 0.26 2.77555756156e-17 0.1
583 0.26 2.77555756156e-17 0.1
584 0.26 2.77555756156e-17 0.1
585 0.26 2.77555756156e-17 0.1
586 0.26 2.77555756156e-17 0.1
587 0.26 2.77555756156e-17 0.1
588 0.26 2.77555756156e-17 0.1
