0 0.26 0.0 0.076
1 0.26 0.0 0.18125
2 0.26 0.0 0.19375
3 0.26 0.0 0.19375
4 0.26 0.0 0.1875
5 0.26 0.0 0.18125
6 0.26 0.05 0.175
7 0.26 0.1 0.175
8 0.26 0.2 0.197166666667
9 0.26 0.25 0.24375
10 0.26 0.35 0.30625
11 0.26 0.4 0.39375
12 0.26 0.5 0.50625
13 0.26 0.55 0.64375
14 0.26 0.6 0.65
15 0.26 0.6 0.4875
16 0.26 0.6 0.325
17 0.26 0.6 0.1625
18 0.26 0.6 0.0
19 0.26 0.6 0.0
20 0.26 0.6 0.0
21 0.26 0.6 0.0
22 0.26 0.6 0.0
23 0.26 0.6 0.0
24 0.26 0.6 0.0
25 0.26 0.6 0.0
26 0.0 0.0 0.0
27 0.0 0.0 0.0
28 0.0 0.0 0.0
29 0.0 0.0 0.0
30 0.0 -0.05 0.0
31 0.0 -0.1 0.0
32 0.0 -0.1 0.0
33 0.0 -0.15 0.0
34 0.0 -0.4 0.0
35 0.0 -0.65 0.0
36 0.0 -0.75 0.0
37 0.0 0.0 0.0
38 0.0 0.0 0.0
39 0.005 0.0 0.0
40 0.01 0.0 0.0
41 0.01 0.0 0.0
42 0.02 0.0 0.0
43 0.05 0.0 0.0
44 0.075 0.0 0.0
45 0.105 0.0 0.0
46 0.135 0.0 0.0
47 0.16 0.0 0.0
48 0.19 0.0 0.0
49 0.22 0.0 0.0
50 0.25 0.0 0.0
51 0.26 0.0 0.0
52 0.26 0.0 0.0
53 0.26 0.0 0.0
54 0.26 0.0 0.0
55 0.26 0.0 0.0
56 0.26 0.0 0.0
57 0.26 0.0 0.0
58 0.26 0.0 0.0
59 0.26 0.0 0.0
60 0.26 0.0 0.0
61 0.26 0.0 0.0
62 0.26 0.0 0.0
63 0.26 0.0 0.0
64 0.26 0.0 0.0
65 0.26 0.0 0.0
66 0.26 0.0 0.0
67 0.26 0.0 0.0
68 0.26 0.0 0.0
69 0.26 0.0 0.0
70 0.26 0.0 0.0
71 0.26 0.0 0.0
72 0.26 0.0 0.0
73 0.26 0.0 0.0
74 0.26 0.0 0.0
75 0.26 0.0 0.0
76 0.26 0.0 0.0
77 0.26 0.0 0.0
78 0.26 0.0 0.0
79 0.26 0.0 0.0
80 0.26 0.0 0.0
81 0.26 0.0 0.0
82 0.26 0.0 0.0
83 0.26 0.0 0.0
84 0.26 0.0 0.0
85 0.26 0.0 0.0
86 0.26 0.0 0.0
87 0.26 0.0 0.0
88 0.26 -0.05 0.0
89 0.26 -0.1 0.0
90 0.26 -0.1 0.0
91 0.26 -0.1 0.0
92 0.26 -0.1 0.0
93 0.26 -0.2 0.0
94 0.26 -0.2 0.0
95 0.26 -0.2 0.0
96 0.26 -0.2 0.0
97 0.26 -0.2 0.0
98 0.26 -0.2 0.0
99 0.26 -0.2 0.0
100 0.26 -0.2 0.0
101 0.26 -0.2 0.0
102 0.26 -0.2 0.0
103 0.26 -0.2 0.0
104 0.26 -0.2 0.0
105 0.26 -0.2 0.0
106 0.26 -0.25 0.0
107 0.26 -0.3 0.0
108 0.26 -0.3 0.0
109 0.26 -0.3 0.0
110 0.26 -0.4 0.0
111 0.26 -0.4 0.0
112 0.26 -0.4 0.0
113 0.26 -0.4 0.0
114 0.26 -0.4 0.0
115 0.26 -0.4 0.0
116 0.26 -0.4 0.0
117 0.26 -0.4 0.0
118 0.26 -0.4 0.0
119 0.26 -0.4 0.0
120 0.26 -0.4 0.0
121 0.0 0.0 0.09375
122 0.0 0.0 0.1
123 0.005 0.0 0.01875
124 0.01 0.0 0.0
125 0.01 0.0 0.0
126 0.01 0.0 0.0
127 0.04 0.0 0.0
128 0.065 0.0 0.0
129 0.095 -0.05 0.0
130 0.1 -0.1 0.0
131 0.115 -0.2 0.0
132 0.125 -0.2 0.0
133 0.135 -0.2 0.0
134 0.14 -0.2 0.0
135 0.155 -0.2 0.0
136 0.18 -0.2 0.0
137 0.205 -0.2 0.0
138 0.235 -0.2 0.0
139 0.25 -0.2 0.0
140 0.26 -0.15 0.0
141 0.26 -0.1 0.0
142 0.26 -0.1 0.00625
143 0.26 -0.1 0.025
144 0.26 -0.1 0.05
145 0.26 -0.1 0.08125
146 0.26 -0.1 0.10625
147 0.26 -0.1 0.13125
148 0.26 -0.1 0.15625
149 0.26 -0.1 0.18125
150 0.26 -0.1 0.20625
151 0.26 -0.1 0.23125
152 0.26 -0.1 0.25625
153 0.26 -0.1 0.28125
154 0.26 -0.1 0.30625
155 0.26 -0.1 0.33125
156 0.26 -0.1 0.3625
157 0.26 -0.1 0.3875
158 0.26 -0.1 0.4125
159 0.26 -0.05 0.44375
160 0.26 0.0 0.4625
161 0.26 0.0 0.46875
162 0.26 0.0 0.46875
163 0.26 0.0 0.46875
164 0.26 0.0 0.475
165 0.26 0.0 0.475
166 0.26 0.0 0.475
167 0.26 0.0 0.475
168 0.26 0.0 0.475
169 0.26 0.0 0.48125
170 0.26 0.0 0.48125
171 0.26 0.0 0.48125
172 0.26 0.0 0.48125
173 0.26 0.0 0.48125
174 0.26 0.0 0.48125
175 0.26 0.0 0.4875
176 0.26 0.0 0.4875
177 0.26 0.0 0.4875
178 0.26 0.0 0.4875
179 0.26 0.0 0.4875
180 0.26 0.0 0.49375
181 0.26 -0.05 0.49375
182 0.26 -0.15 0.5
183 0.26 -0.2 0.5375
