0 0.26 0.0 0.75
1 0.26 0.0 0.0316666666667
2 0.26 0.0 0.05
3 0.26 0.0 0.09375
4 0.26 0.0 0.101583333333
5 0.26 0.0 0.09375
6 0.26 0.0 0.09375
7 0.26 0.0 0.0875
8 0.26 0.0 0.08125
9 0.26 0.0 0.075
10 0.26 0.0 0.06875
11 0.26 0.0 0.0625
12 0.26 0.0 0.05625
13 0.26 0.0 0.04375
14 0.26 0.0 0.0375
15 0.26 0.0 0.03125
16 0.26 0.0 0.01875
17 0.26 0.0 0.0125
18 0.26 0.0 0.00625
19 0.26 0.0 0.0
20 0.26 0.0 0.0
21 0.26 0.0 0.0
22 0.26 0.0 0.0
23 0.26 0.0 0.0
24 0.26 0.0 0.0
25 0.26 0.0 0.0
26 0.26 0.0 0.0
27 0.26 0.0 0.0
28 0.26 0.0 0.0
29 0.26 0.0 0.0
30 0.26 0.0 0.0
31 0.26 -0.05 0.0
32 0.26 -0.1 0.0
33 0.26 -0.15 0.0
34 0.26 -0.2 0.0
35 0.26 -0.2 0.0
36 0.26 -0.25 0.0
37 0.26 -0.3 0.0
38 0.26 -0.35 0.0
39 0.26 -0.4 0.0
40 0.26 -0.4 0.0
41 0.26 -0.4 0.0
42 0.26 -0.4 0.0
43 0.26 -0.4 0.0
44 0.26 -0.4 0.0
45 0.26 -0.4 0.0
46 0.26 -0.4 0.0
47 0.26 -0.4 0.0
48 0.26 -0.4 0.0
49 0.26 -0.4 0.0
50 0.26 -0.4 0.0
51 0.26 -0.4 0.0
52 0.26 -0.4 0.0
53 0.26 -0.4 0.0
54 0.26 -0.4 0.0
55 0.26 -0.4 0.0
56 0.26 -0.4 0.0
57 0.0 0.0 0.0
58 0.0 0.0 0.0
59 0.0 0.0 0.0
60 0.0 0.0 0.0
61 0.0 0.0 0.0
62 0.0 0.0 0.0
63 0.0 0.0 0.0
64 0.0 0.0 0.0
65 0.0 0.0 0.0
66 0.0 0.0 0.0
67 0.005 0.0 0.0
68 0.01 0.0 0.0
69 0.01 0.0 0.0
70 0.01 0.0 0.0
71 0.01 0.0 0.0
72 0.02 0.0 0.0
73 0.04 0.0 0.0
74 0.055 0.0 0.0
75 0.07 0.0 0.0
76 0.09 0.0 0.0
77 0.105 0.0 0.0
78 0.12 0.0 0.0
79 0.135 0.0 0.0
80 0.15 0.0 0.0
81 0.17 0.0 0.0
82 0.185 0.0 0.0
83 0.205 0.0 0.0
84 0.22 0.0 0.0
85 0.24 0.0 0.0
86 0.255 0.0 0.0
87 0.26 0.0 0.0
88 0.26 0.0 0.0
89 0.26 0.0 0.0
90 0.26 0.0 0.0
91 0.26 0.0 0.0
92 0.26 0.0 0.0
93 0.26 0.0 0.0
94 0.26 0.05 0.0
95 0.26 0.1 0.0
96 0.26 0.15 0.0
97 0.26 0.2 0.0
98 0.26 0.25 0.0
99 0.26 0.3 0.0
100 0.26 0.35 0.0
101 0.26 0.35 0.0
102 0.26 0.4 0.0
103 0.26 0.45 0.0
104 0.26 0.5 0.0
105 0.26 0.5 0.0
106 0.26 0.5 0.0
107 0.26 0.5 0.0
108 0.26 0.5 0.0
109 0.26 0.5 0.0
110 0.26 0.5 0.0
111 0.26 0.5 0.0
112 0.26 0.5 0.0
113 0.26 0.5 0.0
114 0.26 0.5 0.0
115 0.26 0.5 0.0
116 0.26 0.5 0.0
117 0.26 0.5 0.09375
118 0.26 0.5 0.175
119 0.26 0.5 0.25625
120 0.26 0.5 0.325
121 0.0 0.0 0.40625
122 0.0 0.0 0.48475
123 0.0 0.0 0.525
124 0.0 0.0 0.512416666667
125 0.0 0.0 0.4625
126 0.0 0.0 0.4
127 0.0 0.05 0.3625
128 0.0 0.1 0.34375
129 0.0 0.1 0.35
130 0.0 0.1 0.3625
131 0.0 0.1 0.379416666667
132 0.0 0.15 0.39375
133 0.0 0.3 0.40625
134 0.0 0.5 0.43775
135 0.0 0.65 0.5
136 0.0 0.75 0.575
137 0.0 0.8 0.6875
138 0.0 0.85 0.75
139 0.0 0.0 0.75
140 0.0 0.0 0.75
141 0.0 0.0 0.75
142 0.005 0.0 0.75
143 0.01 0.0 0.75
144 0.01 0.0 0.75
145 0.01 0.0 0.75
146 0.01 0.0 0.75
147 0.02 0.0 0.75
148 0.035 0.0 0.75
149 0.05 0.0 0.75
