0 0.26 0.0 0.0
1 0.26 0.0 0.0
2 0.26 0.0 0.0
3 0.26 0.0 0.0
4 0.26 0.0 0.0
5 0.26 0.0 0.0
6 0.26 0.0 0.0
7 0.26 0.0 0.0
8 0.26 0.0 0.0
9 0.26 0.0 0.0
10 0.26 -0.1 0.0
11 0.26 -0.1 0.0
12 0.26 -0.2 0.0
13 0.26 -0.25 0.0
14 0.26 -0.3 0.0
15 0.26 -0.35 0.0
16 0.26 -0.4 0.0
17 0.26 -0.5 0.0625
18 0.26 -0.5 0.225
19 0.26 -0.5 0.2625
20 0.26 -0.5 0.2875
21 0.26 -0.5 0.31175
22 0.26 -0.5 0.16875
23 0.0 0.0 0.0
24 0.0 0.0 0.0
25 0.005 0.0 0.0
26 0.01 0.0 0.0
27 0.01 0.0 0.0
28 0.02 0.0 0.0
29 0.045 0.0 0.0
30 0.07 0.0 0.0
31 0.095 0.0 0.0
32 0.125 0.0 0.0
33 0.15 0.0 0.0
34 0.175 0.0 0.0
35 0.2 0.0 0.0
36 0.23 0.0 0.0
37 0.255 0.0 0.0
38 0.26 0.0 0.0
39 0.26 0.05 0.0
40 0.26 0.1 0.0
41 0.26 0.15 0.0
42 0.26 0.2 0.0
43 0.26 0.25 0.0
44 0.26 0.3 0.0
45 0.26 0.4 0.0
46 0.26 0.4 0.0
47 0.26 0.4 0.00625
48 0.26 0.4 0.125
49 0.26 0.4 0.23125
50 0.26 0.4 0.325
51 0.26 0.4 0.318666666667
52 0.26 0.4 0.30625
53 0.26 0.4 0.3
54 0.26 0.4 0.2625
55 0.0 0.0 0.15
56 0.0 0.0 0.01875
57 0.005 0.0 0.15625
58 0.01 0.0 0.2625
59 0.01 0.0 0.25
60 0.02 0.0 0.24375
61 0.045 0.0 0.21875
62 0.075 0.0 0.21875
63 0.105 0.0 0.21875
64 0.12 -0.1 0.21875
65 0.13 -0.1 0.24375
66 0.135 -0.1 0.25
67 0.16 -0.35 0.25625
68 0.165 -0.4 0.2625
69 0.175 -0.5 0.26875
70 0.0 0.0 0.2875
71 0.0 0.0 0.23125
72 0.01 0.0 0.1375
73 0.01 0.0 0.13125
74 0.01 0.0 0.13125
75 0.03 0.0 0.13125
76 0.055 0.0 0.13125
77 0.085 0.0 0.13125
78 0.115 0.0 0.13125
79 0.14 0.0 0.125
80 0.17 0.0 0.13125
81 0.195 0.0 0.125
82 0.225 0.0 0.125
83 0.255 0.0 0.117083333333
84 0.26 0.0 0.1125
85 0.26 0.0 0.10625
86 0.26 0.0 0.1
87 0.26 0.0 0.09375
88 0.26 0.0 0.0875
89 0.26 0.0 0.08125
90 0.26 0.0 0.075
91 0.26 0.0 0.06875
92 0.26 0.0 0.0625
93 0.26 0.0 0.05625
94 0.26 0.0 0.05
95 0.26 0.0 0.04375
96 0.26 0.0 0.0375
97 0.26 0.0 0.0251666666667
98 0.26 0.0 0.01875
99 0.26 0.0 0.0125
100 0.26 0.0 0.0
101 0.26 0.0 0.0
102 0.26 0.0 0.0
103 0.26 0.0 0.0
104 0.26 0.0 0.0
105 0.26 0.0 0.0
106 0.26 0.0 0.0
107 0.26 0.0 0.0
108 0.26 0.0 0.0
109 0.26 0.0 0.0
110 0.26 0.0 0.0
111 0.26 0.0 0.0
112 0.26 0.0 0.0
113 0.26 0.0 0.0
114 0.26 0.0 0.0
115 0.26 0.0 0.0
116 0.26 0.0 0.0
117 0.26 0.0 0.0
118 0.26 0.0 0.0
119 0.26 0.0 0.0
120 0.26 0.0 0.0
121 0.26 0.0 0.0
122 0.26 0.0 0.0
123 0.26 0.0 0.0
124 0.26 0.0 0.0
125 0.26 0.0 0.0
126 0.26 0.0 0.0
127 0.26 0.1 0.0
128 0.26 0.15 0.0
129 0.26 0.2 0.0
130 0.26 0.3 0.0
131 0.26 0.35 0.0
132 0.26 0.4 0.0
133 0.26 0.4 0.0
134 0.26 0.5 0.0
135 0.26 0.75 0.0
136 0.26 0.8 0.0
137 0.26 0.9 0.0
138 0.0 0.0 0.0
139 0.0 0.0 0.0
140 0.0 0.0 0.0
141 0.005 0.0 0.0
142 0.01 0.0 0.0
143 0.01 0.0 0.0
144 0.01 -0.05 0.0
145 0.01 -0.1 0.0
146 0.01 -0.1 0.0
147 0.01 -0.2 0.0
148 0.01 -0.45 0.0
149 0.01 -0.75 0.0
150 0.01 -0.9 0.0
151 0.01 -1.0 0.0
152 0.01 -1.1 0.0
153 0.01 -1.15 0.0
154 0.0 0.0 0.0
155 0.0 0.0 0.0
156 0.005 0.0 0.0
157 0.01 0.0 0.0
158 0.01 0.0 0.0
159 0.03 0.0 0.0
160 0.06 0.0 0.0
161 0.09 0.0 0.0
162 0.12 0.0 0.0
163 0.15 0.0 0.0
164 0.18 0.0 0.0
165 0.205 0.0 0.0
166 0.235 0.0 0.0
167 0.26 0.0 0.0
168 0.26 0.0 0.0
169 0.26 0.0 0.0
170 0.26 0.0 0.0
171 0.26 0.0 0.0
172 0.26 0.0 0.0
173 0.26 0.0 0.0
174 0.26 0.0 0.0
175 0.26 0.0 0.0
176 0.26 -0.1 0.0
177 0.26 -0.15 0.0
178 0.26 -0.2 0.0
179 0.26 -0.2 0.0
180 0.26 -0.3 0.0
181 0.26 -0.35 0.0
182 0.26 -0.4 0.0
183 0.26 -0.45 0.0
184 0.26 -0.5 0.0
185 0.26 -0.5 0.0
186 0.26 -0.5 0.0
187 0.26 -0.5 0.0
188 0.26 -0.5 0.0
189 0.26 -0.5 0.0
190 0.0 0.0 0.025
191 0.0 0.0 0.19375
192 0.0 0.0 0.39375
193 0.005 0.0 0.64375
194 0.01 0.0 0.75
195 0.01 0.0 0.75
196 0.02 0.0 0.75
197 0.055 0.0 0.75
198 0.08 0.0 0.75
199 0.11 0.0 0.75
200 0.14 0.0 0.75
201 0.165 0.0 0.75
202 0.195 0.0 0.75
203 0.225 0.0 0.75
204 0.255 0.0 0.75
205 0.26 0.0 0.75
