0 0.26 0.0 0.038
1 0.26 0.0 0.0506666666667
2 0.26 0.0 0.10625
3 0.26 0.0 0.13125
4 0.26 0.0 0.11875
5 0.26 0.0 0.1125
6 0.26 0.0 0.1125
7 0.26 0.0 0.10625
8 0.26 0.0 0.1
9 0.26 0.0 0.09375
10 0.26 0.0 0.0875
11 0.26 0.0 0.08125
12 0.26 0.0 0.06875
13 0.26 0.0 0.0625
14 0.26 0.0 0.05625
15 0.26 0.0 0.05
16 0.26 0.0 0.04375
17 0.26 0.0 0.0375
18 0.26 0.0 0.03125
19 0.26 0.0 0.02175
20 0.26 0.0 0.0125
21 0.26 0.0 0.00625
22 0.26 0.0 0.0
23 0.26 0.0 0.0
24 0.26 0.0 0.0
25 0.26 0.05 0.0
26 0.26 0.1 0.0
27 0.26 0.1 0.0
28 0.26 0.15 0.0
29 0.26 0.15 0.0
30 0.26 0.2 0.0
31 0.26 0.2 0.021
32 0.26 0.25 0.05
33 0.26 0.3 0.05
34 0.26 0.3 0.04375
35 0.26 0.35 0.04375
36 0.26 0.4 0.0375
37 0.26 0.4 0.0375
38 0.26 0.4 0.0375
39 0.26 0.4 0.0375
40 0.26 0.4 0.0375
41 0.26 0.4 0.0375
42 0.26 0.4 0.0375
43 0.26 0.4 0.0375
44 0.26 0.4 0.025
45 0.26 0.4 0.0
46 0.26 0.4 0.0
47 0.26 0.4 0.0
48 0.26 0.4 0.0
49 0.26 0.4 0.0
50 0.26 0.4 0.0
51 0.26 0.4 0.0
52 0.0 0.0 0.0
53 0.0 0.0 0.0
54 0.0 0.0 0.0
55 0.0 0.0 0.0
56 0.0 0.0 0.0
57 0.005 0.0 0.0
58 0.01 0.0 0.0
59 0.01 0.0 0.0
60 0.01 0.0 0.0
61 0.01 0.0 0.0
62 0.01 0.0 0.0
63 0.025 0.0 0.0
64 0.045 0.0 0.0
65 0.06 0.0 0.0
66 0.075 0.0 0.0
67 0.09 0.0 0.0
68 0.105 0.0 0.0
69 0.125 0.0 0.0
70 0.14 0.0 0.0
71 0.16 0.0 0.0
72 0.175 0.0 0.0
73 0.19 0.0 0.0
74 0.21 0.0 0.0
75 0.225 0.0 0.0
76 0.24 0.0 0.0
77 0.245 0.0 0.0
78 0.25 0.0 0.0
79 0.255 0.0 0.0
80 0.26 0.0 0.0
81 0.26 0.0 0.0
82 0.26 0.0 0.0
83 0.26 0.0 0.0
84 0.26 0.0 0.0
85 0.26 0.0 0.0
86 0.26 0.0 0.0
87 0.26 0.0 0.0
88 0.26 0.0 0.0
89 0.26 0.0 0.0
90 0.26 0.0 0.0
91 0.26 0.0 0.0
92 0.26 0.0 0.0
93 0.26 -0.05 0.0
94 0.26 -0.1 0.0
95 0.26 -0.1 0.0
96 0.26 -0.15 0.0
97 0.26 -0.2 0.0
98 0.26 -0.2 0.0
99 0.26 -0.25 0.0
100 0.26 -0.3 0.0
101 0.26 -0.35 0.0
102 0.26 -0.4 0.0
103 0.26 -0.4 0.0
104 0.26 -0.4 0.0
105 0.26 -0.4 0.0
106 0.26 -0.4 0.0
107 0.26 -0.4 0.0
108 0.26 -0.4 0.0
109 0.26 -0.4 0.0
110 0.26 -0.4 0.0
111 0.26 -0.4 0.0
112 0.26 -0.4 0.0
113 0.26 -0.4 0.0
114 0.26 -0.4 0.01875
115 0.26 -0.4 0.08125
116 0.26 -0.4 0.14375
117 0.0 0.0 0.2125
118 0.0 0.0 0.26875
119 0.0 0.0 0.29375
120 0.0 0.0 0.28125
121 0.0 0.0 0.24375
122 0.0 0.0 0.18125
123 0.0 0.0 0.1
124 0.0 0.0 0.0
125 0.0 0.0 0.0
126 0.0 0.0 0.0
127 0.0 0.0 0.0
128 0.0 -0.05 0.0
129 0.0 -0.1 0.0
130 0.0 -0.1 0.0
131 0.0 -0.1 0.0
132 0.0 -0.1 0.0
133 0.0 -0.15 0.0
134 0.0 -0.3 0.0
135 0.0 -0.5 0.0
136 0.0 -0.65 0.0
137 0.0 -0.8 0.0
138 0.0 -1.0 0.0
139 0.0 -1.15 0.0
140 0.0 -1.2 0.0
141 0.0 -1.25 0.0
142 0.0 0.0 0.175
143 0.0 0.0 0.3625
144 0.0 0.0 0.49375
145 0.0 0.0 0.5375
146 0.005 0.0 0.5375
147 0.01 0.0 0.53125
148 0.01 0.0 0.53125
149 0.01 0.0 0.53125
150 0.01 0.0 0.53125
