0 0.26 0.0 0.0641666666667
1 0.26 0.0 0.0
2 0.26 0.0 0.0
3 0.26 0.0 0.0
4 0.26 0.1 0.0
5 0.26 0.15 0.0
6 0.26 0.25 0.0
7 0.26 0.3 0.0
8 0.26 0.4 0.05
9 0.26 0.45 0.15
10 0.26 0.5 0.26875
11 0.26 0.5 0.40625
12 0.26 0.5 0.5375
13 0.26 0.5 0.6625
14 0.26 0.5 0.59375
15 0.26 0.5 0.45625
16 0.26 0.5 0.325
17 0.26 0.5 0.1875
18 0.26 0.5 0.05
19 0.26 0.5 0.0
20 0.26 0.5 0.0
21 0.26 0.5 0.0
22 0.26 0.5 0.0
23 0.26 0.5 0.0
24 0.26 0.5 0.0
25 0.0 0.0 0.0
26 0.0 0.0 0.0
27 0.0 0.0 0.0
28 0.005 0.0 0.0
29 0.01 0.0 0.0
30 0.01 0.0 0.0
31 0.02 0.0 0.0
32 0.045 0.0 0.0
33 0.075 0.0 0.0
34 0.1 0.0 0.0
35 0.11 0.05 0.0
36 0.12 0.1 0.0
37 0.13 0.1 0.0
38 0.14 0.1 0.0
39 0.15 0.1 0.0
40 0.155 0.1 0.0
41 0.18 0.1 0.0
42 0.21 0.1 0.0
43 0.24 0.1 0.0
44 0.26 0.1 0.0
45 0.26 0.1 0.0
46 0.26 0.05 0.0
47 0.26 0.0 0.0
48 0.26 0.0 0.0
49 0.26 0.0 0.0
50 0.26 0.0 0.0
51 0.26 0.0 0.0
52 0.26 0.0 0.0
53 0.26 0.0 0.0
54 0.26 0.0 0.0
55 0.26 0.0 0.0
56 0.26 0.0 0.0
57 0.26 0.0 0.0
58 0.26 0.0 0.0
59 0.26 0.0 0.0
60 0.26 0.0 0.0
61 0.26 0.0 0.0
62 0.26 0.0 0.0
63 0.26 0.0 0.0
64 0.26 0.0 0.0
65 0.26 0.0 0.0
66 0.26 0.0 0.0
67 0.26 0.0 0.0
68 0.26 0.0 0.0
69 0.26 0.0 0.0
70 0.26 0.0 0.0
71 0.26 0.0 0.0
72 0.26 0.0 0.0
73 0.26 0.0 0.0
74 0.26 0.0 0.0
75 0.26 0.0 0.0
76 0.26 0.0 0.0
77 0.26 0.0 0.0
78 0.26 0.0 0.0
79 0.26 0.0 0.0
80 0.26 0.0 0.0
81 0.26 0.0 0.0
82 0.26 0.0 0.0
83 0.26 0.0 0.0
84 0.26 0.0 0.0
85 0.26 0.0 0.0
86 0.26 0.0 0.0
87 0.26 0.0 0.0
88 0.26 0.0 0.0
89 0.26 0.0 0.0
90 0.26 -0.05 0.0
91 0.26 -0.1 0.0
92 0.26 -0.1 0.0
93 0.26 -0.15 0.0
94 0.26 -0.2 0.0
95 0.26 -0.2 0.0
96 0.26 -0.25 0.0
97 0.26 -0.3 0.0
98 0.26 -0.3 0.0
99 0.26 -0.3 0.0
100 0.26 -0.3 0.0
101 0.26 -0.3 0.0
102 0.26 -0.3 0.0
103 0.26 -0.35 0.0
104 0.26 -0.4 0.0
105 0.26 -0.4 0.0
106 0.26 -0.45 0.0
107 0.26 -0.5 0.0
108 0.26 -0.5 0.0
109 0.26 -0.55 0.0
110 0.26 -0.6 0.0
111 0.26 -0.6 0.0
112 0.26 -0.6 0.0
113 0.26 -0.6 0.0
114 0.26 -0.6 0.06875
115 0.26 -0.6 0.23125
116 0.26 -0.6 0.38125
117 0.26 -0.6 0.54375
118 0.0 0.0 0.69375
119 0.0 0.0 0.63125
120 0.0 0.05 0.51875
121 0.0 0.1 0.48125
122 0.0 0.1 0.50625
123 0.0 0.15 0.53125
124 0.0 0.45 0.56875
125 0.0 0.65 0.65
126 0.0 0.75 0.64375
127 0.0 0.0 0.41875
128 0.0 0.0 0.38125
129 0.01 0.0 0.38125
130 0.01 0.0 0.38125
131 0.01 0.0 0.38125
132 0.03 0.0 0.38125
133 0.055 0.0 0.38125
134 0.08 0.0 0.38125
135 0.105 0.0 0.3875
136 0.135 0.0 0.39375
137 0.16 0.0 0.39375
138 0.185 0.0 0.3875
139 0.215 0.0 0.3875
140 0.24 0.0 0.3875
141 0.26 0.0 0.38125
142 0.26 0.0 0.38125
143 0.26 0.0 0.38125
144 0.26 0.0 0.38125
145 0.26 0.0 0.38125
146 0.26 0.0 0.38125
147 0.26 0.0 0.38125
148 0.26 0.0 0.38125
149 0.26 0.0 0.38125
150 0.26 0.0 0.38125
151 0.26 0.0 0.375
152 0.26 0.0 0.375
153 0.26 0.0 0.375
154 0.26 0.0 0.375
155 0.26 0.0 0.375
156 0.26 0.0 0.375
157 0.26 0.0 0.375
158 0.26 0.0 0.375
159 0.26 0.0 0.375
160 0.26 0.0 0.36875
161 0.26 0.0 0.36875
162 0.26 0.0 0.36875
163 0.26 0.0 0.36875
164 0.26 0.0 0.36875
165 0.26 0.0 0.36875
166 0.26 0.0 0.36875
167 0.26 -0.05 0.36875
168 0.26 -0.1 0.3875
169 0.26 -0.1 0.4125
170 0.26 -0.1 0.44375
171 0.26 -0.1 0.46875
172 0.26 -0.1 0.5
173 0.26 -0.1 0.525
174 0.26 -0.1 0.5625
175 0.26 -0.05 0.5875
176 0.26 0.0 0.6125
177 0.26 0.0 0.61875
178 0.26 0.0 0.625
179 0.26 0.0 0.625
