0 0.12 0.0 0.266083333333
1 0.145 0.0 0.265083333333
2 0.165 0.0 0.265416666667
3 0.19 0.0 0.26425
4 0.21 0.0 0.26375
5 0.235 0.0 0.263416666667
6 0.25 0.0 0.263
7 0.26 0.0 0.262166666667
8 0.26 0.0 0.26175
9 0.26 0.0 0.260416666667
10 0.26 0.0 0.259416666667
11 0.26 0.0 0.259333333333
12 0.26 0.0 0.258333333333
13 0.26 0.0 0.258833333333
14 0.26 0.0 0.258333333333
15 0.26 0.0 0.25775
16 0.26 0.0 0.256666666667
17 0.26 0.0 0.2565
18 0.26 0.0 0.257416666667
19 0.26 0.0 0.25875
20 0.26 0.0 0.259583333333
21 0.26 0.1 0.261083333333
22 0.26 0.1 0.25975
23 0.26 0.1 0.25725
24 0.26 0.2 0.253333333333
25 0.26 0.2 0.252083333333
26 0.26 0.3 0.250833333333
27 0.26 0.3 0.250916666667
28 0.26 0.3 0.25125
29 0.26 0.4 0.251083333333
30 0.26 0.4 0.253666666667
31 0.26 0.4 0.25475
32 0.26 0.4 0.267333333333
33 0.26 0.4 0.26825
34 0.26 0.4 0.26875
35 0.26 0.4 0.269083333333
36 0.26 0.4 0.269666666667
37 0.26 0.4 0.268833333333
38 0.26 0.4 0.268916666667
39 0.26 0.4 0.2795
40 0.26 0.4 0.291083333333
41 0.26 0.4 0.291666666667
42 0.26 0.4 0.291666666667
43 0.26 0.4 0.291666666667
44 0.26 0.4 0.291666666667
45 0.26 0.4 0.291666666667
46 0.26 0.4 0.291666666667
47 0.26 0.4 0.291666666667
48 0.26 0.3 0.291666666667
49 0.26 0.3 0.291666666667
50 0.26 0.25 0.291666666667
51 0.26 0.2 0.291666666667
52 0.26 0.15 0.291666666667
53 0.26 0.1 0.291666666667
54 0.26 0.1 0.291666666667
55 0.26 2.77555756156e-17 0.291666666667
56 0.26 2.77555756156e-17 0.291666666667
57 0.26 2.77555756156e-17 0.291666666667
58 0.26 2.77555756156e-17 0.291666666667
59 0.26 2.77555756156e-17 0.291666666667
60 0.26 2.77555756156e-17 0.291666666667
61 0.26 2.77555756156e-17 0.291666666667
62 0.26 2.77555756156e-17 0.291666666667
63 0.26 2.77555756156e-17 0.291666666667
64 0.26 2.77555756156e-17 0.291666666667
65 0.26 2.77555756156e-17 0.291666666667
66 0.26 2.77555756156e-17 0.291666666667
67 0.26 2.77555756156e-17 0.291666666667
68 0.26 2.77555756156e-17 0.291666666667
69 0.26 2.77555756156e-17 0.291666666667
70 0.26 2.77555756156e-17 0.291666666667
71 0.26 2.77555756156e-17 0.291666666667
72 0.26 2.77555756156e-17 0.291666666667
73 0.26 2.77555756156e-17 0.291666666667
74 0.26 2.77555756156e-17 0.291666666667
75 0.26 2.77555756156e-17 0.291666666667
76 0.26 2.77555756156e-17 0.291666666667
77 0.26 2.77555756156e-17 0.291666666667
78 0.26 2.77555756156e-17 0.291666666667
79 0.26 2.77555756156e-17 0.291666666667
80 0.26 2.77555756156e-17 0.291666666667
81 0.26 2.77555756156e-17 0.291666666667
82 0.26 2.77555756156e-17 0.291666666667
83 0.26 2.77555756156e-17 0.291666666667
84 0.26 2.77555756156e-17 0.291666666667
85 0.26 2.77555756156e-17 0.291666666667
86 0.26 0.05 0.291666666667
87 0.26 0.1 0.291666666667
88 0.26 0.15 0.291666666667
89 0.26 0.2 0.291666666667
90 0.26 0.2 0.291666666667
91 0.26 0.2 0.291666666667
92 0.26 0.2 0.291666666667
93 0.26 0.2 0.291666666667
94 0.26 0.2 0.291666666667
95 0.26 0.2 0.291666666667
96 0.26 0.2 0.291666666667
97 0.26 0.15 0.291666666667
98 0.26 0.1 0.291666666667
99 0.26 2.77555756156e-17 0.291666666667
100 0.26 2.77555756156e-17 0.291666666667
101 0.26 2.77555756156e-17 0.291666666667
102 0.26 2.77555756156e-17 0.291666666667
103 0.26 2.77555756156e-17 0.291666666667
104 0.26 2.77555756156e-17 0.291666666667
105 0.26 2.77555756156e-17 0.291666666667
106 0.26 2.77555756156e-17 0.291666666667
107 0.26 2.77555756156e-17 0.291666666667
108 0.26 2.77555756156e-17 0.291666666667
109 0.26 2.77555756156e-17 0.291666666667
110 0.26 2.77555756156e-17 0.291666666667
111 0.26 2.77555756156e-17 0.291666666667
112 0.26 2.77555756156e-17 0.291666666667
113 0.26 2.77555756156e-17 0.291666666667
114 0.26 2.77555756156e-17 0.291666666667
115 0.26 2.77555756156e-17 0.291666666667
116 0.26 2.77555756156e-17 0.291666666667
117 0.26 2.77555756156e-17 0.291666666667
118 0.26 2.77555756156e-17 0.291666666667
119 0.26 2.77555756156e-17 0.291666666667
120 0.26 2.77555756156e-17 0.291666666667
121 0.26 0.1 0.291666666667
122 0.26 0.1 0.291666666667
123 0.26 0.1 0.291666666667
124 0.26 0.1 0.291666666667
125 0.26 0.1 0.291666666667
126 0.26 0.1 0.291666666667
127 0.26 0.1 0.291666666667
128 0.26 0.1 0.291666666667
129 0.26 0.1 0.291666666667
130 0.26 2.77555756156e-17 0.291666666667
131 0.26 2.77555756156e-17 0.291666666667
132 0.26 2.77555756156e-17 0.291666666667
133 0.26 2.77555756156e-17 0.291666666667
134 0.26 2.77555756156e-17 0.291666666667
135 0.26 2.77555756156e-17 0.291666666667
136 0.26 2.77555756156e-17 0.291666666667
137 0.26 2.77555756156e-17 0.291666666667
138 0.26 2.77555756156e-17 0.291666666667
139 0.26 2.77555756156e-17 0.291666666667
140 0.26 2.77555756156e-17 0.291666666667
141 0.26 2.77555756156e-17 0.291666666667
142 0.26 2.77555756156e-17 0.291666666667
143 0.26 2.77555756156e-17 0.291666666667
144 0.26 2.77555756156e-17 0.291666666667
145 0.26 2.77555756156e-17 0.291666666667
146 0.26 2.77555756156e-17 0.291666666667
147 0.26 2.77555756156e-17 0.291666666667
148 0.26 2.77555756156e-17 0.291666666667
149 0.26 2.77555756156e-17 0.291666666667
150 0.26 2.77555756156e-17 0.291666666667
151 0.26 2.77555756156e-17 0.291666666667
152 0.26 2.77555756156e-17 0.291666666667
153 0.26 2.77555756156e-17 0.291666666667
154 0.26 2.77555756156e-17 0.291666666667
155 0.26 2.77555756156e-17 0.291666666667
156 0.26 2.77555756156e-17 0.291666666667
157 0.26 2.77555756156e-17 0.291666666667
158 0.26 2.77555756156e-17 0.291666666667
159 0.26 2.77555756156e-17 0.291666666667
160 0.26 2.77555756156e-17 0.291666666667
161 0.26 2.77555756156e-17 0.291666666667
162 0.26 2.77555756156e-17 0.291666666667
163 0.26 2.77555756156e-17 0.291666666667
164 0.26 2.77555756156e-17 0.291666666667
165 0.26 2.77555756156e-17 0.291666666667
166 0.26 2.77555756156e-17 0.291666666667
167 0.26 2.77555756156e-17 0.291666666667
168 0.26 2.77555756156e-17 0.291666666667
169 0.26 2.77555756156e-17 0.291666666667
170 0.26 2.77555756156e-17 0.291666666667
171 0.26 2.77555756156e-17 0.291666666667
172 0.26 2.77555756156e-17 0.291666666667
173 0.26 2.77555756156e-17 0.291666666667
174 0.26 2.77555756156e-17 0.28975
175 0.26 2.77555756156e-17 0.287833333333
176 0.26 2.77555756156e-17 0.285916666667
177 0.26 2.77555756156e-17 0.282083333333
178 0.26 2.77555756156e-17 0.280166666667
179 0.26 2.77555756156e-17 0.27825
180 0.26 2.77555756156e-17 0.276333333333
181 0.26 2.77555756156e-17 0.274416666667
182 0.26 2.77555756156e-17 0.270583333333
183 0.26 2.77555756156e-17 0.268666666667
184 0.26 2.77555756156e-17 0.26675
185 0.26 2.77555756156e-17 0.264833333333
186 0.26 2.77555756156e-17 0.262916666667
187 0.26 2.77555756156e-17 0.259083333333
188 0.26 -0.05 0.257166666667
189 0.26 -0.1 0.25525
190 0.26 -0.1 0.25525
191 0.26 -0.1 0.25525
192 0.26 -0.1 0.254333333333
193 0.26 -0.1 0.253333333333
194 0.26 -0.1 0.253333333333
195 0.26 -0.1 0.253333333333
196 0.26 -0.1 0.253333333333
197 0.26 -0.1 0.253333333333
198 0.26 -0.1 0.2545
199 0.26 -0.1 0.25525
200 0.26 -0.1 0.25525
201 0.26 -0.1 0.25525
202 0.26 -0.1 0.25525
203 0.26 -0.15 0.25525
204 0.26 -0.2 0.257166666667
205 0.26 -0.25 0.259083333333
206 0.26 -0.3 0.262916666667
207 0.26 -0.35 0.268666666667
208 0.26 -0.4 0.274416666667
209 0.26 -0.4 0.282083333333
210 0.26 -0.5 0.287833333333
211 0.26 -0.5 0.291
212 0.26 -0.5 0.279833333333
213 0.26 -0.5 0.278166666667
214 0.26 -0.5 0.277916666667
215 0.26 -0.5 0.268
216 0.26 -0.5 0.26525
217 0.26 -0.5 0.26175
218 0.26 -0.5 0.2525
219 0.26 -0.55 0.249166666667
220 0.26 -0.6 0.240666666667
221 0.26 -0.6 0.239666666667
222 0.26 -0.6 0.254416666667
223 0.26 -0.6 0.239916666667
224 0.26 -0.6 0.245
225 0.26 -0.6 0.237916666667
226 0.26 -0.6 0.2455
227 0.26 -0.6 0.255333333333
228 0.26 -0.6 0.264166666667
229 0.26 -0.6 0.256083333333
230 0.26 -0.6 0.24175
231 0.26 -0.55 0.250833333333
232 0.26 -0.5 0.251083333333
233 0.26 -0.45 0.26525
234 0.26 -0.4 0.2645
235 0.26 -0.4 0.264333333333
236 0.26 -0.4 0.263666666667
237 0.26 -0.4 0.261666666667
238 0.26 -0.4 0.242333333333
239 0.26 -0.4 0.23425
240 0.26 -0.4 0.249666666667
241 0.26 -0.4 0.260166666667
242 0.26 -0.4 0.26225
243 0.26 -0.4 0.2615
244 0.26 -0.4 0.260416666667
245 0.26 -0.4 0.260166666667
246 0.26 -0.4 0.259666666667
247 0.26 -0.4 0.257666666667
248 0.26 -0.4 0.257166666667
249 0.26 -0.4 0.256
250 0.26 -0.35 0.26825
251 0.26 -0.3 0.274083333333
252 0.26 -0.25 0.286583333333
253 0.26 -0.2 0.291583333333
254 0.26 -0.15 0.291666666667
255 0.26 -0.05 0.291666666667
256 0.26 -2.77555756156e-17 0.291666666667
257 0.26 -2.77555756156e-17 0.291666666667
258 0.26 -2.77555756156e-17 0.291666666667
259 0.26 -2.77555756156e-17 0.291666666667
260 0.26 -2.77555756156e-17 0.291666666667
261 0.26 -2.77555756156e-17 0.291333333333
262 0.26 -2.77555756156e-17 0.290583333333
263 0.26 -2.77555756156e-17 0.289333333333
264 0.26 -2.77555756156e-17 0.284416666667
265 0.26 -2.77555756156e-17 0.283333333333
266 0.26 -2.77555756156e-17 0.282583333333
267 0.26 -2.77555756156e-17 0.282416666667
268 0.26 -2.77555756156e-17 0.282166666667
269 0.26 -2.77555756156e-17 0.2815
270 0.26 -2.77555756156e-17 0.282333333333
271 0.26 -2.77555756156e-17 0.282166666667
272 0.26 -2.77555756156e-17 0.281916666667
273 0.26 -2.77555756156e-17 0.281416666667
274 0.26 -2.77555756156e-17 0.280333333333
275 0.26 -2.77555756156e-17 0.27875
276 0.26 -2.77555756156e-17 0.278
277 0.26 -2.77555756156e-17 0.277833333333
278 0.26 -2.77555756156e-17 0.277
279 0.26 -2.77555756156e-17 0.277
280 0.26 -2.77555756156e-17 0.2775
281 0.26 -2.77555756156e-17 0.278583333333
282 0.26 -2.77555756156e-17 0.2785
283 0.26 -2.77555756156e-17 0.279583333333
284 0.26 -2.77555756156e-17 0.279666666667
285 0.26 -2.77555756156e-17 0.28125
286 0.26 -2.77555756156e-17 0.2805
287 0.26 -2.77555756156e-17 0.28
288 0.26 -2.77555756156e-17 0.2805
289 0.26 -2.77555756156e-17 0.27925
290 0.26 -0.1 0.278
291 0.26 -0.1 0.272583333333
292 0.26 -0.1 0.27225
293 0.26 -0.1 0.271
294 0.26 -0.1 0.271
295 0.26 -0.1 0.273583333333
296 0.26 -0.1 0.27825
297 0.26 -0.1 0.2825
298 0.26 -0.1 0.283083333333
299 0.26 -0.1 0.28275
300 0.26 -0.1 0.281333333333
301 0.26 -0.1 0.279833333333
302 0.26 -0.1 0.278166666667
303 0.26 -0.1 0.276083333333
304 0.26 -0.15 0.273
305 0.26 -0.2 0.275583333333
306 0.26 -0.2 0.28025
307 0.26 -0.2 0.279166666667
308 0.26 -0.2 0.2725
309 0.26 -0.1 0.26475
310 0.26 -0.05 0.269583333333
311 0.26 -2.77555756156e-17 0.273416666667
312 0.26 -2.77555756156e-17 0.27375
313 0.26 -2.77555756156e-17 0.2735
314 0.26 -2.77555756156e-17 0.274166666667
315 0.26 -2.77555756156e-17 0.27525
316 0.26 -2.77555756156e-17 0.276333333333
317 0.26 -2.77555756156e-17 0.27625
318 0.26 -2.77555756156e-17 0.27725
319 0.26 -2.77555756156e-17 0.278
320 0.26 -2.77555756156e-17 0.278416666667
321 0.26 -2.77555756156e-17 0.278916666667
322 0.26 -2.77555756156e-17 0.278083333333
323 0.26 -2.77555756156e-17 0.2785
324 0.26 -2.77555756156e-17 0.277
325 0.26 -2.77555756156e-17 0.27525
326 0.26 -2.77555756156e-17 0.27425
327 0.26 -2.77555756156e-17 0.273916666667
328 0.26 -2.77555756156e-17 0.27275
329 0.26 -2.77555756156e-17 0.271666666667
330 0.26 0.05 0.270916666667
331 0.26 0.1 0.27025
332 0.26 0.15 0.27025
333 0.26 0.2 0.2695
334 0.26 0.2 0.268333333333
335 0.26 0.25 0.26175
336 0.26 0.3 0.257
337 0.26 0.3 0.24875
338 0.26 0.3 0.24675
339 0.26 0.3 0.247333333333
340 0.26 0.3 0.247416666667
341 0.26 0.3 0.247916666667
342 0.26 0.3 0.25275
343 0.26 0.35 0.262083333333
344 0.26 0.4 0.262833333333
345 0.26 0.4 0.260166666667
346 0.26 0.4 0.260916666667
347 0.26 0.4 0.261416666667
348 0.26 0.4 0.261833333333
349 0.26 0.4 0.2625
350 0.26 0.4 0.261166666667
351 0.26 0.4 0.272416666667
352 0.26 0.4 0.27425
353 0.26 0.4 0.263083333333
354 0.26 0.4 0.251
355 0.26 0.4 0.245
356 0.26 0.4 0.245
357 0.26 0.4 0.24625
358 0.26 0.4 0.261833333333
359 0.26 0.4 0.265
360 0.26 0.4 0.264916666667
361 0.26 0.4 0.264666666667
362 0.26 0.4 0.261
363 0.26 0.4 0.250083333333
364 0.26 0.4 0.2505
365 0.26 0.4 0.245916666667
366 0.26 0.4 0.233833333333
367 0.26 0.4 0.2455
368 0.26 0.4 0.258166666667
369 0.26 0.4 0.261833333333
370 0.26 0.4 0.261416666667
371 0.26 0.45 0.262583333333
372 0.26 0.5 0.262583333333
373 0.26 0.55 0.26125
374 0.26 0.6 0.261666666667
375 0.26 0.6 0.275833333333
376 0.26 0.6 0.276666666667
377 0.26 0.6 0.289666666667
378 0.26 0.6 0.291666666667
379 0.26 0.6 0.291666666667
380 0.26 0.6 0.291666666667
381 0.26 0.6 0.291666666667
382 0.26 0.6 0.291666666667
383 0.26 0.6 0.291666666667
384 0.26 0.7 0.291666666667
385 0.26 0.7 0.291666666667
386 0.26 0.7 0.291666666667
387 0.26 0.7 0.291666666667
388 0.26 0.65 0.291666666667
389 0.26 0.6 0.291666666667
390 0.26 0.55 0.291666666667
391 0.26 0.5 0.291666666667
392 0.26 0.45 0.291666666667
393 0.26 0.4 0.291666666667
394 0.26 0.4 0.291666666667
395 0.26 0.4 0.291666666667
396 0.26 0.4 0.291666666667
397 0.26 0.4 0.291666666667
398 0.26 0.4 0.291666666667
399 0.26 0.35 0.291666666667
400 0.26 0.3 0.291666666667
401 0.26 0.3 0.291666666667
402 0.26 0.3 0.291666666667
403 0.26 0.3 0.291666666667
404 0.26 0.3 0.291666666667
405 0.26 0.3 0.291666666667
406 0.26 0.3 0.291666666667
407 0.26 0.3 0.291666666667
408 0.26 0.3 0.291666666667
409 0.26 0.2 0.291666666667
410 0.26 0.15 0.291666666667
411 0.26 0.1 0.291666666667
412 0.26 2.77555756156e-17 0.291666666667
413 0.26 -0.05 0.291666666667
414 0.26 -0.1 0.291666666667
415 0.26 -0.1 0.291666666667
416 0.26 -0.1 0.291666666667
417 0.26 -0.1 0.291666666667
418 0.26 -0.1 0.291666666667
419 0.26 -0.1 0.291666666667
420 0.26 -0.1 0.291666666667
421 0.26 -0.1 0.28975
422 0.26 -0.1 0.282083333333
423 0.26 -0.1 0.276333333333
424 0.26 -0.1 0.270583333333
425 0.26 -0.1 0.264833333333
426 0.26 -0.1 0.259083333333
427 0.26 -0.1 0.25525
428 0.26 -0.1 0.2495
429 0.26 -0.1 0.245666666667
430 0.26 -0.1 0.239916666667
431 0.26 -0.1 0.238
432 0.26 -0.1 0.234166666667
433 0.26 -0.1 0.230333333333
434 0.26 -0.1 0.22775
435 0.26 -0.1 0.224583333333
436 0.26 -0.1 0.221333333333
437 0.26 -0.1 0.218833333333
438 0.26 -0.1 0.215
439 0.26 -0.1 0.213083333333
440 0.26 -0.1 0.20925
441 0.26 -0.1 0.207333333333
442 0.26 -0.1 0.205416666667
443 0.26 -0.1 0.2035
444 0.26 -0.1 0.201583333333
445 0.26 -0.1 0.199666666667
446 0.26 -0.1 0.19775
447 0.26 -0.1 0.195833333333
448 0.26 -0.2 0.193916666667
449 0.26 -0.2 0.193916666667
450 0.26 -0.2 0.194916666667
451 0.26 -0.25 0.195833333333
452 0.26 -0.3 0.19775
453 0.26 -0.3 0.199666666667
454 0.26 -0.3 0.2035
455 0.26 -0.3 0.207333333333
456 0.26 -0.3 0.211166666667
457 0.26 -0.3 0.215
458 0.26 -0.3 0.22075
459 0.26 -0.3 0.224583333333
460 0.26 -0.3 0.228416666667
461 0.26 -0.3 0.234166666667
462 0.26 -0.3 0.238
463 0.26 -0.3 0.24375
464 0.26 -0.3 0.247583333333
465 0.26 -0.3 0.253333333333
466 0.26 -0.3 0.257166666667
467 0.26 -0.3 0.264833333333
468 0.26 -0.3 0.268666666667
469 0.26 -0.3 0.274416666667
470 0.26 -0.3 0.281333333333
471 0.26 -0.3 0.285916666667
472 0.26 -0.3 0.291666666667
473 0.26 -0.3 0.291666666667
474 0.26 -0.3 0.291666666667
475 0.26 -0.3 0.291666666667
476 0.26 -0.25 0.291666666667
477 0.26 -0.2 0.291666666667
478 0.26 -0.15 0.291666666667
479 0.26 -0.1 0.291666666667
480 0.26 2.77555756156e-17 0.291666666667
481 0.26 2.77555756156e-17 0.291666666667
482 0.26 2.77555756156e-17 0.291666666667
483 0.26 2.77555756156e-17 0.291666666667
484 0.26 2.77555756156e-17 0.291666666667
485 0.26 2.77555756156e-17 0.291666666667
486 0.26 2.77555756156e-17 0.291666666667
487 0.26 2.77555756156e-17 0.291666666667
488 0.26 2.77555756156e-17 0.291666666667
489 0.26 2.77555756156e-17 0.291666666667
490 0.26 2.77555756156e-17 0.291666666667
491 0.26 2.77555756156e-17 0.291666666667
492 0.26 2.77555756156e-17 0.291666666667
493 0.26 2.77555756156e-17 0.291666666667
494 0.26 2.77555756156e-17 0.291666666667
495 0.26 2.77555756156e-17 0.291666666667
496 0.26 2.77555756156e-17 0.291666666667
497 0.26 2.77555756156e-17 0.291666666667
498 0.26 2.77555756156e-17 0.291666666667
499 0.26 2.77555756156e-17 0.291666666667
500 0.26 -0.05 0.291666666667
501 0.26 -0.1 0.291666666667
502 0.26 -0.1 0.291666666667
503 0.26 -0.1 0.291666666667
504 0.26 -0.1 0.291666666667
505 0.26 -0.1 0.291666666667
506 0.26 -0.1 0.291666666667
507 0.26 -0.1 0.291666666667
508 0.26 -0.1 0.291666666667
509 0.26 -0.1 0.291666666667
510 0.26 -0.1 0.291666666667
511 0.26 -0.1 0.291666666667
512 0.26 -0.05 0.291666666667
513 0.26 2.77555756156e-17 0.291666666667
514 0.26 2.77555756156e-17 0.291666666667
515 0.26 2.77555756156e-17 0.291666666667
516 0.26 2.77555756156e-17 0.291666666667
517 0.26 2.77555756156e-17 0.291666666667
518 0.26 2.77555756156e-17 0.291666666667
519 0.26 2.77555756156e-17 0.291666666667
520 0.26 2.77555756156e-17 0.291666666667
521 0.26 2.77555756156e-17 0.291666666667
522 0.26 2.77555756156e-17 0.291666666667
523 0.26 2.77555756156e-17 0.291666666667
524 0.26 2.77555756156e-17 0.291666666667
525 0.26 2.77555756156e-17 0.291666666667
526 0.26 2.77555756156e-17 0.291666666667
527 0.26 2.77555756156e-17 0.291666666667
528 0.26 2.77555756156e-17 0.291666666667
529 0.26 2.77555756156e-17 0.291666666667
530 0.26 2.77555756156e-17 0.291666666667
531 0.26 2.77555756156e-17 0.291666666667
532 0.26 2.77555756156e-17 0.291666666667
533 0.26 2.77555756156e-17 0.291666666667
534 0.26 2.77555756156e-17 0.291666666667
535 0.26 2.77555756156e-17 0.291666666667
536 0.26 2.77555756156e-17 0.291666666667
537 0.26 2.77555756156e-17 0.291666666667
538 0.26 2.77555756156e-17 0.291666666667
539 0.26 2.77555756156e-17 0.291666666667
540 0.26 2.77555756156e-17 0.291666666667
541 0.26 2.77555756156e-17 0.291666666667
542 0.26 2.77555756156e-17 0.291666666667
543 0.26 2.77555756156e-17 0.291666666667
544 0.26 2.77555756156e-17 0.291666666667
545 0.26 2.77555756156e-17 0.291666666667
546 0.26 2.77555756156e-17 0.291666666667
547 0.26 2.77555756156e-17 0.291666666667
548 0.26 2.77555756156e-17 0.291666666667
549 0.26 2.77555756156e-17 0.291666666667
550 0.26 2.77555756156e-17 0.291666666667
551 0.26 2.77555756156e-17 0.291666666667
552 0.26 2.77555756156e-17 0.291666666667
553 0.26 2.77555756156e-17 0.291666666667
554 0.26 2.77555756156e-17 0.291666666667
555 0.26 2.77555756156e-17 0.291666666667
556 0.26 2.77555756156e-17 0.291666666667
557 0.26 2.77555756156e-17 0.291666666667
558 0.26 2.77555756156e-17 0.291666666667
559 0.26 2.77555756156e-17 0.291666666667
560 0.26 2.77555756156e-17 0.291666666667
561 0.26 2.77555756156e-17 0.291666666667
562 0.26 2.77555756156e-17 0.291666666667
563 0.26 2.77555756156e-17 0.28975
564 0.26 2.77555756156e-17 0.28975
565 0.26 2.77555756156e-17 0.28975
566 0.26 2.77555756156e-17 0.287833333333
567 0.26 2.77555756156e-17 0.287833333333
568 0.26 2.77555756156e-17 0.285916666667
569 0.26 2.77555756156e-17 0.285916666667
570 0.26 2.77555756156e-17 0.284
571 0.26 2.77555756156e-17 0.284
572 0.26 2.77555756156e-17 0.282083333333
573 0.26 2.77555756156e-17 0.282083333333
574 0.26 2.77555756156e-17 0.282083333333
575 0.26 2.77555756156e-17 0.280166666667
576 0.26 2.77555756156e-17 0.280166666667
577 0.26 2.77555756156e-17 0.27825
578 0.26 2.77555756156e-17 0.27825
579 0.26 2.77555756156e-17 0.27825
580 0.26 2.77555756156e-17 0.276333333333
581 0.26 2.77555756156e-17 0.274416666667
582 0.26 2.77555756156e-17 0.274416666667
583 0.26 2.77555756156e-17 0.274416666667
584 0.26 2.77555756156e-17 0.2725
585 0.26 2.77555756156e-17 0.2725
586 0.26 2.77555756156e-17 0.270583333333
587 0.26 2.77555756156e-17 0.270583333333
588 0.26 2.77555756156e-17 0.270583333333
589 0.26 2.77555756156e-17 0.268666666667
590 0.26 2.77555756156e-17 0.268666666667
591 0.26 2.77555756156e-17 0.26675
592 0.26 2.77555756156e-17 0.26675
593 0.26 2.77555756156e-17 0.264833333333
594 0.26 2.77555756156e-17 0.264833333333
595 0.26 2.77555756156e-17 0.26325
596 0.26 2.77555756156e-17 0.262916666667
597 0.26 2.77555756156e-17 0.262916666667
598 0.26 2.77555756156e-17 0.261
599 0.26 2.77555756156e-17 0.261
600 0.26 2.77555756156e-17 0.259083333333
601 0.26 2.77555756156e-17 0.259083333333
602 0.26 2.77555756156e-17 0.257166666667
603 0.26 2.77555756156e-17 0.257166666667
604 0.26 2.77555756156e-17 0.25525
605 0.26 2.77555756156e-17 0.25525
606 0.26 2.77555756156e-17 0.25525
607 0.26 2.77555756156e-17 0.253333333333
608 0.26 2.77555756156e-17 0.253333333333
