0 0.26 0.0 0.0
1 0.26 0.0 0.0
2 0.26 0.0 0.0
3 0.26 0.1 0.0
4 0.26 0.15 0.0
5 0.26 0.2 0.0
6 0.26 0.3 0.0
7 0.26 0.35 0.0
8 0.26 0.45 0.0
9 0.26 0.55 0.0
10 0.26 0.6 0.0
11 0.26 0.6 0.0
12 0.26 0.6 0.0
13 0.26 0.6 0.0
14 0.26 0.6 0.0
15 0.26 0.6 0.0
16 0.26 0.6 0.0
17 0.26 0.6 0.0
18 0.26 0.6 0.0
19 0.26 0.6 0.0
20 0.0 0.0 0.0
21 0.0 0.0 0.0
22 0.0 0.0 0.0
23 0.01 0.0 0.0
24 0.01 0.0 0.0
25 0.01 0.0 0.0
26 0.035 0.0 0.0
27 0.065 0.0 0.0
28 0.09 0.0 0.0
29 0.12 0.0 0.0
30 0.15 0.0 0.0
31 0.175 0.0 0.0
32 0.205 0.0 0.0
33 0.235 0.0 0.0
34 0.26 0.0 0.0
35 0.26 0.0 0.0
36 0.26 0.0 0.0
37 0.26 0.0 0.0
38 0.26 0.0 0.0
39 0.26 0.0 0.0
40 0.26 -0.1 0.0
41 0.26 -0.1 0.0
42 0.26 -0.1 0.0
43 0.26 -0.2 0.0
44 0.26 -0.2 0.0
45 0.26 -0.2 0.0
46 0.26 -0.2 0.0
47 0.26 -0.2 0.0
48 0.26 -0.2 0.0
49 0.26 -0.2 0.0
50 0.26 -0.2 0.0
51 0.26 -0.25 0.0
52 0.26 -0.3 0.0
53 0.26 -0.3 0.0
54 0.26 -0.3 0.0
55 0.26 -0.3 0.0
56 0.26 -0.35 0.0
57 0.26 -0.4 0.0
58 0.26 -0.4 0.0
59 0.26 -0.4 0.0
60 0.26 -0.4 0.0
61 0.26 -0.4 0.0
62 0.26 -0.4 0.0
63 0.26 -0.4 0.0
64 0.26 -0.4 0.0375
65 0.26 -0.4 0.1625
66 0.26 -0.4 0.2625
67 0.26 -0.4 0.382416666667
68 0.26 -0.4 0.4875
69 0.26 -0.4 0.6125
70 0.0 0.0 0.7125
71 0.0 0.0 0.70625
72 0.005 0.0 0.5875
73 0.01 0.0 0.50625
74 0.01 0.0 0.50625
75 0.02 0.0 0.50625
76 0.05 0.0 0.50625
77 0.075 0.0 0.5125
78 0.105 0.0 0.5125
79 0.13 0.0 0.5125
80 0.155 0.0 0.50625
81 0.185 0.0 0.50625
82 0.2 0.0 0.475
83 0.21 0.0 0.4875
84 0.22 0.0 0.4875
85 0.225 0.0 0.4875
86 0.235 0.0 0.4875
87 0.245 0.0 0.48125
88 0.25 0.0 0.48125
89 0.26 0.0 0.4875
90 0.26 0.0 0.48125
91 0.26 0.0 0.48125
92 0.26 0.0 0.48125
93 0.26 0.0 0.48125
94 0.26 0.0 0.48125
95 0.26 0.0 0.48125
96 0.26 0.0 0.48125
97 0.26 0.0 0.48125
98 0.26 0.0 0.48125
99 0.26 0.0 0.48125
100 0.26 0.0 0.48125
101 0.26 0.0 0.48125
102 0.26 -0.05 0.475
103 0.26 -0.1 0.4875
104 0.26 -0.1 0.50625
105 0.26 -0.1 0.54375
106 0.26 -0.1 0.56875
107 0.26 -0.1 0.6
108 0.26 0.0 0.625
109 0.26 0.0 0.63125
110 0.26 0.0 0.63125
111 0.26 0.0 0.6375
112 0.26 0.0 0.6375
113 0.26 0.0 0.6375
114 0.26 0.0 0.6375
115 0.26 0.0 0.64375
116 0.26 0.0 0.64375
117 0.26 0.0 0.64375
118 0.26 0.0 0.64375
119 0.26 0.0 0.64375
120 0.26 0.0 0.65
121 0.26 0.0 0.65
122 0.26 0.0 0.65
123 0.26 0.0 0.65325
124 0.26 0.0 0.65625
125 0.26 0.0 0.65625
126 0.26 0.0 0.65625
127 0.26 0.0 0.661083333333
128 0.26 0.0 0.6625
129 0.26 0.0 0.6625
130 0.26 0.0 0.6625
131 0.26 0.0 0.6625
132 0.26 0.0 0.66875
133 0.26 0.0 0.66875
134 0.26 0.0 0.66875
135 0.26 0.0 0.66875
136 0.26 0.0 0.675
137 0.26 0.0 0.675
138 0.26 0.0 0.675
139 0.26 0.0 0.675
140 0.26 0.0 0.68125
141 0.26 0.0 0.68125
142 0.26 0.0 0.68125
143 0.26 0.0 0.68125
144 0.26 0.0 0.6875
145 0.26 0.0 0.6875
146 0.26 0.0 0.6875
147 0.26 0.0 0.6875
148 0.26 0.0 0.69375
149 0.26 0.0 0.69375
150 0.26 0.0 0.69375
151 0.26 0.0 0.69375
152 0.26 0.0 0.69375
153 0.26 0.0 0.7
154 0.26 0.0 0.7
155 0.26 0.0 0.7
156 0.26 0.0 0.70625
157 0.26 0.0 0.70625
158 0.26 0.0 0.70625
159 0.26 0.0 0.70625
160 0.26 0.0 0.7125
161 0.26 0.0 0.7125
162 0.26 0.0 0.7125
163 0.26 0.0 0.71875
164 0.26 0.0 0.71875
165 0.26 0.0 0.71875
166 0.26 0.0 0.71875
167 0.26 0.0 0.7265
168 0.26 0.0 0.73125
169 0.26 0.0 0.734833333333
170 0.26 0.0 0.74375
171 0.26 0.0 0.74375
172 0.26 0.0 0.75
173 0.26 0.0 0.75
174 0.26 0.0 0.75
175 0.26 0.0 0.75
176 0.26 0.0 0.75
177 0.26 0.0 0.75
178 0.26 0.0 0.75
179 0.26 0.0 0.75
180 0.26 0.0 0.75
181 0.26 0.0 0.75
182 0.26 0.0 0.75
183 0.26 0.0 0.75
184 0.26 0.0 0.75
185 0.26 0.0 0.75
186 0.26 0.0 0.75
187 0.26 0.0 0.75
188 0.26 0.0 0.75
189 0.26 0.0 0.75
190 0.26 0.0 0.75
191 0.26 0.0 0.75
192 0.26 0.0 0.75
193 0.26 0.0 0.75
194 0.26 0.0 0.75
195 0.26 0.0 0.75
196 0.26 0.0 0.75
197 0.26 0.0 0.75
198 0.26 0.0 0.75
199 0.26 0.0 0.75
200 0.26 0.0 0.75
201 0.26 0.0 0.75
202 0.26 0.0 0.75
203 0.26 0.0 0.75
204 0.26 0.0 0.75
