0 0.12 0.0 0.257666666667
1 0.145 0.0 0.25825
2 0.16 0.0 0.259
3 0.17 0.0 0.2585
4 0.175 0.0 0.260833333333
5 0.18 0.0 0.26075
6 0.19 0.0 0.26
7 0.195 0.0 0.259916666667
8 0.205 -0.05 0.259583333333
9 0.21 -0.1 0.25775
10 0.22 -0.1 0.256
11 0.225 -0.1 0.250833333333
12 0.235 -0.1 0.248583333333
13 0.24 -0.1 0.245166666667
14 0.245 -0.1 0.24575
15 0.255 -0.1 0.248416666667
16 0.26 -0.1 0.252416666667
17 0.26 -0.1 0.253
18 0.26 -0.1 0.253166666667
19 0.26 -0.1 0.253333333333
20 0.26 -0.15 0.25225
21 0.26 -0.2 0.2525
22 0.26 -0.2 0.251333333333
23 0.26 -0.2 0.251916666667
24 0.26 -0.2 0.252416666667
25 0.26 -0.2 0.251666666667
26 0.26 -0.2 0.254916666667
27 0.26 -0.2 0.2615
28 0.26 -0.2 0.254833333333
29 0.26 -0.2 0.250833333333
30 0.26 -0.25 0.254583333333
31 0.26 -0.3 0.254583333333
32 0.26 -0.3 0.254333333333
33 0.26 -0.3 0.254333333333
34 0.26 -0.3 0.253166666667
35 0.26 -0.3 0.252416666667
36 0.26 -0.3 0.255083333333
37 0.26 -0.3 0.263666666667
38 0.26 -0.3 0.268416666667
39 0.26 -0.3 0.260916666667
40 0.26 -0.3 0.259083333333
41 0.26 -0.3 0.257666666667
42 0.26 -0.3 0.255833333333
43 0.26 -0.3 0.255666666667
44 0.26 -0.3 0.254416666667
45 0.26 -0.3 0.251833333333
46 0.26 -0.3 0.261333333333
47 0.26 -0.3 0.266833333333
48 0.26 -0.3 0.272083333333
49 0.26 -0.3 0.27125
50 0.26 -0.3 0.27
51 0.26 -0.3 0.269666666667
52 0.26 -0.3 0.269
53 0.26 -0.3 0.268583333333
54 0.26 -0.3 0.268416666667
55 0.26 -0.25 0.270083333333
56 0.26 -0.2 0.2795
57 0.26 -0.2 0.279833333333
58 0.26 -0.2 0.28675
59 0.26 -0.2 0.291333333333
60 0.26 -0.15 0.291666666667
61 0.26 -0.1 0.291666666667
62 0.26 -0.1 0.291666666667
63 0.26 -0.1 0.291666666667
64 0.26 -0.05 0.291666666667
65 0.26 -2.77555756156e-17 0.291666666667
66 0.26 -2.77555756156e-17 0.291666666667
67 0.26 -2.77555756156e-17 0.291666666667
68 0.26 -2.77555756156e-17 0.291666666667
69 0.26 -2.77555756156e-17 0.291666666667
70 0.26 -2.77555756156e-17 0.291666666667
71 0.26 -2.77555756156e-17 0.291666666667
72 0.26 -2.77555756156e-17 0.291666666667
73 0.26 -2.77555756156e-17 0.291666666667
74 0.26 -2.77555756156e-17 0.291666666667
75 0.26 -2.77555756156e-17 0.291666666667
76 0.26 -2.77555756156e-17 0.291666666667
77 0.26 -2.77555756156e-17 0.291666666667
78 0.26 -2.77555756156e-17 0.291666666667
79 0.26 -2.77555756156e-17 0.291666666667
80 0.26 -2.77555756156e-17 0.291666666667
81 0.26 -2.77555756156e-17 0.291666666667
82 0.26 -2.77555756156e-17 0.291666666667
83 0.26 -2.77555756156e-17 0.291666666667
84 0.26 -2.77555756156e-17 0.291666666667
85 0.26 -2.77555756156e-17 0.291666666667
86 0.26 -2.77555756156e-17 0.291666666667
87 0.26 -2.77555756156e-17 0.291666666667
88 0.26 -2.77555756156e-17 0.291666666667
89 0.26 -2.77555756156e-17 0.291666666667
90 0.26 -2.77555756156e-17 0.291666666667
91 0.26 -2.77555756156e-17 0.291666666667
92 0.26 -2.77555756156e-17 0.291666666667
93 0.26 -2.77555756156e-17 0.291666666667
94 0.26 -2.77555756156e-17 0.291666666667
95 0.26 -2.77555756156e-17 0.291666666667
96 0.26 -2.77555756156e-17 0.291666666667
97 0.26 -2.77555756156e-17 0.291666666667
98 0.26 -2.77555756156e-17 0.291666666667
99 0.26 -2.77555756156e-17 0.291666666667
100 0.26 -2.77555756156e-17 0.291666666667
101 0.26 -2.77555756156e-17 0.291666666667
102 0.26 -2.77555756156e-17 0.291666666667
103 0.26 -2.77555756156e-17 0.291666666667
104 0.26 -2.77555756156e-17 0.291666666667
105 0.26 -2.77555756156e-17 0.291666666667
106 0.26 -2.77555756156e-17 0.291666666667
107 0.26 -2.77555756156e-17 0.291666666667
108 0.26 -2.77555756156e-17 0.291666666667
109 0.26 -2.77555756156e-17 0.291666666667
110 0.26 -2.77555756156e-17 0.291666666667
111 0.26 -2.77555756156e-17 0.291666666667
112 0.26 -2.77555756156e-17 0.291666666667
113 0.26 -2.77555756156e-17 0.291666666667
114 0.26 -2.77555756156e-17 0.291666666667
115 0.26 -2.77555756156e-17 0.291666666667
116 0.26 -2.77555756156e-17 0.291666666667
117 0.26 -2.77555756156e-17 0.291666666667
118 0.26 -2.77555756156e-17 0.291666666667
119 0.26 -2.77555756156e-17 0.291666666667
120 0.26 -2.77555756156e-17 0.291666666667
121 0.26 -2.77555756156e-17 0.291666666667
122 0.26 -2.77555756156e-17 0.291666666667
123 0.26 -2.77555756156e-17 0.291666666667
124 0.26 -2.77555756156e-17 0.291666666667
125 0.26 -2.77555756156e-17 0.291666666667
126 0.26 -2.77555756156e-17 0.291666666667
127 0.26 -2.77555756156e-17 0.291666666667
128 0.26 -2.77555756156e-17 0.291666666667
129 0.26 -2.77555756156e-17 0.291666666667
130 0.26 -2.77555756156e-17 0.291666666667
131 0.26 -2.77555756156e-17 0.291666666667
132 0.26 -2.77555756156e-17 0.291666666667
133 0.26 -2.77555756156e-17 0.291666666667
134 0.26 -2.77555756156e-17 0.291666666667
135 0.26 -2.77555756156e-17 0.291666666667
136 0.26 -2.77555756156e-17 0.291666666667
137 0.26 -2.77555756156e-17 0.291666666667
138 0.26 -2.77555756156e-17 0.291666666667
139 0.26 -2.77555756156e-17 0.291666666667
140 0.26 -2.77555756156e-17 0.291583333333
141 0.26 -2.77555756156e-17 0.291416666667
142 0.26 -2.77555756156e-17 0.29075
143 0.26 -2.77555756156e-17 0.2905
144 0.26 -2.77555756156e-17 0.290333333333
145 0.26 -2.77555756156e-17 0.290083333333
146 0.26 -2.77555756156e-17 0.289
147 0.26 -2.77555756156e-17 0.283666666667
148 0.26 -2.77555756156e-17 0.28225
149 0.26 -2.77555756156e-17 0.281
150 0.26 -2.77555756156e-17 0.280916666667
151 0.26 -2.77555756156e-17 0.28125
152 0.26 -2.77555756156e-17 0.280583333333
153 0.26 0.05 0.280333333333
154 0.26 0.1 0.281166666667
155 0.26 0.1 0.280416666667
156 0.26 0.1 0.280666666667
157 0.26 0.1 0.280416666667
158 0.26 0.1 0.28025
159 0.26 0.1 0.281416666667
160 0.26 0.1 0.280333333333
161 0.26 0.1 0.2805
162 0.26 0.1 0.280666666667
163 0.26 0.1 0.28075
164 0.26 0.1 0.280666666667
165 0.26 0.1 0.280666666667
166 0.26 0.1 0.281
167 0.26 0.1 0.280833333333
168 0.26 0.1 0.280166666667
169 0.26 0.1 0.279083333333
170 0.26 0.1 0.275583333333
171 0.26 0.1 0.273083333333
172 0.26 0.1 0.270333333333
173 0.26 0.1 0.26725
174 0.26 0.1 0.266583333333
175 0.26 0.1 0.266833333333
176 0.26 0.1 0.265916666667
177 0.26 0.1 0.265
178 0.26 0.1 0.264083333333
179 0.26 0.1 0.262
180 0.26 0.1 0.261333333333
181 0.26 0.1 0.26125
182 0.26 0.1 0.262666666667
183 0.26 0.1 0.26325
184 0.26 0.1 0.26275
185 0.26 0.1 0.26075
186 0.26 0.1 0.258916666667
187 0.26 0.1 0.257083333333
188 0.26 0.1 0.256
189 0.26 0.1 0.25525
190 0.26 0.1 0.2535
191 0.26 0.1 0.253166666667
192 0.26 0.1 0.252166666667
193 0.26 0.1 0.2505
194 0.26 0.1 0.25
195 0.26 0.1 0.24975
196 0.26 0.1 0.25025
197 0.26 0.1 0.24925
198 0.26 0.1 0.249083333333
199 0.26 0.1 0.251666666667
200 0.26 0.15 0.254166666667
201 0.26 0.2 0.257
202 0.26 0.2 0.257083333333
203 0.26 0.25 0.258166666667
204 0.26 0.3 0.256583333333
205 0.26 0.3 0.24625
206 0.26 0.3 0.243
207 0.26 0.35 0.242416666667
208 0.26 0.4 0.242666666667
209 0.26 0.4 0.251083333333
210 0.26 0.4 0.256083333333
211 0.26 0.4 0.266333333333
212 0.26 0.4 0.267833333333
213 0.26 0.4 0.2675
214 0.26 0.4 0.26225
215 0.26 0.45 0.250666666667
216 0.26 0.5 0.246416666667
217 0.26 0.5 0.246
218 0.26 0.5 0.258083333333
219 0.26 0.5 0.270416666667
220 0.26 0.5 0.271
221 0.26 0.5 0.270833333333
222 0.26 0.5 0.271416666667
223 0.26 0.5 0.271
224 0.26 0.5 0.274416666667
225 0.26 0.5 0.277416666667
226 0.26 0.5 0.291583333333
227 0.26 0.5 0.291666666667
228 0.26 0.5 0.291666666667
229 0.26 0.5 0.291666666667
230 0.26 0.5 0.291666666667
231 0.26 0.5 0.291666666667
232 0.26 0.5 0.291666666667
233 0.26 0.5 0.291666666667
234 0.26 0.5 0.291666666667
235 0.26 0.5 0.28825
236 0.26 0.5 0.28
237 0.26 0.5 0.280333333333
238 0.26 0.5 0.265416666667
239 0.26 0.5 0.26375
240 0.26 0.5 0.253333333333
241 0.26 0.5 0.249333333333
242 0.26 0.5 0.2505
243 0.26 0.5 0.25175
244 0.26 0.5 0.252833333333
245 0.26 0.5 0.253416666667
246 0.26 0.5 0.25375
247 0.26 0.5 0.260666666667
248 0.26 0.5 0.26325
249 0.26 0.5 0.272
250 0.26 0.5 0.278166666667
251 0.26 0.5 0.286583333333
252 0.26 0.5 0.291666666667
253 0.26 0.5 0.291666666667
254 0.26 0.5 0.291666666667
255 0.26 0.5 0.291666666667
256 0.26 0.5 0.291666666667
257 0.26 0.5 0.291666666667
258 0.26 0.5 0.291666666667
259 0.26 0.5 0.291666666667
260 0.26 0.5 0.291666666667
261 0.26 0.45 0.291666666667
262 0.26 0.4 0.291666666667
263 0.26 0.35 0.291666666667
264 0.26 0.3 0.291666666667
265 0.26 0.3 0.291666666667
266 0.26 0.3 0.291666666667
267 0.26 0.1 0.291666666667
268 0.26 0.05 0.291666666667
269 0.26 -0.05 0.291666666667
270 0.26 -0.1 0.291666666667
271 0.26 -0.1 0.291666666667
272 0.26 -0.1 0.291666666667
273 0.26 -0.1 0.291666666667
274 0.26 -0.2 0.291666666667
275 0.26 -0.2 0.291666666667
276 0.26 -0.25 0.291666666667
277 0.26 -0.3 0.291666666667
278 0.26 -0.3 0.291666666667
279 0.26 -0.3 0.291666666667
280 0.26 -0.3 0.291666666667
281 0.26 -0.3 0.291666666667
282 0.26 -0.3 0.291666666667
283 0.26 -0.3 0.291666666667
284 0.26 -0.3 0.291666666667
285 0.26 -0.3 0.291666666667
286 0.26 -0.3 0.291666666667
287 0.26 -0.3 0.291666666667
288 0.26 -0.3 0.289416666667
289 0.26 -0.3 0.2785
290 0.26 -0.3 0.278166666667
291 0.26 -0.3 0.277583333333
292 0.26 -0.3 0.272333333333
293 0.26 -0.3 0.263583333333
294 0.26 -0.3 0.262916666667
295 0.26 -0.3 0.260666666667
296 0.26 -0.3 0.255166666667
297 0.26 -0.3 0.243916666667
298 0.26 -0.4 0.225583333333
299 0.26 -0.4 0.219583333333
300 0.26 -0.4 0.2045
301 0.26 -0.4 0.200083333333
302 0.26 -0.4 0.20425
303 0.26 -0.4 0.205666666667
304 0.26 -0.4 0.190916666667
305 0.26 -0.4 0.190666666667
306 0.26 -0.4 0.20025
307 0.26 -0.4 0.2125
308 0.26 -0.4 0.218416666667
309 0.26 -0.4 0.23625
310 0.26 -0.4 0.251833333333
311 0.26 -0.4 0.252083333333
312 0.26 -0.4 0.256166666667
313 0.26 -0.4 0.26975
314 0.26 -0.4 0.269083333333
315 0.26 -0.4 0.270083333333
316 0.26 -0.4 0.28375
317 0.26 -0.4 0.281916666667
318 0.26 -0.4 0.2815
319 0.26 -0.4 0.281833333333
320 0.26 -0.4 0.281333333333
321 0.26 -0.3 0.281333333333
322 0.26 -0.3 0.281083333333
323 0.26 -0.3 0.273916666667
324 0.26 -0.3 0.269583333333
325 0.26 -0.3 0.268666666667
326 0.26 -0.3 0.26525
327 0.26 -0.3 0.260333333333
328 0.26 -0.3 0.256083333333
329 0.26 -0.3 0.251666666667
330 0.26 -0.3 0.2515
331 0.26 -0.3 0.244833333333
332 0.26 -0.3 0.2515
333 0.26 -0.3 0.24575
334 0.26 -0.3 0.24125
335 0.26 -0.3 0.247916666667
336 0.26 -0.3 0.250416666667
337 0.26 -0.3 0.250333333333
338 0.26 -0.3 0.249083333333
339 0.26 -0.3 0.248833333333
340 0.26 -0.3 0.254583333333
341 0.26 -0.3 0.255916666667
342 0.26 -0.3 0.248166666667
343 0.26 -0.3 0.243666666667
344 0.26 -0.3 0.249
345 0.26 -0.25 0.249166666667
346 0.26 -0.2 0.248083333333
347 0.26 -0.2 0.248583333333
348 0.26 -0.2 0.247333333333
349 0.26 -0.2 0.251833333333
350 0.26 -0.2 0.259333333333
351 0.26 -0.2 0.259833333333
352 0.26 -0.2 0.265083333333
353 0.26 -0.2 0.26925
354 0.26 -0.2 0.2695
355 0.26 -0.2 0.265333333333
356 0.26 -0.2 0.257166666667
357 0.26 -0.2 0.256583333333
358 0.26 -0.2 0.249916666667
359 0.26 -0.2 0.2455
360 0.26 -0.2 0.243833333333
361 0.26 -0.2 0.243083333333
362 0.26 -0.2 0.243416666667
363 0.26 -0.15 0.243083333333
364 0.26 -0.05 0.249083333333
365 0.26 -2.77555756156e-17 0.252916666667
366 0.26 -2.77555756156e-17 0.254
367 0.26 -2.77555756156e-17 0.253416666667
368 0.26 -2.77555756156e-17 0.254083333333
369 0.26 -2.77555756156e-17 0.253083333333
370 0.26 -2.77555756156e-17 0.25275
371 0.26 -2.77555756156e-17 0.25175
372 0.26 -2.77555756156e-17 0.25075
373 0.26 -2.77555756156e-17 0.252333333333
374 0.26 -2.77555756156e-17 0.25375
375 0.26 -2.77555756156e-17 0.254666666667
376 0.26 -2.77555756156e-17 0.255
377 0.26 -2.77555756156e-17 0.25625
378 0.26 -2.77555756156e-17 0.257666666667
379 0.26 -2.77555756156e-17 0.258583333333
380 0.26 -2.77555756156e-17 0.2595
381 0.26 -2.77555756156e-17 0.26
382 0.26 -2.77555756156e-17 0.26025
383 0.26 -2.77555756156e-17 0.260416666667
384 0.26 -2.77555756156e-17 0.260083333333
385 0.26 -2.77555756156e-17 0.260083333333
386 0.26 -2.77555756156e-17 0.259833333333
387 0.26 -2.77555756156e-17 0.2595
388 0.26 -2.77555756156e-17 0.259583333333
389 0.26 -2.77555756156e-17 0.259583333333
390 0.26 -2.77555756156e-17 0.25925
391 0.26 -2.77555756156e-17 0.259666666667
392 0.26 -2.77555756156e-17 0.259083333333
393 0.26 -2.77555756156e-17 0.259166666667
394 0.26 -2.77555756156e-17 0.260416666667
395 0.26 -2.77555756156e-17 0.260083333333
396 0.26 -2.77555756156e-17 0.260333333333
397 0.26 -2.77555756156e-17 0.260083333333
398 0.26 -2.77555756156e-17 0.260083333333
399 0.26 -2.77555756156e-17 0.260333333333
400 0.26 -2.77555756156e-17 0.259833333333
401 0.26 -2.77555756156e-17 0.259583333333
402 0.26 -2.77555756156e-17 0.25925
403 0.26 -2.77555756156e-17 0.259083333333
404 0.26 -2.77555756156e-17 0.2585
405 0.26 -2.77555756156e-17 0.258083333333
406 0.26 -2.77555756156e-17 0.257916666667
407 0.26 -2.77555756156e-17 0.2575
408 0.26 -2.77555756156e-17 0.257
409 0.26 -2.77555756156e-17 0.256833333333
410 0.26 -2.77555756156e-17 0.257083333333
411 0.26 -2.77555756156e-17 0.256666666667
412 0.26 -2.77555756156e-17 0.256083333333
413 0.26 -2.77555756156e-17 0.256
414 0.26 -2.77555756156e-17 0.256416666667
415 0.26 -2.77555756156e-17 0.256333333333
416 0.26 -2.77555756156e-17 0.255333333333
417 0.26 -2.77555756156e-17 0.256
418 0.26 -2.77555756156e-17 0.256
419 0.26 -2.77555756156e-17 0.2555
420 0.26 -2.77555756156e-17 0.255583333333
421 0.26 -2.77555756156e-17 0.25525
422 0.26 -2.77555756156e-17 0.2545
423 0.26 -2.77555756156e-17 0.252916666667
424 0.26 -2.77555756156e-17 0.25325
425 0.26 -2.77555756156e-17 0.251833333333
426 0.26 -2.77555756156e-17 0.251583333333
427 0.26 -2.77555756156e-17 0.250583333333
428 0.26 -2.77555756156e-17 0.249333333333
429 0.26 -0.05 0.24825
430 0.26 -0.1 0.246583333333
431 0.26 -0.1 0.24625
432 0.26 -0.15 0.244416666667
433 0.26 -0.2 0.244583333333
434 0.26 -0.2 0.242916666667
435 0.26 -0.2 0.241916666667
436 0.26 -0.2 0.240833333333
437 0.26 -0.2 0.240583333333
438 0.26 -0.2 0.239
439 0.26 -0.2 0.238583333333
440 0.26 -0.2 0.238083333333
441 0.26 -0.2 0.237
442 0.26 -0.2 0.236416666667
443 0.26 -0.2 0.240583333333
444 0.26 -0.2 0.251833333333
445 0.26 -0.2 0.261416666667
446 0.26 -0.2 0.271416666667
447 0.26 -0.2 0.282666666667
448 0.26 -0.2 0.289916666667
449 0.26 -0.2 0.291666666667
450 0.26 -0.15 0.291666666667
451 0.26 -0.1 0.291666666667
452 0.26 -0.1 0.291666666667
453 0.26 -0.1 0.291666666667
454 0.26 -0.1 0.291666666667
455 0.26 -0.1 0.291666666667
456 0.26 -0.1 0.291666666667
457 0.26 -0.1 0.291666666667
458 0.26 -0.1 0.291666666667
459 0.26 -0.1 0.291666666667
460 0.26 -0.1 0.291666666667
461 0.26 -0.1 0.291666666667
462 0.26 -0.1 0.291666666667
463 0.26 -0.1 0.291666666667
464 0.26 -0.1 0.291666666667
465 0.26 -0.1 0.291666666667
466 0.26 -0.1 0.291666666667
467 0.26 -0.1 0.291666666667
468 0.26 -0.1 0.291666666667
469 0.26 -0.1 0.291666666667
470 0.26 -0.1 0.291666666667
471 0.26 -0.1 0.291666666667
472 0.26 -0.1 0.291666666667
473 0.26 -0.1 0.291666666667
474 0.26 -0.1 0.291666666667
475 0.26 -0.1 0.291666666667
476 0.26 -0.1 0.291666666667
477 0.26 -0.1 0.291666666667
478 0.26 -0.1 0.291666666667
479 0.26 -0.1 0.291666666667
480 0.26 -0.1 0.291666666667
481 0.26 -0.1 0.291666666667
482 0.26 -0.1 0.291666666667
483 0.26 -0.1 0.291666666667
484 0.26 -0.1 0.291666666667
485 0.26 -0.1 0.291666666667
486 0.26 -0.1 0.291666666667
487 0.26 -0.1 0.291666666667
488 0.26 -0.1 0.291666666667
489 0.26 -0.1 0.291666666667
490 0.26 -0.1 0.291666666667
491 0.26 -0.1 0.291666666667
492 0.26 -0.1 0.291666666667
493 0.26 -0.1 0.291666666667
494 0.26 -0.1 0.291666666667
495 0.26 -0.1 0.291666666667
496 0.26 -0.1 0.291666666667
497 0.26 -0.1 0.291666666667
498 0.26 -0.1 0.291666666667
499 0.26 -0.1 0.291666666667
500 0.26 -0.1 0.291666666667
501 0.26 -0.1 0.291666666667
502 0.26 -0.1 0.291666666667
503 0.26 -0.1 0.291666666667
504 0.26 -0.1 0.291666666667
505 0.26 -0.1 0.291666666667
506 0.26 -0.1 0.291666666667
507 0.26 -0.1 0.291666666667
508 0.26 -0.1 0.291666666667
509 0.26 -0.1 0.291666666667
510 0.26 -0.1 0.291666666667
511 0.26 -0.1 0.291666666667
512 0.26 -0.1 0.291666666667
513 0.26 -0.1 0.291666666667
514 0.26 -0.1 0.291666666667
515 0.26 -0.1 0.291666666667
516 0.26 -0.1 0.291666666667
517 0.26 -0.1 0.291666666667
518 0.26 -0.1 0.291666666667
519 0.26 -0.1 0.28975
520 0.26 -0.1 0.282083333333
521 0.26 -0.1 0.276333333333
522 0.26 -0.1 0.270583333333
523 0.26 -0.1 0.262916666667
524 0.26 -0.1 0.25525
525 0.26 -0.1 0.247583333333
526 0.26 -0.1 0.241833333333
527 0.26 -0.1 0.23225
528 0.26 -0.1 0.224583333333
529 0.26 -0.1 0.218833333333
530 0.26 -0.1 0.211166666667
531 0.26 -0.1 0.2035
532 0.26 -0.1 0.195833333333
533 0.26 -0.1 0.18625
534 0.26 -0.1 0.176666666667
535 0.26 -0.1 0.169
536 0.26 -0.1 0.161333333333
537 0.26 -0.1 0.15175
538 0.26 -0.1 0.142166666667
539 0.26 -0.1 0.130666666667
540 0.26 -0.1 0.123
541 0.26 -0.1 0.1115
542 0.26 -0.1 0.1
543 0.26 -0.1 0.1
544 0.26 -0.1 0.1
545 0.26 -0.1 0.1
546 0.26 -0.1 0.1
547 0.26 -0.1 0.1
548 0.26 -0.1 0.1
549 0.26 -0.1 0.1
550 0.26 -0.1 0.1
551 0.26 -0.1 0.1
552 0.26 -0.1 0.1
553 0.26 -0.1 0.1
554 0.26 -0.1 0.1
555 0.26 -0.1 0.1
556 0.26 -0.1 0.1
557 0.26 -0.1 0.1
558 0.26 -0.1 0.1
559 0.26 -0.1 0.1
560 0.26 -0.1 0.1
561 0.26 -0.1 0.1
562 0.26 -0.1 0.1
563 0.26 -0.1 0.1
564 0.26 -0.1 0.1
565 0.26 -0.1 0.1
566 0.26 -0.1 0.1
567 0.26 -0.1 0.1
568 0.26 -0.1 0.1
569 0.26 -0.1 0.1
570 0.26 -0.1 0.1
571 0.26 -0.1 0.1
572 0.26 -0.1 0.1
573 0.26 -0.1 0.1
574 0.26 -0.1 0.1
575 0.26 -0.1 0.1
576 0.26 -0.1 0.1
577 0.26 -0.1 0.1
578 0.26 -0.1 0.1
579 0.26 -0.1 0.1
580 0.26 -0.1 0.1
581 0.26 -0.1 0.1
582 0.26 -0.1 0.1
583 0.26 -0.1 0.1
584 0.26 -0.1 0.1
585 0.26 -0.1 0.1
586 0.26 -0.1 0.1
587 0.26 -0.1 0.1
588 0.26 -0.1 0.1
589 0.26 -0.1 0.1
