0 0.26 0.0 0.0633333333333
1 0.26 0.0 0.13125
2 0.26 0.0 0.15
3 0.26 0.0 0.14375
4 0.26 0.0 0.1375
5 0.26 -0.1 0.125
6 0.26 -0.15 0.09375
7 0.26 -0.25 0.0375
8 0.26 -0.3 0.0
9 0.26 -0.4 0.0
10 0.26 -0.45 0.0
11 0.26 -0.5 0.08125
12 0.26 -0.5 0.2125
13 0.26 -0.5 0.35
14 0.26 -0.5 0.49375
15 0.26 -0.5 0.5375
16 0.26 -0.5 0.50625
17 0.26 -0.5 0.36875
18 0.26 -0.5 0.225
19 0.26 -0.5 0.0779166666667
20 0.26 -0.5 0.0
21 0.26 -0.5 0.0
22 0.0 0.0 0.0
23 0.0 0.0 0.0
24 0.0 0.0 0.0
25 0.0 0.0 0.0
26 0.01 0.0 0.0
27 0.01 0.0 0.0
28 0.01 0.0 0.0
29 0.025 0.0 0.0
30 0.055 0.0 0.0
31 0.08 0.0 0.0
32 0.11 0.0 0.0
33 0.14 0.0 0.0
34 0.17 0.0 0.0
35 0.2 0.0 0.0
36 0.225 0.0 0.0
37 0.25 0.0 0.0
38 0.26 0.0 0.0
39 0.26 0.0 0.0
40 0.26 0.0 0.0
41 0.26 0.0 0.0
42 0.26 0.0 0.0
43 0.26 0.0 0.0
44 0.26 0.0 0.0
45 0.26 0.0 0.0
46 0.26 0.0 0.0
47 0.26 0.0 0.0
48 0.26 0.0 0.0
49 0.26 0.0 0.0
50 0.26 0.0 0.0
51 0.26 0.0 0.0
52 0.26 0.0 0.0
53 0.26 0.0 0.0
54 0.26 0.0 0.0
55 0.26 0.0 0.0
56 0.26 0.0 0.0
57 0.26 0.0 0.0
58 0.26 0.0 0.0
59 0.26 0.0 0.0
60 0.26 0.0 0.0
61 0.26 0.0 0.0
62 0.26 0.0 0.0
63 0.26 0.0 0.0
64 0.26 0.0 0.0
65 0.26 0.0 0.0
66 0.26 0.0 0.0
67 0.26 0.0 0.0
68 0.26 0.0 0.0
69 0.26 0.0 0.0
70 0.26 0.0 0.0
71 0.26 0.0 0.0
72 0.26 0.0 0.0
73 0.26 0.0 0.0
74 0.26 0.0 0.0
75 0.255 0.0 0.0
76 0.25 0.0 0.0
77 0.25 0.0 0.0
78 0.23 0.0 0.0
79 0.215 0.0 0.0
80 0.21 0.0 0.0
81 0.2 0.0 0.0
82 0.19 0.0 0.0
83 0.19 0.1 0.0
84 0.19 0.1 0.0
85 0.19 0.2 0.0
86 0.19 0.2 0.0
87 0.19 0.25 0.0
88 0.19 0.3 0.0
89 0.19 0.3 0.0
90 0.19 0.3 0.0
91 0.19 0.3 0.0
92 0.19 0.3 0.0
93 0.19 0.3 0.0
94 0.19 0.35 0.0
95 0.19 0.4 0.0
96 0.19 0.4 0.0
97 0.19 0.4 0.0
98 0.19 0.4 0.0
99 0.19 0.4 0.0
100 0.19 0.4 0.0
101 0.19 0.4 0.0
102 0.19 0.4 0.0
103 0.19 0.4 0.0
104 0.19 0.4 0.0
105 0.19 0.4 0.0875
106 0.19 0.4 0.19375
107 0.19 0.4 0.302666666667
108 0.19 0.4 0.404083333333
109 0.0 0.0 0.53125
110 0.0 0.0 0.55
111 0.005 0.0 0.51875
112 0.01 0.0 0.51875
113 0.01 0.0 0.51875
114 0.015 0.0 0.5125
115 0.04 0.0 0.5125
116 0.07 0.0 0.5125
117 0.095 0.0 0.5125
118 0.12 0.0 0.525
119 0.145 0.0 0.51875
120 0.175 0.0 0.50625
121 0.2 0.0 0.50625
122 0.225 0.0 0.50625
123 0.25 0.0 0.5
124 0.26 0.0 0.49375
125 0.26 0.0 0.49375
126 0.26 0.0 0.4875
127 0.26 0.0 0.4875
128 0.26 0.0 0.4875
129 0.26 0.0 0.48125
130 0.26 0.0 0.48125
131 0.26 0.0 0.48125
132 0.26 0.0 0.475
133 0.26 0.0 0.475
134 0.26 0.0 0.46875
135 0.26 0.0 0.46875
136 0.26 0.0 0.46875
137 0.26 0.0 0.4625
138 0.26 0.0 0.4625
139 0.26 0.0 0.45625
140 0.26 0.0 0.45625
141 0.26 0.0 0.45625
142 0.26 0.0 0.45
143 0.26 0.0 0.45
144 0.26 0.0 0.45
145 0.26 0.0 0.44375
146 0.26 0.0 0.44375
147 0.26 0.0 0.44375
148 0.26 0.05 0.4375
149 0.26 0.1 0.44375
150 0.26 0.1 0.46875
151 0.26 0.1 0.49375
152 0.26 0.1 0.51875
153 0.26 0.1 0.54375
154 0.26 0.1 0.56875
155 0.26 0.05 0.59375
156 0.26 0.0 0.60625
157 0.26 0.0 0.60625
158 0.26 0.0 0.60625
159 0.26 0.0 0.60625
160 0.26 0.0 0.60625
161 0.26 0.0 0.605833333333
162 0.26 0.0 0.6
163 0.26 0.0 0.6
164 0.26 0.0 0.6
165 0.26 0.0 0.6
166 0.26 0.1 0.60625
167 0.26 0.1 0.625
168 0.26 0.1 0.65
169 0.26 0.1 0.68125
170 0.26 0.1 0.70625
171 0.26 0.1 0.73125
172 0.26 0.1 0.75
173 0.26 0.1 0.75
174 0.26 0.1 0.75
175 0.26 0.05 0.75
176 0.26 0.0 0.75
177 0.26 0.0 0.75
178 0.26 0.0 0.75
179 0.26 0.0 0.75
180 0.26 0.0 0.75
181 0.26 0.0 0.75
182 0.26 0.05 0.75
183 0.26 0.15 0.75
