0 0.22 0.0 0.0
1 0.225 0.0 0.0
2 0.235 0.0 0.0
3 0.245 0.0 0.0
4 0.25 0.0 0.0
5 0.26 0.0 0.0
6 0.26 0.0 0.0
7 0.26 0.0 0.0
8 0.26 0.0 0.0
9 0.26 0.0 0.0
10 0.26 0.0 0.0
11 0.26 0.0 0.0
12 0.26 0.0 0.0
13 0.26 0.0 0.0
14 0.26 0.0 0.0
15 0.26 -0.1 0.0
16 0.26 -0.15 0.0
17 0.26 -0.2 0.0
18 0.26 -0.3 0.0
19 0.26 -0.35 0.0
20 0.26 -0.4 0.0
21 0.26 -0.5 0.0
22 0.26 -0.6 0.01875
23 0.26 -0.6 0.1015
24 0.26 -0.6 0.120166666667
25 0.26 -0.6 0.1375
26 0.26 -0.6 0.09375
27 0.26 -0.6 0.0
28 0.0 0.0 0.0
29 0.0 0.0 0.0
30 0.0 0.0 0.0
31 0.005 0.0 0.0
32 0.01 0.0 0.0
33 0.01 0.0 0.0
34 0.025 0.0 0.0
35 0.05 0.0 0.0
36 0.08 0.0 0.0
37 0.11 0.0 0.0
38 0.14 0.0 0.0
39 0.17 0.0 0.0
40 0.2 0.0 0.0
41 0.22 0.0 0.0
42 0.23 0.0 0.0
43 0.235 0.0 0.0
44 0.245 0.0 0.0
45 0.255 0.0 0.0
46 0.26 0.0 0.0
47 0.26 0.0 0.0
48 0.26 0.05 0.0
49 0.26 0.1 0.0
50 0.26 0.15 0.0
51 0.26 0.2 0.0
52 0.26 0.25 0.0
53 0.26 0.3 0.0
54 0.26 0.4 0.0
55 0.26 0.4 0.0
56 0.26 0.5 0.0
57 0.26 0.5 0.0
58 0.26 0.6 0.0928333333333
59 0.26 0.6 0.258583333333
60 0.26 0.6 0.30625
61 0.26 0.6 0.3
62 0.26 0.6 0.29375
63 0.26 0.6 0.15625
64 0.0 0.0 0.00625
65 0.0 0.0 0.13125
66 0.005 0.0 0.2
67 0.01 0.0 0.216333333333
68 0.01 0.0 0.216583333333
69 0.02 0.0 0.218416666667
70 0.05 0.0 0.21875
71 0.08 0.0 0.21875
72 0.105 0.0 0.23125
73 0.14 0.0 0.21875
74 0.165 0.0 0.21875
75 0.195 0.0 0.2125
76 0.225 0.0 0.21875
77 0.255 0.0 0.21875
78 0.26 0.0 0.225
79 0.26 0.0 0.23125
80 0.26 0.0 0.23125
81 0.26 0.0 0.225
82 0.26 0.0 0.225
83 0.26 0.0 0.21875
84 0.26 0.0 0.21875
85 0.26 0.0 0.2125
86 0.26 0.0 0.2125
87 0.26 0.0 0.20625
88 0.26 0.0 0.2
89 0.26 0.0 0.2
90 0.26 0.0 0.19375
91 0.26 0.0 0.19375
92 0.26 0.0 0.1875
93 0.26 0.0 0.18125
94 0.26 0.0 0.175
95 0.26 0.0 0.16875
96 0.26 0.0 0.16875
97 0.26 0.0 0.1625
98 0.26 0.0 0.15625
99 0.26 0.0 0.15
100 0.26 0.0 0.14375
101 0.26 0.0 0.1375
102 0.26 0.0 0.13125
103 0.26 0.0 0.125
104 0.26 0.0 0.11875
105 0.26 0.0 0.1125
106 0.26 0.0 0.1
107 0.26 0.0 0.09375
108 0.26 0.0 0.0875
109 0.26 0.0 0.0750833333333
110 0.26 0.0 0.06875
111 0.26 0.0 0.0594166666667
112 0.26 0.0 0.05
113 0.26 0.0 0.0375
114 0.26 0.0 0.025
115 0.26 0.0 0.01875
116 0.26 0.0 0.00625
117 0.26 0.0 0.0
118 0.26 0.0 0.0
119 0.26 0.0 0.0
120 0.26 0.0 0.0
121 0.26 0.0 0.0
122 0.26 0.0 0.0
123 0.26 0.0 0.0
124 0.26 0.1 0.0
125 0.26 0.15 0.0
126 0.26 0.2 0.0
127 0.26 0.3 0.0
128 0.26 0.3 0.0
129 0.26 0.3 0.0
130 0.26 0.35 0.0
131 0.26 0.4 0.0
132 0.26 0.4 0.0
133 0.26 0.4 0.0
134 0.26 0.4 0.0
135 0.26 0.4 0.0
136 0.0 0.0 0.0
137 0.0 0.0 0.0
138 0.0 0.0 0.0
139 0.005 0.0 0.0
140 0.01 0.0 0.0
141 0.01 0.0 0.0
142 0.02 0.0 0.0
143 0.045 0.0 0.0
144 0.075 0.0 0.0
145 0.105 0.0 0.0
146 0.13 0.0 0.0
147 0.16 0.0 0.0
148 0.19 0.0 0.0
149 0.215 0.0 0.0
150 0.245 0.0 0.0
151 0.26 0.0 0.0
152 0.26 0.0 0.0
153 0.26 0.0 0.0
154 0.26 0.0 0.0
155 0.26 0.0 0.0
156 0.26 0.0 0.0
157 0.26 0.0 0.0
158 0.26 0.0 0.0
159 0.26 0.0 0.0
160 0.26 0.0 0.0
161 0.26 0.0 0.0
162 0.26 -0.1 0.0
163 0.26 -0.15 0.0
164 0.26 -0.2 0.0
165 0.26 -0.25 0.0
166 0.26 -0.3 0.0
167 0.26 -0.4 0.0
168 0.26 -0.4 0.0
169 0.26 -0.4 0.0
170 0.26 -0.4 0.0
171 0.26 -0.4 0.0
172 0.26 -0.4 0.0
173 0.26 -0.4 0.0
174 0.26 -0.4 0.09375
175 0.26 -0.4 0.20625
176 0.0 0.0 0.3375
177 0.0 0.0 0.63125
178 0.0 0.0 0.75
179 0.005 0.0 0.75
180 0.01 0.0 0.75
181 0.01 0.0 0.75
182 0.02 0.0 0.75
183 0.045 0.0 0.75
184 0.075 0.0 0.75
185 0.105 0.0 0.75
186 0.13 0.0 0.75
187 0.16 0.0 0.75
188 0.19 0.0 0.75
189 0.215 0.0 0.75
190 0.225 0.0 0.75
191 0.23 0.0 0.75
192 0.24 0.0 0.75
193 0.245 0.0 0.75
194 0.255 0.0 0.75
195 0.26 0.0 0.75
196 0.26 0.0 0.75
197 0.26 0.0 0.75
198 0.26 0.0 0.75
199 0.26 0.0 0.75
200 0.26 0.0 0.75
201 0.26 0.0 0.75
202 0.26 0.0 0.75
203 0.26 0.0 0.75
204 0.26 0.0 0.75
205 0.26 0.0 0.75
