0 0.12 0.0 0.26125
1 0.145 0.0 0.26125
2 0.165 0.0 0.263083333333
3 0.19 0.0 0.26425
4 0.2 0.0 0.264333333333
5 0.205 0.0 0.264
6 0.21 0.0 0.262916666667
7 0.22 0.0 0.26225
8 0.225 0.0 0.262333333333
9 0.23 0.0 0.262833333333
10 0.24 0.0 0.2635
11 0.245 0.0 0.2635
12 0.255 0.0 0.263416666667
13 0.26 0.0 0.262
14 0.26 0.0 0.262416666667
15 0.26 0.0 0.26225
16 0.26 0.0 0.262166666667
17 0.26 0.0 0.262083333333
18 0.26 0.0 0.26275
19 0.26 0.0 0.261666666667
20 0.26 0.0 0.261083333333
21 0.26 0.0 0.262416666667
22 0.26 0.0 0.26275
23 0.26 0.0 0.261666666667
24 0.26 0.0 0.262083333333
25 0.26 0.0 0.262
26 0.26 0.0 0.2615
27 0.26 0.0 0.261833333333
28 0.26 0.0 0.262416666667
29 0.26 0.0 0.261666666667
30 0.26 0.0 0.261833333333
31 0.26 0.0 0.262166666667
32 0.26 0.0 0.261416666667
33 0.26 0.0 0.261833333333
34 0.26 0.0 0.262416666667
35 0.26 0.0 0.262416666667
36 0.26 0.0 0.262083333333
37 0.26 0.0 0.2615
38 0.26 0.0 0.260666666667
39 0.26 0.0 0.259916666667
40 0.26 0.1 0.258
41 0.26 0.1 0.259333333333
42 0.26 0.2 0.261583333333
43 0.26 0.25 0.265083333333
44 0.26 0.3 0.26875
45 0.26 0.35 0.271083333333
46 0.26 0.4 0.271166666667
47 0.26 0.4 0.2695
48 0.26 0.4 0.268666666667
49 0.26 0.4 0.267916666667
50 0.26 0.4 0.266916666667
51 0.26 0.4 0.266166666667
52 0.26 0.4 0.269333333333
53 0.26 0.4 0.277583333333
54 0.26 0.4 0.288416666667
55 0.26 0.4 0.291666666667
56 0.26 0.4 0.291666666667
57 0.26 0.4 0.291666666667
58 0.26 0.4 0.291666666667
59 0.26 0.4 0.291666666667
60 0.26 0.4 0.291666666667
61 0.26 0.4 0.291666666667
62 0.26 0.4 0.291666666667
63 0.26 0.4 0.291666666667
64 0.26 0.4 0.291666666667
65 0.26 0.4 0.291666666667
66 0.26 0.4 0.291666666667
67 0.26 0.4 0.291666666667
68 0.26 0.4 0.291666666667
69 0.26 0.4 0.291666666667
70 0.26 0.4 0.291666666667
71 0.26 0.4 0.291666666667
72 0.26 0.4 0.291666666667
73 0.26 0.4 0.291666666667
74 0.26 0.4 0.291666666667
75 0.26 0.35 0.291666666667
76 0.26 0.3 0.291666666667
77 0.26 0.25 0.291666666667
78 0.26 0.2 0.291666666667
79 0.26 0.15 0.291666666667
80 0.26 0.1 0.291666666667
81 0.26 0.05 0.291666666667
82 0.26 2.77555756156e-17 0.291666666667
83 0.26 2.77555756156e-17 0.291666666667
84 0.26 2.77555756156e-17 0.291666666667
85 0.26 2.77555756156e-17 0.291666666667
86 0.26 2.77555756156e-17 0.291666666667
87 0.26 2.77555756156e-17 0.291666666667
88 0.26 2.77555756156e-17 0.291666666667
89 0.26 2.77555756156e-17 0.291666666667
90 0.26 2.77555756156e-17 0.291666666667
91 0.26 2.77555756156e-17 0.291666666667
92 0.26 2.77555756156e-17 0.291666666667
93 0.26 2.77555756156e-17 0.291666666667
94 0.26 2.77555756156e-17 0.291666666667
95 0.26 2.77555756156e-17 0.291666666667
96 0.26 2.77555756156e-17 0.291666666667
97 0.26 2.77555756156e-17 0.291666666667
98 0.26 2.77555756156e-17 0.291666666667
99 0.26 2.77555756156e-17 0.291666666667
100 0.26 2.77555756156e-17 0.291666666667
101 0.26 2.77555756156e-17 0.291666666667
102 0.26 2.77555756156e-17 0.291666666667
103 0.26 2.77555756156e-17 0.291666666667
104 0.26 2.77555756156e-17 0.291666666667
105 0.26 2.77555756156e-17 0.291666666667
106 0.26 2.77555756156e-17 0.291666666667
107 0.26 2.77555756156e-17 0.291666666667
108 0.26 2.77555756156e-17 0.291666666667
109 0.26 2.77555756156e-17 0.291666666667
110 0.26 2.77555756156e-17 0.291666666667
111 0.26 2.77555756156e-17 0.291666666667
112 0.26 2.77555756156e-17 0.291666666667
113 0.26 2.77555756156e-17 0.291666666667
114 0.26 2.77555756156e-17 0.291666666667
115 0.26 2.77555756156e-17 0.291666666667
116 0.26 2.77555756156e-17 0.291666666667
117 0.26 2.77555756156e-17 0.291666666667
118 0.26 2.77555756156e-17 0.291666666667
119 0.26 2.77555756156e-17 0.291666666667
120 0.26 2.77555756156e-17 0.291666666667
121 0.26 2.77555756156e-17 0.291666666667
122 0.26 2.77555756156e-17 0.291666666667
123 0.26 2.77555756156e-17 0.291666666667
124 0.26 2.77555756156e-17 0.291666666667
125 0.26 2.77555756156e-17 0.291666666667
126 0.26 2.77555756156e-17 0.291666666667
127 0.26 2.77555756156e-17 0.291666666667
128 0.26 2.77555756156e-17 0.291666666667
129 0.26 2.77555756156e-17 0.291666666667
130 0.26 2.77555756156e-17 0.291666666667
131 0.26 2.77555756156e-17 0.291666666667
132 0.26 2.77555756156e-17 0.291666666667
133 0.26 2.77555756156e-17 0.291666666667
134 0.26 2.77555756156e-17 0.291666666667
135 0.26 2.77555756156e-17 0.291666666667
136 0.26 2.77555756156e-17 0.291666666667
137 0.26 2.77555756156e-17 0.291666666667
138 0.26 2.77555756156e-17 0.291666666667
139 0.26 2.77555756156e-17 0.291666666667
140 0.26 2.77555756156e-17 0.291666666667
141 0.26 2.77555756156e-17 0.291666666667
142 0.26 2.77555756156e-17 0.291666666667
143 0.26 2.77555756156e-17 0.291666666667
144 0.26 2.77555756156e-17 0.291666666667
145 0.26 2.77555756156e-17 0.291666666667
146 0.26 2.77555756156e-17 0.291666666667
147 0.26 2.77555756156e-17 0.291666666667
148 0.26 2.77555756156e-17 0.28975
149 0.26 2.77555756156e-17 0.285916666667
150 0.26 2.77555756156e-17 0.284
151 0.26 2.77555756156e-17 0.280166666667
152 0.26 2.77555756156e-17 0.276333333333
153 0.26 2.77555756156e-17 0.272666666667
154 0.26 2.77555756156e-17 0.270583333333
155 0.26 2.77555756156e-17 0.26675
156 0.26 2.77555756156e-17 0.264833333333
157 0.26 2.77555756156e-17 0.259083333333
158 0.26 2.77555756156e-17 0.257166666667
159 0.26 2.77555756156e-17 0.25525
160 0.26 2.77555756156e-17 0.251416666667
161 0.26 2.77555756156e-17 0.247583333333
162 0.26 2.77555756156e-17 0.24375
163 0.26 2.77555756156e-17 0.241833333333
164 0.26 2.77555756156e-17 0.238
165 0.26 2.77555756156e-17 0.234166666667
166 0.26 2.77555756156e-17 0.23225
167 0.26 2.77555756156e-17 0.228416666667
168 0.26 2.77555756156e-17 0.224583333333
169 0.26 2.77555756156e-17 0.222666666667
170 0.26 2.77555756156e-17 0.218833333333
171 0.26 2.77555756156e-17 0.215
172 0.26 2.77555756156e-17 0.213083333333
173 0.26 2.77555756156e-17 0.20925
174 0.26 2.77555756156e-17 0.205416666667
175 0.26 2.77555756156e-17 0.2035
176 0.26 2.77555756156e-17 0.199666666667
177 0.26 2.77555756156e-17 0.196916666667
178 0.26 2.77555756156e-17 0.193916666667
179 0.26 2.77555756156e-17 0.190083333333
180 0.26 2.77555756156e-17 0.18625
181 0.26 2.77555756156e-17 0.184333333333
182 0.26 -0.05 0.1805
183 0.26 -0.1 0.178583333333
184 0.26 -0.15 0.178583333333
185 0.26 -0.2 0.176666666667
186 0.26 -0.2 0.178583333333
187 0.26 -0.3 0.1805
188 0.26 -0.3 0.182416666667
189 0.26 -0.35 0.188166666667
190 0.26 -0.4 0.193916666667
191 0.26 -0.4 0.199666666667
192 0.26 -0.4 0.207333333333
193 0.26 -0.4 0.215
194 0.26 -0.5 0.222666666667
195 0.26 -0.5 0.23225
196 0.26 -0.5 0.239916666667
197 0.26 -0.5 0.251416666667
198 0.26 -0.5 0.261
199 0.26 -0.5 0.2725
200 0.26 -0.5 0.284
201 0.26 -0.5 0.291666666667
202 0.26 -0.5 0.291666666667
203 0.26 -0.5 0.291666666667
204 0.26 -0.5 0.282583333333
205 0.26 -0.5 0.277666666667
206 0.26 -0.5 0.27775
207 0.26 -0.5 0.27675
208 0.26 -0.5 0.264083333333
209 0.26 -0.5 0.26125
210 0.26 -0.5 0.24725
211 0.26 -0.5 0.243916666667
212 0.26 -0.5 0.241916666667
213 0.26 -0.5 0.23925
214 0.26 -0.5 0.24025
215 0.26 -0.5 0.244666666667
216 0.26 -0.5 0.233083333333
217 0.26 -0.5 0.239916666667
218 0.26 -0.5 0.2495
219 0.26 -0.5 0.24825
220 0.26 -0.5 0.261916666667
221 0.26 -0.5 0.260916666667
222 0.26 -0.5 0.244583333333
223 0.26 -0.5 0.235
224 0.26 -0.5 0.250916666667
225 0.26 -0.5 0.251
226 0.26 -0.5 0.26525
227 0.26 -0.5 0.264583333333
228 0.26 -0.5 0.264166666667
229 0.26 -0.5 0.258583333333
230 0.26 -0.5 0.245333333333
231 0.26 -0.5 0.239
232 0.26 -0.5 0.253833333333
233 0.26 -0.5 0.268333333333
234 0.26 -0.5 0.26775
235 0.26 -0.5 0.267166666667
236 0.26 -0.5 0.266916666667
237 0.26 -0.5 0.267666666667
238 0.26 -0.5 0.26625
239 0.26 -0.5 0.265666666667
240 0.26 -0.5 0.281916666667
241 0.26 -0.45 0.291666666667
242 0.26 -0.4 0.291666666667
243 0.26 -0.4 0.291666666667
244 0.26 -0.4 0.291666666667
245 0.26 -0.4 0.291666666667
246 0.26 -0.4 0.291666666667
247 0.26 -0.4 0.291666666667
248 0.26 -0.35 0.291666666667
249 0.26 -0.3 0.291666666667
250 0.26 -0.3 0.291666666667
251 0.26 -0.3 0.291666666667
252 0.26 -0.3 0.288333333333
253 0.26 -0.3 0.283333333333
254 0.26 -0.3 0.282083333333
255 0.26 -0.3 0.277416666667
256 0.26 -0.25 0.268166666667
257 0.26 -0.2 0.267416666667
258 0.26 -0.15 0.263083333333
259 0.26 -0.1 0.256833333333
260 0.26 -0.1 0.255
261 0.26 -0.1 0.254166666667
262 0.26 -0.1 0.254083333333
263 0.26 -2.77555756156e-17 0.25425
264 0.26 -2.77555756156e-17 0.253916666667
265 0.26 -2.77555756156e-17 0.2545
266 0.26 -2.77555756156e-17 0.25525
267 0.26 -2.77555756156e-17 0.256666666667
268 0.26 -2.77555756156e-17 0.2575
269 0.26 -2.77555756156e-17 0.258
270 0.26 -2.77555756156e-17 0.25725
271 0.26 -2.77555756156e-17 0.25775
272 0.26 -2.77555756156e-17 0.256333333333
273 0.26 -2.77555756156e-17 0.25475
274 0.26 -2.77555756156e-17 0.254416666667
275 0.26 -2.77555756156e-17 0.253
276 0.26 -2.77555756156e-17 0.252583333333
277 0.26 -2.77555756156e-17 0.251
278 0.26 -2.77555756156e-17 0.251083333333
279 0.26 -2.77555756156e-17 0.252166666667
280 0.26 -2.77555756156e-17 0.25325
281 0.26 -2.77555756156e-17 0.254583333333
282 0.26 -2.77555756156e-17 0.254583333333
283 0.26 -2.77555756156e-17 0.253166666667
284 0.26 -2.77555756156e-17 0.25
285 0.26 -2.77555756156e-17 0.246166666667
286 0.26 -2.77555756156e-17 0.243333333333
287 0.26 -2.77555756156e-17 0.242166666667
288 0.26 -2.77555756156e-17 0.24425
289 0.26 -2.77555756156e-17 0.245083333333
290 0.26 -2.77555756156e-17 0.248583333333
291 0.26 -2.77555756156e-17 0.252083333333
292 0.26 -2.77555756156e-17 0.255333333333
293 0.26 -2.77555756156e-17 0.257166666667
294 0.26 -2.77555756156e-17 0.257583333333
295 0.26 -2.77555756156e-17 0.257833333333
296 0.26 -2.77555756156e-17 0.256583333333
297 0.26 -2.77555756156e-17 0.255
298 0.26 -2.77555756156e-17 0.253
299 0.26 -2.77555756156e-17 0.251416666667
300 0.26 -2.77555756156e-17 0.2515
301 0.26 -2.77555756156e-17 0.250166666667
302 0.26 -2.77555756156e-17 0.250416666667
303 0.26 -2.77555756156e-17 0.25175
304 0.26 -2.77555756156e-17 0.253
305 0.26 -2.77555756156e-17 0.255416666667
306 0.26 -2.77555756156e-17 0.256333333333
307 0.26 -2.77555756156e-17 0.25775
308 0.26 0.05 0.257666666667
309 0.26 0.1 0.257583333333
310 0.26 0.1 0.25775
311 0.26 0.1 0.257583333333
312 0.26 0.1 0.25825
313 0.26 0.1 0.260583333333
314 0.26 0.1 0.263666666667
315 0.26 0.1 0.268
316 0.26 0.1 0.270916666667
317 0.26 0.1 0.274
318 0.26 0.1 0.27375
319 0.26 0.1 0.27375
320 0.26 0.1 0.27425
321 0.26 0.1 0.275166666667
322 0.26 0.1 0.277666666667
323 0.26 0.05 0.2815
324 0.26 -2.77555756156e-17 0.285166666667
325 0.26 -2.77555756156e-17 0.286583333333
326 0.26 -2.77555756156e-17 0.287833333333
327 0.26 -2.77555756156e-17 0.288916666667
328 0.26 -2.77555756156e-17 0.290166666667
329 0.26 -2.77555756156e-17 0.290333333333
330 0.26 -2.77555756156e-17 0.291333333333
331 0.26 -2.77555756156e-17 0.291666666667
332 0.26 -2.77555756156e-17 0.291666666667
333 0.26 -2.77555756156e-17 0.291666666667
334 0.26 -2.77555756156e-17 0.291666666667
335 0.26 -2.77555756156e-17 0.291666666667
336 0.26 -2.77555756156e-17 0.291666666667
337 0.26 -2.77555756156e-17 0.291666666667
338 0.26 -2.77555756156e-17 0.291666666667
339 0.26 -2.77555756156e-17 0.291666666667
340 0.26 -2.77555756156e-17 0.291666666667
341 0.26 -2.77555756156e-17 0.291666666667
342 0.26 -2.77555756156e-17 0.291666666667
343 0.26 -2.77555756156e-17 0.291666666667
344 0.26 -2.77555756156e-17 0.291666666667
345 0.26 -2.77555756156e-17 0.291666666667
346 0.26 -2.77555756156e-17 0.291666666667
347 0.26 -2.77555756156e-17 0.291666666667
348 0.26 -2.77555756156e-17 0.291666666667
349 0.26 -2.77555756156e-17 0.291666666667
350 0.26 -2.77555756156e-17 0.291666666667
351 0.26 -2.77555756156e-17 0.291666666667
352 0.26 -2.77555756156e-17 0.291666666667
353 0.26 -2.77555756156e-17 0.291666666667
354 0.26 -2.77555756156e-17 0.291666666667
355 0.26 -2.77555756156e-17 0.291666666667
356 0.26 0.05 0.291666666667
357 0.26 0.1 0.291666666667
358 0.26 0.1 0.291666666667
359 0.26 0.1 0.291666666667
360 0.26 0.1 0.291666666667
361 0.26 0.1 0.291666666667
362 0.26 0.1 0.291666666667
363 0.26 0.1 0.291666666667
364 0.26 0.1 0.291666666667
365 0.26 0.1 0.291666666667
366 0.26 -2.77555756156e-17 0.291666666667
367 0.26 -2.77555756156e-17 0.291666666667
368 0.26 -2.77555756156e-17 0.291666666667
369 0.26 -2.77555756156e-17 0.291666666667
370 0.26 -2.77555756156e-17 0.291666666667
371 0.26 -2.77555756156e-17 0.291666666667
372 0.26 -2.77555756156e-17 0.291666666667
373 0.26 -2.77555756156e-17 0.291666666667
374 0.26 -2.77555756156e-17 0.291666666667
375 0.26 -2.77555756156e-17 0.291666666667
376 0.26 -2.77555756156e-17 0.291666666667
377 0.26 -2.77555756156e-17 0.291666666667
378 0.26 -2.77555756156e-17 0.291666666667
379 0.26 -2.77555756156e-17 0.291666666667
380 0.26 -2.77555756156e-17 0.291666666667
381 0.26 -2.77555756156e-17 0.291666666667
382 0.26 -2.77555756156e-17 0.291666666667
383 0.26 -2.77555756156e-17 0.291666666667
384 0.26 -2.77555756156e-17 0.291666666667
385 0.26 -2.77555756156e-17 0.291666666667
386 0.26 -2.77555756156e-17 0.291666666667
387 0.26 -2.77555756156e-17 0.291666666667
388 0.26 -2.77555756156e-17 0.291666666667
389 0.26 -2.77555756156e-17 0.291666666667
390 0.26 -2.77555756156e-17 0.291666666667
391 0.26 -2.77555756156e-17 0.291666666667
392 0.26 -2.77555756156e-17 0.291666666667
393 0.26 -2.77555756156e-17 0.291666666667
394 0.26 -2.77555756156e-17 0.291666666667
395 0.26 -2.77555756156e-17 0.291666666667
396 0.26 -2.77555756156e-17 0.291666666667
397 0.26 -2.77555756156e-17 0.291666666667
398 0.26 -2.77555756156e-17 0.291666666667
399 0.26 -2.77555756156e-17 0.291666666667
400 0.26 -2.77555756156e-17 0.291666666667
401 0.26 -2.77555756156e-17 0.291666666667
402 0.26 -2.77555756156e-17 0.291666666667
403 0.26 -2.77555756156e-17 0.291666666667
404 0.26 -2.77555756156e-17 0.291666666667
405 0.26 -2.77555756156e-17 0.291666666667
406 0.26 -2.77555756156e-17 0.291666666667
407 0.26 -2.77555756156e-17 0.291666666667
408 0.26 -2.77555756156e-17 0.291666666667
409 0.26 -2.77555756156e-17 0.291666666667
410 0.26 -2.77555756156e-17 0.291666666667
411 0.26 -2.77555756156e-17 0.291666666667
412 0.26 -2.77555756156e-17 0.291666666667
413 0.26 -2.77555756156e-17 0.291666666667
414 0.26 -2.77555756156e-17 0.291666666667
415 0.26 -2.77555756156e-17 0.291666666667
416 0.26 -2.77555756156e-17 0.291666666667
417 0.26 -2.77555756156e-17 0.291666666667
418 0.26 -2.77555756156e-17 0.291666666667
419 0.26 -2.77555756156e-17 0.291666666667
420 0.26 -2.77555756156e-17 0.291666666667
421 0.26 -2.77555756156e-17 0.291666666667
422 0.26 -2.77555756156e-17 0.291666666667
423 0.26 -2.77555756156e-17 0.291666666667
424 0.26 -2.77555756156e-17 0.291666666667
425 0.26 -2.77555756156e-17 0.291666666667
426 0.26 -2.77555756156e-17 0.291666666667
427 0.26 -2.77555756156e-17 0.291666666667
428 0.26 -2.77555756156e-17 0.291666666667
429 0.26 -2.77555756156e-17 0.291666666667
430 0.26 -2.77555756156e-17 0.291666666667
431 0.26 -2.77555756156e-17 0.291666666667
432 0.26 -2.77555756156e-17 0.291666666667
433 0.26 -2.77555756156e-17 0.291666666667
434 0.26 -2.77555756156e-17 0.291666666667
435 0.26 -2.77555756156e-17 0.291666666667
436 0.26 -2.77555756156e-17 0.291666666667
437 0.26 -2.77555756156e-17 0.291666666667
438 0.26 -2.77555756156e-17 0.291666666667
439 0.26 -2.77555756156e-17 0.291666666667
440 0.26 -2.77555756156e-17 0.291666666667
441 0.26 -2.77555756156e-17 0.291666666667
442 0.26 -2.77555756156e-17 0.291666666667
443 0.26 -2.77555756156e-17 0.291666666667
444 0.26 -2.77555756156e-17 0.291666666667
445 0.26 -2.77555756156e-17 0.291666666667
446 0.26 -2.77555756156e-17 0.291666666667
447 0.26 -2.77555756156e-17 0.291666666667
448 0.26 -2.77555756156e-17 0.291666666667
449 0.26 -2.77555756156e-17 0.291666666667
450 0.26 -2.77555756156e-17 0.291666666667
451 0.26 -2.77555756156e-17 0.291666666667
452 0.26 -2.77555756156e-17 0.291666666667
453 0.26 -2.77555756156e-17 0.291666666667
454 0.26 -2.77555756156e-17 0.291666666667
455 0.26 -2.77555756156e-17 0.291666666667
456 0.26 -2.77555756156e-17 0.291666666667
457 0.26 -2.77555756156e-17 0.291666666667
458 0.26 -2.77555756156e-17 0.291666666667
459 0.26 -2.77555756156e-17 0.291666666667
460 0.26 -2.77555756156e-17 0.291666666667
461 0.26 -2.77555756156e-17 0.291666666667
462 0.26 -2.77555756156e-17 0.291666666667
463 0.26 -2.77555756156e-17 0.291666666667
464 0.26 -2.77555756156e-17 0.291666666667
465 0.26 -2.77555756156e-17 0.291666666667
466 0.26 -2.77555756156e-17 0.291666666667
467 0.26 -2.77555756156e-17 0.291666666667
468 0.26 -2.77555756156e-17 0.291666666667
469 0.26 -2.77555756156e-17 0.291666666667
470 0.26 -2.77555756156e-17 0.291666666667
471 0.26 -2.77555756156e-17 0.291666666667
472 0.26 -2.77555756156e-17 0.291666666667
473 0.26 -2.77555756156e-17 0.291666666667
474 0.26 -2.77555756156e-17 0.291666666667
475 0.26 -2.77555756156e-17 0.291666666667
476 0.26 -2.77555756156e-17 0.291666666667
477 0.26 -2.77555756156e-17 0.291666666667
478 0.26 -2.77555756156e-17 0.291666666667
479 0.26 -2.77555756156e-17 0.291666666667
480 0.26 -2.77555756156e-17 0.291666666667
481 0.26 -2.77555756156e-17 0.291666666667
482 0.26 -2.77555756156e-17 0.291666666667
483 0.26 -2.77555756156e-17 0.291666666667
484 0.26 -2.77555756156e-17 0.291666666667
485 0.26 -2.77555756156e-17 0.291666666667
486 0.26 -2.77555756156e-17 0.291666666667
487 0.26 -2.77555756156e-17 0.291666666667
488 0.26 -2.77555756156e-17 0.291666666667
489 0.26 -2.77555756156e-17 0.291666666667
490 0.26 -2.77555756156e-17 0.291666666667
491 0.26 -2.77555756156e-17 0.291666666667
492 0.26 -2.77555756156e-17 0.291666666667
493 0.26 -2.77555756156e-17 0.291666666667
494 0.26 -2.77555756156e-17 0.291666666667
495 0.26 -2.77555756156e-17 0.291666666667
496 0.26 -2.77555756156e-17 0.291666666667
497 0.26 -2.77555756156e-17 0.291666666667
498 0.26 -2.77555756156e-17 0.291666666667
499 0.26 -2.77555756156e-17 0.291666666667
500 0.26 -2.77555756156e-17 0.291666666667
501 0.26 -2.77555756156e-17 0.291666666667
502 0.26 -2.77555756156e-17 0.291666666667
503 0.26 -2.77555756156e-17 0.291666666667
504 0.26 -2.77555756156e-17 0.291666666667
505 0.26 -2.77555756156e-17 0.291666666667
506 0.26 -2.77555756156e-17 0.291666666667
507 0.26 -2.77555756156e-17 0.291666666667
508 0.26 -2.77555756156e-17 0.291666666667
509 0.26 -2.77555756156e-17 0.291666666667
510 0.26 -2.77555756156e-17 0.291666666667
511 0.26 -2.77555756156e-17 0.291666666667
512 0.26 -2.77555756156e-17 0.291666666667
513 0.26 -2.77555756156e-17 0.291666666667
514 0.26 -2.77555756156e-17 0.291666666667
515 0.26 -2.77555756156e-17 0.291666666667
516 0.26 -2.77555756156e-17 0.291666666667
517 0.26 -2.77555756156e-17 0.291666666667
518 0.26 -2.77555756156e-17 0.291666666667
519 0.26 -2.77555756156e-17 0.291666666667
520 0.26 -2.77555756156e-17 0.291666666667
521 0.26 -2.77555756156e-17 0.291666666667
522 0.26 -2.77555756156e-17 0.291666666667
523 0.26 -2.77555756156e-17 0.291666666667
524 0.26 -2.77555756156e-17 0.291666666667
525 0.26 -2.77555756156e-17 0.291666666667
526 0.26 -2.77555756156e-17 0.291666666667
527 0.26 -2.77555756156e-17 0.291666666667
528 0.26 -2.77555756156e-17 0.291666666667
529 0.26 -2.77555756156e-17 0.291666666667
530 0.26 -2.77555756156e-17 0.291666666667
531 0.26 -2.77555756156e-17 0.291666666667
532 0.26 -2.77555756156e-17 0.291666666667
533 0.26 -2.77555756156e-17 0.291666666667
534 0.26 -2.77555756156e-17 0.291666666667
535 0.26 -2.77555756156e-17 0.291666666667
536 0.26 -2.77555756156e-17 0.291666666667
537 0.26 -2.77555756156e-17 0.291666666667
538 0.26 -2.77555756156e-17 0.291666666667
539 0.26 -2.77555756156e-17 0.291666666667
540 0.26 -2.77555756156e-17 0.291666666667
541 0.26 -2.77555756156e-17 0.291666666667
542 0.26 0.1 0.291666666667
543 0.26 0.1 0.291666666667
544 0.26 0.1 0.291666666667
545 0.26 0.15 0.291666666667
546 0.26 0.2 0.291666666667
547 0.26 0.2 0.291666666667
548 0.26 0.2 0.291666666667
549 0.26 0.2 0.291666666667
550 0.26 0.2 0.291666666667
551 0.26 0.2 0.291666666667
552 0.26 0.2 0.291666666667
553 0.26 0.25 0.291666666667
554 0.26 0.3 0.291666666667
555 0.26 0.3 0.291666666667
556 0.26 0.3 0.291666666667
557 0.26 0.3 0.291666666667
558 0.26 0.3 0.291666666667
559 0.26 0.3 0.291666666667
560 0.26 0.3 0.291666666667
561 0.26 0.3 0.291666666667
562 0.26 0.3 0.291666666667
563 0.26 0.3 0.291666666667
564 0.26 0.3 0.291666666667
565 0.26 0.3 0.291666666667
566 0.26 0.25 0.291666666667
567 0.26 0.2 0.291666666667
568 0.26 0.15 0.291666666667
569 0.26 0.1 0.291666666667
570 0.26 0.1 0.291666666667
571 0.26 0.05 0.291666666667
572 0.26 -2.77555756156e-17 0.291666666667
573 0.26 -2.77555756156e-17 0.291666666667
574 0.26 -2.77555756156e-17 0.291666666667
575 0.26 -2.77555756156e-17 0.291666666667
576 0.26 -2.77555756156e-17 0.291666666667
577 0.26 -2.77555756156e-17 0.291666666667
578 0.26 -2.77555756156e-17 0.291666666667
579 0.26 -2.77555756156e-17 0.291666666667
580 0.26 -2.77555756156e-17 0.291666666667
581 0.26 -2.77555756156e-17 0.291666666667
582 0.26 -2.77555756156e-17 0.291666666667
583 0.26 -2.77555756156e-17 0.291666666667
584 0.26 -2.77555756156e-17 0.291666666667
585 0.26 -2.77555756156e-17 0.291666666667
586 0.26 -2.77555756156e-17 0.291666666667
