0 0.26 0.0 0.0
1 0.26 0.0 0.0
2 0.26 0.0 0.0
3 0.26 0.0 0.0
4 0.26 0.0 0.0
5 0.26 0.0 0.0
6 0.26 0.0 0.0
7 0.26 0.0 0.0
8 0.26 0.0 0.0
9 0.26 0.0 0.0
10 0.26 0.0 0.0
11 0.26 0.0 0.0
12 0.26 0.0 0.0
13 0.26 -0.05 0.0
14 0.26 -0.1 0.0
15 0.26 -0.15 0.0
16 0.26 -0.2 0.0
17 0.26 -0.3 0.0
18 0.26 -0.35 0.0
19 0.26 -0.45 0.0
20 0.26 -0.5 0.0
21 0.26 -0.5 0.0
22 0.26 -0.5 0.03125
23 0.26 -0.5 0.06875
24 0.26 -0.5 0.075
25 0.26 -0.5 0.0875
26 0.26 -0.5 0.10625
27 0.26 -0.5 0.0
28 0.0 0.0 0.0
29 0.0 0.0 0.0
30 0.0 0.0 0.0
31 0.0 0.0 0.0
32 0.01 0.0 0.0
33 0.01 0.0 0.0
34 0.01 0.0 0.0
35 0.035 0.0 0.0
36 0.065 0.0 0.0
37 0.095 0.0 0.0
38 0.125 0.0 0.0
39 0.155 0.0 0.0
40 0.185 0.0 0.0
41 0.215 0.0 0.0
42 0.245 0.0 0.0
43 0.26 0.0 0.0
44 0.26 0.0 0.0
45 0.26 0.0 0.0
46 0.26 0.0 0.0
47 0.26 0.0 0.0
48 0.26 0.0 0.0
49 0.26 0.1 0.0
50 0.26 0.15 0.0
51 0.26 0.2 0.0
52 0.26 0.25 0.0
53 0.26 0.3 0.0
54 0.26 0.4 0.0
55 0.26 0.4 0.0
56 0.26 0.4 0.0
57 0.26 0.4 0.0
58 0.26 0.4 0.0
59 0.26 0.4 0.0375
60 0.26 0.4 0.15625
61 0.26 0.4 0.2625
62 0.26 0.4 0.3125
63 0.26 0.4 0.30625
64 0.0 0.0 0.3
65 0.0 0.0 0.29375
66 0.0 0.0 0.3
67 0.0 0.0 0.2
68 0.0 0.05 0.125
69 0.0 0.1 0.125
70 0.0 0.1 0.15
71 0.0 0.3 0.19375
72 0.0 0.6 0.248666666667
73 0.0 0.65 0.304916666667
74 0.0 0.75 0.29375
75 0.0 0.0 0.29375
76 0.0 0.0 0.08125
77 0.0 0.0 0.08125
78 0.0 0.0 0.08125
79 0.01 0.0 0.08125
80 0.01 0.0 0.0875
81 0.015 0.0 0.0875
82 0.045 0.0 0.0875
83 0.075 0.0 0.0875
84 0.1 0.0 0.0875
85 0.13 0.0 0.0875
86 0.155 0.0 0.08125
87 0.185 0.0 0.075
88 0.215 0.0 0.08125
89 0.24 0.0 0.08125
90 0.26 0.0 0.08125
91 0.26 0.0 0.08125
92 0.26 0.0 0.08125
93 0.26 0.0 0.08125
94 0.26 0.0 0.075
95 0.26 0.0 0.075
96 0.26 0.0 0.075
97 0.26 0.0 0.06875
98 0.26 0.0 0.06875
99 0.26 0.0 0.06875
100 0.26 0.0 0.0625
101 0.26 0.0 0.0625
102 0.26 0.0 0.05625
103 0.26 0.0 0.05625
104 0.26 0.0 0.05625
105 0.26 0.0 0.05
106 0.26 0.0 0.05
107 0.26 0.0 0.04375
108 0.26 0.0 0.04375
109 0.26 0.0 0.0375
110 0.26 0.0 0.03125
111 0.26 0.0 0.03125
112 0.26 0.0 0.025
113 0.26 0.0 0.025
114 0.26 0.0 0.01875
115 0.26 0.0 0.01875
116 0.26 0.0 0.0125
117 0.26 0.0 0.00625
118 0.26 0.0 0.0
119 0.26 0.0 0.0
120 0.26 0.0 0.0
121 0.26 0.0 0.0
122 0.26 0.0 0.0
123 0.26 0.0 0.0
124 0.26 0.0 0.0
125 0.26 0.0 0.0
126 0.26 0.0 0.0
127 0.26 0.0 0.0
128 0.26 0.0 0.0
129 0.26 0.1 0.0
130 0.26 0.1 0.0
131 0.26 0.2 0.0
132 0.26 0.25 0.0
133 0.26 0.3 0.0
134 0.26 0.35 0.0
135 0.26 0.4 0.0
136 0.26 0.5 0.0
137 0.26 0.5 0.0
138 0.26 0.5 0.0
139 0.26 0.5 0.0
140 0.26 0.5 0.0
141 0.26 0.5 0.0
142 0.26 0.5 0.0
143 0.26 0.5 0.0
144 0.26 0.5 0.0
145 0.26 0.5 0.0
146 0.0 0.0 0.0
147 0.0 0.0 0.0
148 0.0 0.0 0.0
149 0.005 0.0 0.0
150 0.01 0.0 0.0
151 0.01 0.0 0.0
152 0.02 0.0 0.0
153 0.05 0.0 0.0
154 0.08 0.0 0.0
155 0.105 0.0 0.0
156 0.13 0.0 0.0
157 0.165 0.0 0.0
158 0.19 0.0 0.0
159 0.22 0.0 0.0
160 0.245 0.0 0.0
161 0.26 0.0 0.0
162 0.26 0.0 0.0
163 0.26 0.0 0.0
164 0.26 0.0 0.0
165 0.26 0.0 0.0
166 0.26 0.0 0.0
167 0.26 0.0 0.0
168 0.26 0.0 0.0
169 0.26 0.0 0.0
170 0.26 0.0 0.0
171 0.26 0.0 0.0
172 0.26 -0.05 0.0
173 0.26 -0.1 0.0
174 0.26 -0.1 0.0
175 0.26 -0.15 0.0
176 0.26 -0.2 0.0
177 0.26 -0.2 0.0
178 0.26 -0.3 0.0
179 0.26 -0.3 0.0
180 0.26 -0.4 0.0
181 0.26 -0.45 0.0
182 0.26 -0.5 0.0
183 0.26 -0.5 0.0
184 0.26 -0.5 0.0
185 0.26 -0.5 0.0
186 0.26 -0.5 0.0
187 0.26 -0.5 0.0
188 0.26 -0.5 0.0
189 0.26 -0.5 0.1375
190 0.26 -0.5 0.26875
191 0.0 0.0 0.39375
192 0.0 0.0 0.5375
193 0.0 0.0 0.625
194 0.005 0.0 0.68125
195 0.01 0.0 0.69375
196 0.01 0.0 0.69375
197 0.03 0.0 0.69375
198 0.06 0.0 0.69375
199 0.09 0.0 0.69375
200 0.115 0.0 0.697333333333
