0 0.26 0.0 0.0
1 0.26 0.0 0.0
2 0.26 0.0 0.0
3 0.26 0.0 0.0
4 0.26 0.05 0.0
5 0.26 0.1 0.0
6 0.26 0.2 0.0
7 0.26 0.3 0.0
8 0.26 0.35 0.0
9 0.26 0.4 0.0
10 0.26 0.4 0.0
11 0.26 0.5 0.0
12 0.26 0.55 0.0
13 0.26 0.6 0.0
14 0.26 0.6 0.0
15 0.26 0.6 0.0
16 0.26 0.6 0.0
17 0.26 0.6 0.0
18 0.26 0.6 0.0
19 0.26 0.6 0.0
20 0.0 0.0 0.0
21 0.0 0.0 0.0
22 0.0 0.0 0.0
23 0.0 0.0 0.0
24 0.01 0.0 0.0
25 0.01 0.0 0.0
26 0.01 0.0 0.0
27 0.035 0.0 0.0
28 0.06 0.0 0.0
29 0.09 0.0 0.0
30 0.12 0.0 0.0
31 0.15 0.0 0.0
32 0.175 0.0 0.0
33 0.185 -0.1 0.0
34 0.195 -0.1 0.0
35 0.2 -0.1 0.0
36 0.21 -0.2 0.0
37 0.22 -0.2 0.0
38 0.225 -0.2 0.0
39 0.235 -0.2 0.0
40 0.245 -0.2 0.0
41 0.255 -0.2 0.0
42 0.26 -0.2 0.0
43 0.26 -0.2 0.0
44 0.26 -0.2 0.0
45 0.26 -0.2 0.0
46 0.26 -0.2 0.0
47 0.26 -0.2 0.0
48 0.26 -0.2 0.0
49 0.26 -0.2 0.0
50 0.26 -0.2 0.0
51 0.26 -0.2 0.0
52 0.26 -0.2 0.0
53 0.26 -0.25 0.0
54 0.26 -0.3 0.0
55 0.26 -0.3 0.0
56 0.26 -0.3 0.0
57 0.26 -0.3 0.0
58 0.26 -0.3 0.0
59 0.26 -0.3 0.0
60 0.26 -0.35 0.0
61 0.26 -0.4 0.0
62 0.26 -0.4 0.0
63 0.26 -0.4 0.0
64 0.26 -0.4 0.0
65 0.26 -0.4 0.0125
66 0.26 -0.4 0.11875
67 0.26 -0.4 0.225
68 0.26 -0.4 0.33125
69 0.26 -0.4 0.43125
70 0.26 -0.4 0.53125
71 0.26 -0.4 0.6375
72 0.26 -0.4 0.75
73 0.0 0.0 0.75
74 0.0 0.0 0.6625
75 0.0 0.0 0.61875
76 0.005 0.0 0.61875
77 0.01 0.0 0.61875
78 0.01 0.0 0.61875
79 0.02 0.0 0.61875
80 0.045 0.0 0.61875
81 0.075 0.0 0.61875
82 0.1 0.0 0.61875
83 0.125 0.0 0.6
84 0.135 0.05 0.59375
85 0.145 0.1 0.60625
86 0.15 0.1 0.63125
87 0.16 0.1 0.6625
88 0.17 0.1 0.68125
89 0.175 0.1 0.7125
90 0.185 0.1 0.74375
91 0.195 0.1 0.75
92 0.22 0.1 0.75
93 0.25 0.1 0.75
94 0.26 0.1 0.75
95 0.26 0.05 0.75
96 0.26 0.0 0.75
97 0.26 0.0 0.75
98 0.26 0.0 0.75
99 0.26 0.0 0.75
100 0.26 0.0 0.75
101 0.26 0.0 0.75
102 0.26 0.0 0.75
103 0.26 0.0 0.75
104 0.26 0.0 0.75
105 0.26 0.0 0.75
106 0.26 0.0 0.75
107 0.26 0.0 0.75
108 0.26 0.0 0.75
109 0.26 0.0 0.75
110 0.26 0.0 0.75
111 0.26 0.0 0.75
112 0.26 0.0 0.75
113 0.26 0.0 0.75
114 0.26 0.0 0.75
115 0.26 0.0 0.75
116 0.26 0.0 0.75
117 0.26 0.0 0.75
118 0.26 0.0 0.75
119 0.26 0.0 0.75
120 0.26 0.0 0.75
121 0.26 0.0 0.75
122 0.26 0.0 0.75
123 0.26 0.0 0.75
124 0.26 0.0 0.75
125 0.26 0.0 0.75
126 0.26 0.0 0.75
127 0.26 0.0 0.75
128 0.26 0.0 0.75
129 0.26 0.0 0.75
130 0.26 0.0 0.75
131 0.26 0.0 0.75
132 0.26 0.0 0.75
133 0.26 0.0 0.75
134 0.26 0.0 0.75
135 0.26 0.0 0.75
136 0.26 0.0 0.75
137 0.26 0.0 0.75
138 0.26 0.0 0.75
139 0.26 0.0 0.75
140 0.26 0.0 0.75
141 0.26 0.0 0.75
142 0.26 0.0 0.75
143 0.26 0.0 0.75
144 0.26 0.0 0.75
145 0.26 0.0 0.75
146 0.26 0.0 0.75
147 0.26 0.0 0.75
148 0.26 0.0 0.75
149 0.26 0.0 0.75
150 0.26 0.0 0.75
151 0.26 0.0 0.75
152 0.26 0.0 0.75
153 0.26 0.0 0.75
154 0.26 0.0 0.75
155 0.26 0.0 0.75
156 0.26 0.0 0.75
157 0.26 0.0 0.75
158 0.26 0.0 0.75
159 0.26 0.0 0.75
160 0.26 0.0 0.75
161 0.26 0.0 0.75
162 0.26 0.0 0.75
163 0.26 0.0 0.75
164 0.26 0.0 0.75
165 0.26 0.0 0.75
166 0.26 0.0 0.75
167 0.26 0.0 0.75
168 0.26 0.0 0.75
169 0.26 0.0 0.75
170 0.26 0.0 0.75
171 0.26 0.0 0.75
172 0.26 0.0 0.75
173 0.26 0.0 0.75
174 0.26 0.0 0.75
175 0.26 0.0 0.75
176 0.26 0.0 0.75
177 0.26 0.0 0.75
178 0.26 0.0 0.75
179 0.26 0.0 0.75
180 0.26 0.0 0.75
181 0.26 0.0 0.75
182 0.26 0.0 0.75
183 0.26 0.0 0.75
184 0.26 0.0 0.75
185 0.26 0.0 0.75
186 0.26 0.0 0.75
187 0.26 0.0 0.75
188 0.26 0.0 0.75
189 0.26 0.0 0.75
190 0.26 0.0 0.75
191 0.26 0.0 0.75
192 0.26 0.0 0.75
193 0.26 0.0 0.75
194 0.26 0.0 0.75
195 0.26 0.0 0.75
196 0.26 0.0 0.75
197 0.26 0.0 0.75
198 0.26 0.0 0.75
199 0.26 0.0 0.75
200 0.26 0.0 0.75
201 0.26 0.0 0.75
202 0.26 0.0 0.75
203 0.26 0.0 0.75
204 0.26 0.0 0.75
205 0.26 0.0 0.75
206 0.26 0.0 0.75
207 0.26 0.0 0.75
208 0.26 0.0 0.75
209 0.26 0.0 0.75
210 0.26 0.0 0.75
211 0.26 0.0 0.75
