0 0.26 0.0 0.0705833333333
1 0.26 0.0 0.0
2 0.26 0.0 0.0
3 0.26 0.0 0.0
4 0.26 0.0 0.0
5 0.26 0.0 0.0
6 0.26 0.0 0.0
7 0.26 0.0 0.0
8 0.26 0.0 0.0
9 0.26 0.0 0.0
10 0.26 0.0 0.0
11 0.26 0.0 0.0
12 0.26 0.0 0.0
13 0.26 0.0 0.0
14 0.26 0.0 0.0
15 0.26 0.0 0.0
16 0.26 0.0 0.0
17 0.26 -0.05 0.0
18 0.26 -0.1 0.0
19 0.26 -0.15 0.0
20 0.26 -0.2 0.0
21 0.26 -0.25 0.0
22 0.26 -0.3 0.0
23 0.26 -0.3 0.01875
24 0.26 -0.3 0.1
25 0.26 -0.3 0.175
26 0.26 -0.3 0.2625
27 0.26 -0.3 0.375
28 0.26 -0.3 0.4625
29 0.26 -0.3 0.5625
30 0.26 -0.3 0.63125
31 0.0 0.0 0.625
32 0.0 0.0 0.55625
33 0.0 0.0 0.53125
34 0.0 0.0 0.53125
35 0.01 0.0 0.53125
36 0.01 0.0 0.53125
37 0.01 0.0 0.53125
38 0.03 0.0 0.53125
39 0.055 0.0 0.53125
40 0.08 0.0 0.53125
41 0.105 0.0 0.53125
42 0.135 0.0 0.53125
43 0.16 0.0 0.53125
44 0.185 0.0 0.5375
45 0.21 0.0 0.5375
46 0.24 0.0 0.5375
47 0.26 0.0 0.53125
48 0.26 0.0 0.51875
49 0.26 0.0 0.525
50 0.26 0.0 0.525
51 0.26 0.0 0.525
52 0.26 0.0 0.5125
53 0.26 0.0 0.5
54 0.26 0.0 0.4875
55 0.26 0.0 0.47525
56 0.26 0.0 0.46875
57 0.26 0.0 0.45625
58 0.26 0.0 0.44375
59 0.26 0.0 0.43125
60 0.26 0.0 0.41875
61 0.26 0.0 0.407333333333
62 0.26 0.0 0.39375
63 0.26 0.05 0.382583333333
64 0.26 0.1 0.38125
65 0.26 0.1 0.4
66 0.26 0.2 0.41875
67 0.26 0.25 0.453583333333
68 0.26 0.3 0.50625
69 0.26 0.4 0.59375
70 0.26 0.4 0.68125
71 0.26 0.4 0.75
72 0.26 0.4 0.75
73 0.26 0.4 0.75
74 0.26 0.4 0.75
75 0.26 0.4 0.75
76 0.0 0.0 0.75
77 0.0 0.0 0.75
78 0.0 0.0 0.75
79 0.01 0.0 0.75
80 0.01 0.0 0.75
81 0.01 0.0 0.75
82 0.03 0.0 0.75
83 0.055 0.0 0.75
84 0.085 0.0 0.75
85 0.11 0.0 0.75
86 0.135 0.0 0.75
87 0.16 0.0 0.75
88 0.185 0.0 0.75
89 0.215 0.0 0.75
90 0.24 0.0 0.75
91 0.26 0.0 0.75
92 0.26 0.0 0.75
93 0.26 0.0 0.75
94 0.26 0.0 0.75
95 0.26 0.0 0.75
96 0.26 0.0 0.75
97 0.26 0.0 0.75
98 0.26 0.0 0.75
99 0.26 0.0 0.75
100 0.26 0.0 0.75
101 0.26 0.0 0.75
102 0.26 0.0 0.75
103 0.26 0.0 0.75
104 0.26 0.0 0.75
105 0.26 0.0 0.75
106 0.26 0.0 0.75
107 0.26 0.0 0.75
108 0.26 0.0 0.75
109 0.26 0.0 0.75
110 0.26 0.0 0.75
