0 0.26 0.0 0.0
1 0.26 0.0 0.0
2 0.26 0.05 0.0
3 0.26 0.1 0.0
4 0.26 0.2 0.0
5 0.26 0.3 0.0
6 0.26 0.3 0.0
7 0.26 0.3 0.0
8 0.26 0.3 0.08125
9 0.26 0.3 0.1625
10 0.26 0.3 0.2375
11 0.26 0.3 0.3375
12 0.26 0.3 0.45
13 0.26 0.3 0.53125
14 0.26 0.3 0.625
15 0.26 0.3 0.660916666667
16 0.26 0.3 0.58125
17 0.26 0.3 0.48125
18 0.0 0.0 0.380166666667
19 0.0 0.0 0.274083333333
20 0.01 0.0 0.2375
21 0.01 0.0 0.2875
22 0.025 0.0 0.362833333333
23 0.055 0.0 0.412166666667
24 0.085 0.0 0.4105
25 0.115 0.0 0.42
26 0.15 0.0 0.418083333333
27 0.17 0.0 0.4115
28 0.2 0.0 0.393916666667
29 0.235 0.0 0.377166666667
30 0.26 0.0 0.353083333333
31 0.26 0.0 0.325333333333
32 0.26 0.0 0.289083333333
33 0.26 0.0 0.2695
34 0.26 0.0 0.254416666667
35 0.26 0.0 0.234916666667
36 0.26 0.0 0.2085
37 0.26 0.0 0.17175
38 0.26 0.0 0.127166666667
39 0.26 0.0 0.0909166666667
40 0.26 0.0 0.0724166666667
41 0.26 0.0 0.0583333333333
42 0.26 0.0 0.0488333333333
43 0.26 0.0 0.02875
44 0.26 0.0 0.0148333333333
45 0.26 0.0 0.001
46 0.26 0.0 0.00025
47 0.26 0.0 0.0
48 0.26 0.0 0.0
49 0.26 0.0 0.0
50 0.26 0.0 0.0
51 0.26 0.0 0.0
52 0.26 0.0 0.0
53 0.26 0.0 0.0
54 0.26 0.0 0.0
55 0.26 0.0 0.0
56 0.26 0.0 0.0
57 0.26 0.0 0.0
58 0.26 0.0 0.0
59 0.26 0.0 0.0
60 0.26 0.0 0.0
61 0.26 0.0 0.0
62 0.26 0.0 0.0
63 0.26 0.0 0.0
64 0.26 0.0 0.0
65 0.26 0.0 0.0
66 0.26 0.0 0.0
67 0.26 0.0 0.0
68 0.26 0.0 0.0
69 0.26 0.0 0.0
70 0.26 0.0 0.0
71 0.26 0.0 0.0
72 0.26 0.0 0.0
73 0.26 0.0 0.0
74 0.26 0.0 0.0
75 0.26 0.0 0.0
76 0.26 0.0 0.0
77 0.26 -0.1 0.0
78 0.26 -0.1 0.0
79 0.26 -0.2 0.0
80 0.26 -0.2 0.0
81 0.26 -0.2 0.0
82 0.26 -0.2 0.0
83 0.26 -0.2 0.0
84 0.26 -0.2 0.0
85 0.26 -0.2 0.0
86 0.26 -0.2 0.0
87 0.26 -0.2 0.0
88 0.26 -0.2 0.0
89 0.26 -0.2 0.0
90 0.26 -0.2 0.0
91 0.26 -0.2 0.0
92 0.26 -0.2 0.0
93 0.26 -0.1 0.0
94 0.26 -0.1 0.0
95 0.26 -0.1 0.0
96 0.26 -0.1 0.0
97 0.26 -0.1 0.0
98 0.26 -0.1 0.0
99 0.26 -0.1 0.0
100 0.26 -0.1 0.0
101 0.26 -0.1 0.0
102 0.26 -0.1 0.0
103 0.26 -0.1 0.0
104 0.26 -0.1 0.0
105 0.26 -0.1 0.0
106 0.26 -0.1 0.0
107 0.26 -0.1 0.0
108 0.26 -0.1 0.0
109 0.26 -0.1 0.0
110 0.26 -0.1 0.0
111 0.26 -0.1 0.0
112 0.26 -0.1 0.0
113 0.26 -0.15 0.0
114 0.26 -0.2 0.0
115 0.26 -0.2 0.0
116 0.26 -0.2 0.0
117 0.26 -0.2 0.0
118 0.26 -0.2 0.0
119 0.26 -0.2 0.0
120 0.26 -0.2 0.0
121 0.26 -0.2 0.0
122 0.26 -0.2 0.0
123 0.26 -0.25 0.0
124 0.26 -0.3 0.0
125 0.26 -0.3 0.0
126 0.26 -0.3 0.0
127 0.26 -0.3 0.0
128 0.26 -0.3 0.0
129 0.26 -0.3 0.0
130 0.26 -0.3 0.0950833333333
131 0.26 -0.3 0.104666666667
132 0.26 -0.3 0.111916666667
133 0.26 -0.3 0.114416666667
134 0.26 -0.3 0.104083333333
135 0.26 -0.3 0.0963333333333
136 0.26 -0.2 0.118333333333
137 0.26 -0.2 0.0455
138 0.26 -0.2 0.028
139 0.26 -0.2 0.01275
140 0.26 -0.2 0.0
141 0.26 -0.2 0.0
142 0.26 -0.2 0.0
143 0.26 -0.2 0.0
144 0.26 -0.2 0.0
145 0.26 -0.2 0.0
146 0.26 -0.2 0.0
147 0.26 -0.2 0.0
148 0.26 -0.2 0.0
149 0.26 -0.15 0.0
150 0.26 -0.1 0.0
151 0.26 -0.1 0.0
152 0.26 -0.1 0.0
153 0.26 -0.1 0.0
154 0.26 -0.1 0.0
155 0.26 -0.1 0.0
156 0.26 -0.1 0.0
157 0.26 -0.1 0.0
158 0.26 -0.1 0.0
159 0.26 -0.1 0.0
160 0.26 -0.1 0.0
161 0.26 -0.1 0.0
162 0.26 -0.05 0.0
163 0.26 -2.77555756156e-17 0.0
164 0.26 -2.77555756156e-17 0.0
165 0.26 -2.77555756156e-17 0.0
166 0.26 -2.77555756156e-17 0.0
167 0.26 -2.77555756156e-17 0.0
168 0.26 -2.77555756156e-17 0.0
169 0.26 -2.77555756156e-17 0.0
170 0.26 -2.77555756156e-17 0.0
171 0.26 -2.77555756156e-17 0.0
172 0.26 -2.77555756156e-17 0.0
173 0.26 0.1 0.0
174 0.26 0.15 0.0
175 0.26 0.2 0.0
176 0.26 0.2 0.0
177 0.26 0.2 0.0
178 0.26 0.2 0.0
179 0.26 0.2 0.0
180 0.26 0.2 0.0
181 0.26 0.2 0.0
182 0.26 0.2 0.0
183 0.26 0.2 0.0
184 0.26 0.2 0.0
185 0.26 0.1 0.0
186 0.26 0.1 0.0
187 0.26 -2.77555756156e-17 0.0
188 0.26 -2.77555756156e-17 0.0
189 0.26 -2.77555756156e-17 0.0
190 0.26 -2.77555756156e-17 0.0
191 0.26 -2.77555756156e-17 0.0
192 0.26 -2.77555756156e-17 0.0
193 0.26 -2.77555756156e-17 0.0
194 0.26 -2.77555756156e-17 0.0
195 0.26 -0.05 0.0
196 0.26 -0.1 0.0
197 0.26 -0.1 0.0
198 0.26 -0.1 0.0
199 0.26 -0.15 0.0
200 0.26 -0.2 0.0
201 0.26 -0.2 0.0
202 0.26 -0.3 0.0
203 0.26 -0.3 0.0
204 0.26 -0.3 0.0
205 0.26 -0.35 0.0
206 0.26 -0.4 0.0
207 0.26 -0.4 0.0
208 0.26 -0.4 0.0
209 0.26 -0.4 0.0
210 0.26 -0.4 0.0
211 0.26 -0.4 0.0
212 0.26 -0.4 0.0
213 0.26 -0.4 0.0
214 0.26 -0.4 0.0
215 0.26 -0.4 0.11875
216 0.26 -0.4 0.15625
217 0.26 -0.4 0.15875
218 0.26 -0.4 0.265
219 0.26 -0.4 0.37125
220 0.26 -0.4 0.470833333333
221 0.26 -0.4 0.539166666667
222 0.26 -0.4 0.532416666667
223 0.26 -0.4 0.590416666667
224 0.26 -0.4 0.62375
225 0.0 0.0 0.5505
226 0.0 0.0 0.607416666667
227 0.0 0.0 0.582
228 0.01 0.0 0.513666666667
229 0.01 0.0 0.519666666667
230 0.015 0.0 0.51975
231 0.04 0.0 0.514833333333
232 0.07 0.0 0.5195
233 0.105 0.0 0.513416666667
234 0.135 0.0 0.51925
235 0.165 0.0 0.509333333333
236 0.195 0.0 0.507
237 0.205 0.0 0.506833333333
238 0.21 0.0 0.506833333333
239 0.22 0.0 0.500333333333
240 0.23 0.0 0.500166666667
241 0.24 0.0 0.500166666667
242 0.25 0.0 0.493833333333
243 0.26 0.0 0.49375
244 0.26 0.0 0.485833333333
245 0.26 0.0 0.48125
246 0.26 0.0 0.475
247 0.26 0.0 0.469
248 0.26 0.0 0.46875
249 0.26 0.0 0.0
250 0.26 0.0 0.0
251 0.26 0.0 0.0
252 0.26 0.0 0.0
253 0.26 0.0 0.0
254 0.26 0.0 0.0
255 0.26 0.0 0.0
256 0.26 0.0 0.0
257 0.26 0.0 0.0
258 0.26 0.0 0.0
259 0.26 0.0 0.0
260 0.26 0.0 0.0
261 0.26 0.0 0.0
262 0.26 0.0 0.0
263 0.26 0.0 0.0
264 0.26 0.0 0.0
265 0.26 0.0 0.0
266 0.26 0.0 0.0
267 0.26 0.0 0.0
268 0.26 0.0 0.0
269 0.26 0.0 0.0
270 0.26 0.0 0.0
271 0.26 0.0 0.0
272 0.26 0.0 0.0
273 0.26 0.0 0.0
274 0.26 0.0 0.0
275 0.26 0.0 0.0
276 0.26 0.0 0.0
277 0.26 0.0 0.0
278 0.26 0.0 0.0
279 0.26 0.0 0.0
280 0.26 0.0 0.0
281 0.26 0.0 0.0
282 0.26 0.0 0.0
283 0.26 0.0 0.0
284 0.26 0.0 0.0
285 0.26 0.0 0.0
286 0.26 0.0 0.0
287 0.26 0.0 0.0
288 0.26 0.0 0.0
289 0.26 0.0 0.0
290 0.26 0.0 0.0
291 0.26 0.0 0.0
292 0.26 0.0 0.0
293 0.26 0.0 0.0
294 0.26 0.0 0.0
295 0.26 0.0 0.0
296 0.26 0.0 0.0
