0 0.25 0.0 0.05625
1 0.255 0.0 0.05
2 0.26 0.0 0.0375
3 0.26 0.0 0.025
4 0.26 0.0 0.01875
5 0.26 0.0 0.00625
6 0.26 0.0 0.0
7 0.26 0.0 0.0
8 0.26 0.0 0.0
9 0.26 0.0 0.0
10 0.26 0.0 0.0
11 0.26 0.0 0.0
12 0.26 0.0 0.0
13 0.26 -0.05 0.0
14 0.26 -0.1 0.0
15 0.26 -0.15 0.0
16 0.26 -0.2 0.0
17 0.26 -0.3 0.0
18 0.26 -0.3 0.0
19 0.26 -0.3 0.0
20 0.26 -0.3 0.0
21 0.26 -0.3 0.0
22 0.26 -0.3 0.09375
23 0.26 -0.3 0.175
24 0.26 -0.3 0.25625
25 0.26 -0.3 0.34375
26 0.0 0.0 0.4375
27 0.0 0.0 0.54375
28 0.0 0.0 0.4625
29 0.005 0.0 0.24375
30 0.01 0.0 0.08125
31 0.01 0.0 0.0
32 0.02 0.0 0.0
33 0.045 0.0 0.0
34 0.075 0.0 0.0
35 0.1 0.0 0.0
36 0.125 0.0 0.0
37 0.15 0.0 0.0
38 0.18 0.0 0.0
39 0.21 0.0 0.0
40 0.225 0.0 0.0
41 0.23 0.0 0.0
42 0.24 0.0 0.0
43 0.25 0.0 0.0
44 0.26 0.0 0.0
45 0.26 0.0 0.0
46 0.26 0.0 0.0
47 0.26 0.0 0.0
48 0.26 0.1 0.0
49 0.26 0.15 0.0
50 0.26 0.25 0.0
51 0.26 0.3 0.0
52 0.26 0.3 0.00625
53 0.26 0.3 0.08125
54 0.26 0.3 0.15625
55 0.26 0.3 0.2375
56 0.26 0.3 0.3125
57 0.26 0.3 0.39375
58 0.26 0.3 0.475
59 0.26 0.3 0.55625
60 0.26 0.3 0.625
61 0.26 0.3 0.69375
62 0.26 0.3 0.75
63 0.26 0.3 0.75
64 0.26 0.3 0.75
65 0.26 0.3 0.75
66 0.26 0.3 0.75
67 0.0 0.0 0.75
68 0.0 0.0 0.75
69 0.0 0.0 0.75
70 0.005 0.0 0.75
71 0.01 0.0 0.75
72 0.01 0.0 0.50625
73 0.02 0.0 0.28125
74 0.03 -0.05 0.09375
75 0.03 -0.1 0.0
76 0.03 -0.1 0.0
77 0.03 -0.25 0.0
78 0.03 -0.4 0.01875
79 0.03 -0.45 0.125
80 0.03 -0.55 0.28125
81 0.03 -0.6 0.43125
82 0.03 -0.6 0.60625
83 0.03 -0.6 0.75
84 0.0 0.0 0.75
85 0.0 0.0 0.75
86 0.0 0.0 0.75
87 0.005 0.0 0.75
88 0.01 0.0 0.75
89 0.01 0.0 0.75
90 0.02 0.0 0.75
91 0.05 0.0 0.75
92 0.08 0.0 0.75
93 0.105 0.0 0.75
94 0.13 0.0 0.75
95 0.155 0.0 0.75
96 0.18 0.0 0.75
97 0.21 0.0 0.75
98 0.235 0.0 0.75
99 0.26 0.0 0.75
100 0.26 0.0 0.75
101 0.26 0.0 0.75
102 0.26 0.0 0.75
103 0.26 0.0 0.75
104 0.26 0.0 0.75
105 0.26 0.0 0.75
106 0.26 0.0 0.75
