0 0.26 0.0 0.1625
1 0.26 0.0 0.1625
2 0.26 0.0 0.1625
3 0.26 0.0 0.15625
4 0.26 0.0 0.15
5 0.26 0.0 0.14375
6 0.26 0.0 0.13125
7 0.26 0.0 0.11875
8 0.26 -0.05 0.1125
9 0.26 -0.1 0.08125
10 0.26 -0.2 0.03125
11 0.26 -0.25 0.0
12 0.26 -0.3 0.0
13 0.26 -0.4 0.0
14 0.26 -0.4 0.0
15 0.26 -0.4 0.0
16 0.26 -0.4 0.0794166666667
17 0.26 -0.4 0.2125
18 0.26 -0.4 0.325
19 0.26 -0.4 0.44375
20 0.26 -0.4 0.525
21 0.0 0.0 0.54375
22 0.0 0.0 0.5125
23 0.0 0.0 0.5
24 0.0 0.0 0.525
25 0.01 0.0 0.525
26 0.01 0.0 0.53125
27 0.01 0.0 0.53125
28 0.03 0.0 0.53125
29 0.06 0.0 0.53125
30 0.085 0.0 0.525
31 0.115 0.0 0.5125
32 0.145 0.0 0.49375
33 0.175 0.0 0.50625
34 0.2 0.0 0.50625
35 0.23 0.0 0.50625
36 0.26 0.0 0.49375
37 0.26 0.0 0.44375
38 0.26 0.0 0.45
39 0.26 0.0 0.45
40 0.26 0.0 0.45
41 0.26 0.0 0.44375
42 0.26 0.0 0.44375
43 0.26 0.0 0.44375
44 0.26 0.0 0.44375
45 0.26 0.0 0.44375
46 0.26 0.1 0.44375
47 0.26 0.1 0.4625
48 0.26 0.1 0.4875
49 0.26 0.1 0.51875
50 0.26 0.1 0.54375
51 0.26 0.1 0.5725
52 0.26 0.1 0.592333333333
53 0.26 0.1 0.60625
54 0.26 0.1 0.6205
55 0.26 0.1 0.6375
56 0.26 0.1 0.65625
57 0.26 0.15 0.675
58 0.26 0.2 0.69375
59 0.26 0.2 0.73125
60 0.26 0.2 0.75
61 0.26 0.2 0.75
62 0.26 0.2 0.75
63 0.26 0.2 0.75
64 0.26 0.2 0.75
65 0.26 0.2 0.75
66 0.26 0.2 0.75
67 0.26 0.2 0.75
68 0.26 0.2 0.75
69 0.0 0.0 0.75
70 0.0 0.0 0.75
71 0.0 0.0 0.75
72 0.01 0.0 0.75
73 0.01 0.0 0.75
74 0.01 0.0 0.75
75 0.035 0.0 0.75
76 0.065 0.0 0.75
77 0.095 0.0 0.75
78 0.12 0.0 0.75
79 0.15 0.0 0.75
80 0.18 0.0 0.75
81 0.205 0.0 0.75
82 0.235 0.0 0.75
83 0.26 0.0 0.75
84 0.26 0.0 0.75
85 0.26 0.0 0.75
86 0.26 0.0 0.75
87 0.26 0.0 0.75
88 0.26 0.0 0.75
89 0.26 0.0 0.75
90 0.26 0.0 0.75
91 0.26 0.0 0.75
92 0.26 0.0 0.75
93 0.26 0.0 0.75
94 0.26 0.0 0.75
95 0.26 0.0 0.75
96 0.26 0.0 0.75
97 0.26 0.0 0.75
98 0.26 0.0 0.75
99 0.26 0.0 0.75
100 0.26 0.0 0.75
101 0.26 0.0 0.75
102 0.26 0.0 0.75
103 0.26 0.0 0.75
104 0.26 0.0 0.75
105 0.26 0.0 0.75
106 0.26 0.0 0.75
