0 0.26 0.0 0.0
1 0.26 0.0 0.0
2 0.26 0.0 0.0
3 0.26 0.05 0.0
4 0.26 0.15 0.0
5 0.26 0.2 0.0
6 0.26 0.25 0.0
7 0.26 0.3 0.0
8 0.26 0.3 0.075
9 0.26 0.3 0.15625
10 0.26 0.3 0.24375
11 0.26 0.3 0.325
12 0.26 0.3 0.43125
13 0.26 0.3 0.50625
14 0.26 0.3 0.5875
15 0.26 0.3 0.6625
16 0.26 0.3 0.66425
17 0.26 0.3 0.585333333333
18 0.26 0.3 0.5015
19 0.26 0.3 0.419083333333
20 0.0 0.0 0.33125
21 0.0 0.0 0.24375
22 0.0 0.0 0.128333333333
23 0.005 0.0 0.1
24 0.01 0.0 0.0961666666667
25 0.01 0.0 0.09375
26 0.02 0.0 0.09375
27 0.045 0.0 0.0896666666667
28 0.075 0.0 0.0875
29 0.105 0.0 0.08125
30 0.135 0.0 0.102166666667
31 0.165 0.0 0.0961666666667
32 0.195 0.0 0.075
33 0.22 0.0 0.05625
34 0.245 0.0 0.0500833333333
35 0.26 0.0 0.03125
36 0.26 0.0 0.0125
37 0.26 0.0 0.0
38 0.26 0.0 0.0
39 0.26 0.0 0.0
40 0.26 0.0 0.0
41 0.26 0.0 0.0
42 0.26 0.0 0.0
43 0.26 0.0 0.0
44 0.26 0.0 0.0
45 0.26 0.0 0.0
46 0.26 0.0 0.0
47 0.26 0.0 0.0
48 0.26 0.0 0.0
49 0.26 0.0 0.0
50 0.26 0.0 0.0
51 0.26 0.0 0.0
52 0.26 0.0 0.0
53 0.26 0.0 0.0
54 0.26 0.0 0.0
55 0.26 0.0 0.0
56 0.26 0.0 0.0
57 0.26 0.0 0.0
58 0.26 0.0 0.0
59 0.26 0.0 0.0
60 0.26 0.0 0.0
61 0.26 0.0 0.0
62 0.26 0.0 0.0
63 0.26 0.0 0.0
64 0.26 0.0 0.0
65 0.26 0.0 0.0
66 0.26 0.0 0.0
67 0.26 0.0 0.0
68 0.26 0.0 0.0
69 0.26 0.0 0.0
70 0.26 0.0 0.0
71 0.26 0.0 0.0
72 0.26 0.0 0.0
73 0.26 0.0 0.0
74 0.26 0.0 0.0
75 0.26 0.0 0.0
76 0.26 0.0 0.0
77 0.26 0.0 0.0
78 0.26 0.0 0.0
79 0.26 0.0 0.0
80 0.26 0.0 0.0
81 0.26 0.0 0.0
82 0.26 0.0 0.0
83 0.26 0.0 0.0
84 0.26 -0.05 0.0
85 0.26 -0.1 0.0
86 0.26 -0.15 0.0
87 0.26 -0.2 0.0
88 0.26 -0.25 0.0
89 0.26 -0.3 0.0
90 0.26 -0.35 0.0
91 0.26 -0.4 0.0
92 0.26 -0.4 0.0
93 0.26 -0.4 0.0
94 0.26 -0.4 0.0
95 0.26 -0.4 0.0
96 0.26 -0.4 0.0
97 0.26 -0.4 0.0
98 0.26 -0.4 0.0
99 0.26 -0.4 0.0
100 0.26 -0.4 0.0
101 0.26 -0.4 0.0
102 0.26 -0.4 0.0
103 0.0 0.0 0.0
104 0.0 0.0 0.0
105 0.0 0.0 0.0
106 0.0 0.0 0.0
107 0.01 0.0 0.0
108 0.01 0.0 0.0
109 0.01 0.0 0.0
110 0.03 0.0 0.0
111 0.06 0.0 0.0
112 0.09 0.0 0.0
113 0.115 0.0 0.0
114 0.145 0.0 0.0
115 0.17 0.0 0.0
116 0.2 0.0 0.0
117 0.23 0.0 0.0
118 0.255 0.0 0.0
119 0.26 0.0 0.0
120 0.26 0.0 0.0
121 0.26 0.0 0.0
122 0.26 0.0 0.0
123 0.26 0.0 0.0
124 0.26 0.0 0.0
125 0.26 0.0 0.0
126 0.26 0.0 0.0
127 0.26 0.0 0.0
128 0.26 0.0 0.0
129 0.26 0.0 0.0
130 0.26 0.0 0.0
131 0.26 0.0 0.0
132 0.26 0.0 0.0
133 0.26 0.0 0.0
134 0.26 0.0 0.0
135 0.26 0.0 0.0
136 0.26 0.0 0.0
137 0.26 0.0 0.0
138 0.26 0.0 0.0
139 0.26 0.0 0.0
140 0.26 0.0 0.0
141 0.26 0.0 0.0
142 0.26 0.0 0.0
143 0.26 0.0 0.0
144 0.26 0.0 0.0
145 0.26 0.0 0.0
146 0.26 0.0 0.0
147 0.26 0.0 0.0
148 0.26 0.0 0.0
149 0.26 0.0 0.0
150 0.26 0.0 0.0
151 0.26 -0.1 0.0
152 0.26 -0.15 0.0
153 0.26 -0.2 0.0
154 0.26 -0.25 0.0
155 0.26 -0.35 0.0
156 0.26 -0.4 0.0
157 0.26 -0.4 0.0
158 0.26 -0.4 0.0
159 0.26 -0.4 0.0
160 0.26 -0.4 0.0
161 0.26 -0.4 0.0
162 0.26 -0.4 0.0
163 0.26 -0.4 0.0
164 0.26 -0.4 0.0
165 0.26 -0.4 0.04375
166 0.26 -0.4 0.126916666667
167 0.26 -0.4 0.141333333333
168 0.26 -0.4 0.150583333333
169 0.26 -0.4 0.154
170 0.26 -0.4 0.14825
171 0.26 -0.4 0.215916666667
172 0.26 -0.4 0.260833333333
173 0.26 -0.4 0.357416666667
174 0.0 0.0 0.446666666667
175 0.0 0.0 0.54825
176 0.0 0.0 0.58425
177 0.005 0.0 0.584333333333
178 0.01 0.0 0.584333333333
179 0.01 0.0 0.589333333333
180 0.025 0.0 0.58925
181 0.055 0.0 0.588583333333
182 0.085 0.0 0.585166666667
183 0.11 0.0 0.58325
184 0.14 0.0 0.52975
185 0.17 0.0 0.41825
186 0.2 0.0 0.31425
187 0.23 0.0 0.155833333333
188 0.255 0.0 0.00533333333333
189 0.26 0.0 0.0
190 0.26 0.0 0.0
191 0.26 0.0 0.0
192 0.26 0.0 0.0
193 0.26 0.0 0.0
194 0.26 0.0 0.0
195 0.26 0.0 0.0
196 0.26 0.0 0.0
197 0.26 0.0 0.0
198 0.26 0.0 0.0
199 0.26 0.0 0.0
200 0.26 0.0 0.0
201 0.26 0.0 0.0
202 0.26 0.0 0.0
203 0.26 0.0 0.0
204 0.26 0.0 0.0
205 0.26 0.0 0.0
206 0.26 0.0 0.0
207 0.26 0.0 0.0
208 0.26 0.0 0.0
209 0.26 0.0 0.0
210 0.26 0.0 0.0
211 0.26 0.0 0.0
212 0.26 0.0 0.0
213 0.26 0.0 0.0
214 0.26 0.0 0.0
215 0.26 0.0 0.0
216 0.26 0.0 0.0
217 0.26 0.0 0.0
218 0.26 0.0 0.0
219 0.26 0.0 0.0
220 0.26 0.0 0.0
221 0.26 0.0 0.0
222 0.26 0.0 0.0
223 0.26 0.0 0.0
224 0.26 0.0 0.0
225 0.26 0.0 0.0
226 0.26 0.0 0.0
227 0.26 0.0 0.0
228 0.26 0.0 0.0
229 0.26 -0.05 0.0
230 0.26 -0.1 0.0
231 0.26 -0.1 0.0
232 0.26 -0.1 0.0
233 0.26 -0.1 0.0
234 0.26 -0.1 0.0
235 0.26 -0.1 0.0
236 0.26 -0.1 0.0
237 0.26 -0.1 0.0
238 0.26 -0.1 0.0
239 0.26 -0.1 0.0
240 0.26 -0.1 0.0
241 0.26 -0.1 0.0
242 0.26 -0.1 0.0
243 0.26 -0.1 0.0
244 0.26 -0.1 0.0
245 0.26 -0.1 0.0
246 0.26 -0.1 0.0
247 0.26 -0.1 0.0
248 0.26 -0.1 0.0
249 0.26 -0.1 0.0
250 0.26 -0.1 0.0
251 0.26 -0.1 0.0
252 0.26 -0.1 0.0
253 0.26 -0.1 0.0
254 0.26 -0.2 0.0
255 0.26 -0.2 0.0
256 0.26 -0.2 0.0
257 0.26 -0.2 0.0
258 0.26 -0.2 0.0
259 0.26 -0.2 0.0
260 0.26 -0.2 0.0
261 0.26 -0.2 0.0
262 0.26 -0.3 0.0
263 0.26 -0.3 0.0
264 0.26 -0.3 0.0
265 0.26 -0.3 0.0
266 0.26 -0.3 0.0
267 0.26 -0.3 0.0
268 0.26 -0.4 0.0
269 0.26 -0.4 0.09375
270 0.26 -0.4 0.182083333333
271 0.26 -0.4 0.182916666667
272 0.26 -0.4 0.261083333333
273 0.26 -0.4 0.36
274 0.26 -0.4 0.45875
275 0.26 -0.4 0.544166666667
276 0.26 -0.4 0.549583333333
277 0.26 -0.4 0.58325
278 0.0 0.0 0.616833333333
279 0.0 0.0 0.550416666667
280 0.0 0.0 0.426166666667
281 0.0 0.0 0.3885
282 0.0 0.0 0.3885
283 0.005 0.0 0.3885
284 0.01 0.0 0.388416666667
285 0.01 0.0 0.388416666667
286 0.03 0.0 0.388333333333
287 0.06 0.0 0.388166666667
288 0.09 0.0 0.389416666667
289 0.115 0.0 0.388583333333
290 0.145 0.0 0.387666666667
291 0.175 0.0 0.375583333333
292 0.205 0.0 0.381666666667
293 0.23 0.0 0.368333333333
294 0.255 0.0 0.34925
295 0.26 0.0 0.316333333333
296 0.26 0.0 0.310333333333
297 0.26 0.0 0.303833333333
298 0.26 0.0 0.29675
299 0.26 0.0 0.290666666667
300 0.26 0.0 0.283166666667
301 0.26 0.0 0.27975
302 0.26 0.0 0.272166666667
303 0.26 0.0 0.27
304 0.26 0.0 0.266416666667
305 0.26 0.0 0.258583333333
306 0.26 0.0 0.254833333333
307 0.26 0.0 0.245666666667
308 0.26 0.0 0.237083333333
309 0.26 0.0 0.233583333333
310 0.26 0.0 0.22475
311 0.26 0.0 0.189833333333
312 0.26 0.0 0.144083333333
313 0.26 0.0 0.0911666666667
314 0.26 0.0 0.04575
315 0.26 0.0 0.03625
316 0.26 0.0 0.03125
317 0.26 0.0 0.027
318 0.26 0.0 0.0215833333333
319 0.26 0.0 0.0175833333333
320 0.26 0.0 0.0135
321 0.26 0.0 0.0103333333333
322 0.26 0.0 0.00733333333333
323 0.26 0.0 0.00566666666667
324 0.26 0.0 0.00341666666667
325 0.26 0.0 0.00158333333333
326 0.26 0.0 0.000666666666667
327 0.26 0.0 0.0
328 0.26 0.0 0.0
329 0.26 0.0 0.0
330 0.26 0.0 0.0
331 0.26 0.0 0.0
332 0.26 0.0 0.0
333 0.26 0.0 0.0
334 0.26 0.0 0.0
335 0.26 0.0 0.0
336 0.26 0.0 0.0
337 0.26 0.0 0.0
338 0.26 0.0 0.0
339 0.26 0.0 0.0
340 0.26 0.0 0.0
341 0.26 0.0 0.0
342 0.26 0.0 0.0
343 0.26 0.0 0.0
344 0.26 0.1 0.0
345 0.26 0.1 0.0
346 0.26 0.1 0.0
347 0.26 0.1 0.0
348 0.26 0.1 0.0
349 0.26 0.1 0.0
350 0.26 0.1 0.0
351 0.26 0.0 0.0
352 0.26 0.0 0.0
