0 0.26 0.0 0.0
1 0.26 0.0 0.0
2 0.26 0.0 0.0
3 0.26 0.0 0.0
4 0.26 0.0 0.0
5 0.26 0.0 0.0
6 0.26 0.0 0.0
7 0.26 0.0 0.0
8 0.26 0.0 0.0
9 0.26 0.0 0.0
10 0.26 0.0 0.0
11 0.26 0.0 0.0
12 0.26 0.0 0.0
13 0.26 0.0 0.0
14 0.26 -0.1 0.0
15 0.26 -0.1 0.0
16 0.26 -0.2 0.0
17 0.26 -0.25 0.0
18 0.26 -0.3 0.0
19 0.26 -0.4 0.0
20 0.26 -0.45 0.0
21 0.26 -0.5 0.04375
22 0.26 -0.5 0.15625
23 0.26 -0.5 0.1625
24 0.26 -0.5 0.18125
25 0.26 -0.5 0.20625
26 0.26 -0.5 0.125
27 0.26 -0.5 0.0
28 0.26 -0.5 0.0
29 0.26 -0.5 0.0
30 0.0 0.0 0.0
31 0.0 0.0 0.0
32 0.0 0.0 0.0
33 0.01 0.0 0.0
34 0.01 0.0 0.0
35 0.01 0.0 0.0
36 0.035 0.0 0.0
37 0.06 0.0 0.0
38 0.09 0.0 0.0
39 0.11 0.0 0.0
40 0.14 0.0 0.0
41 0.165 0.0 0.0
42 0.195 0.0 0.0
43 0.22 0.0 0.0
44 0.25 0.0 0.0
45 0.26 0.0 0.0
46 0.26 0.0 0.0
47 0.26 0.0 0.0
48 0.26 0.0 0.0
49 0.26 0.0 0.0
50 0.26 0.0 0.0
51 0.26 0.0 0.0
52 0.26 0.0 0.0
53 0.26 0.0 0.0
54 0.26 0.0 0.0
55 0.26 0.0 0.0
56 0.26 0.0 0.0
57 0.26 0.0 0.0
58 0.26 0.0 0.0
59 0.26 0.0 0.0
60 0.26 0.0 0.0
61 0.26 0.0 0.0
62 0.26 0.0 0.0
63 0.26 0.0 0.0
64 0.26 0.0 0.0
65 0.26 0.0 0.0
66 0.26 0.0 0.0
67 0.26 0.0 0.0
68 0.26 0.0 0.0
69 0.26 0.0 0.0
70 0.26 0.0 0.0
71 0.26 0.0 0.0
72 0.26 0.0 0.0
73 0.26 0.0 0.0
74 0.26 0.0 0.0
75 0.26 0.0 0.0
76 0.26 0.05 0.0
77 0.26 0.1 0.0
78 0.26 0.15 0.0
79 0.26 0.2 0.0
80 0.26 0.2 0.0
81 0.26 0.3 0.0
82 0.26 0.3 0.0
83 0.26 0.3 0.0
84 0.26 0.3 0.0
85 0.26 0.3 0.0
86 0.26 0.3 0.0
87 0.26 0.3 0.0
88 0.26 0.3 0.09375
89 0.26 0.3 0.18125
90 0.0 0.0 0.26875
91 0.0 0.0 0.39375
92 0.0 0.0 0.3875
93 0.005 0.0 0.325
94 0.01 0.0 0.25625
95 0.01 0.0 0.25
96 0.025 0.0 0.25
97 0.05 0.0 0.25625
98 0.08 0.0 0.25625
99 0.105 0.0 0.248583333333
100 0.115 0.0 0.2375
101 0.125 -0.1 0.2375
102 0.14 -0.1 0.2625
103 0.145 -0.1 0.29375
104 0.155 -0.1 0.31875
105 0.175 -0.1 0.34375
106 0.2 -0.1 0.375
107 0.23 -0.1 0.3875
108 0.255 -0.1 0.39375
109 0.26 -0.1 0.4
110 0.26 -0.1 0.39375
111 0.26 -0.1 0.4
112 0.26 -0.05 0.40625
113 0.26 0.0 0.4125
114 0.26 0.0 0.4125
115 0.26 0.0 0.41875
116 0.26 0.0 0.41875
117 0.26 0.0 0.425
118 0.26 0.0 0.425
119 0.26 0.0 0.4375
120 0.26 0.0 0.4375
121 0.26 0.0 0.44375
122 0.26 0.0 0.44375
123 0.26 0.0 0.45
124 0.26 0.0 0.4625
125 0.26 0.0 0.46875
126 0.26 0.0 0.46875
127 0.26 0.0 0.48125
128 0.26 0.0 0.4875
129 0.26 0.0 0.4875
130 0.26 0.0 0.5
131 0.26 0.0 0.50625
132 0.26 0.0 0.5125
133 0.26 0.0 0.523416666667
134 0.26 0.0 0.53125
135 0.26 0.0 0.5375
136 0.26 0.0 0.55
137 0.26 0.0 0.55625
138 0.26 0.0 0.55
139 0.26 0.0 0.55
140 0.26 0.0 0.55
141 0.26 0.0 0.54375
142 0.26 0.0 0.54375
143 0.26 0.0 0.54375
144 0.26 0.0 0.54375
145 0.26 0.0 0.5375
146 0.26 0.0 0.5375
147 0.26 0.0 0.5375
148 0.26 0.0 0.53125
149 0.26 0.0 0.53125
150 0.26 0.0 0.53125
151 0.26 0.0 0.525
152 0.26 0.0 0.525
153 0.26 0.0 0.525
154 0.26 0.0 0.525
155 0.26 0.0 0.525
156 0.26 0.0 0.525
157 0.26 0.0 0.525
158 0.26 0.0 0.525
159 0.26 0.0 0.525
160 0.26 0.0 0.525
161 0.26 0.0 0.51875
162 0.26 0.0 0.525
163 0.26 0.0 0.51875
164 0.26 0.0 0.51875
165 0.26 0.0 0.521
166 0.26 0.0 0.51875
167 0.26 0.0 0.525
168 0.26 0.0 0.51875
169 0.26 0.0 0.51875
170 0.26 0.0 0.51875
171 0.26 0.05 0.51875
172 0.26 0.1 0.53125
173 0.26 0.1 0.55625
174 0.26 0.1 0.58125
175 0.26 0.1 0.6125
176 0.26 0.1 0.64375
177 0.26 0.1 0.66875
178 0.26 0.1 0.70625
179 0.26 0.1 0.7375
180 0.26 0.05 0.75
181 0.26 0.0 0.75
182 0.26 0.0 0.75
183 0.26 0.0 0.75
184 0.26 0.0 0.75
185 0.26 0.0 0.75
186 0.26 0.0 0.75
187 0.26 0.0 0.75
188 0.26 0.0 0.75
189 0.26 0.0 0.75
190 0.26 0.0 0.75
191 0.26 0.0 0.75
192 0.26 0.0 0.75
193 0.26 0.0 0.75
194 0.26 0.0 0.75
195 0.26 0.0 0.75
196 0.26 0.0 0.75
197 0.26 0.0 0.75
198 0.26 0.0 0.75
199 0.26 0.0 0.75
200 0.26 0.0 0.75
201 0.26 0.0 0.75
202 0.26 0.0 0.75
203 0.26 0.0 0.75
204 0.26 0.0 0.75
205 0.26 0.0 0.75
206 0.26 0.0 0.75
207 0.26 0.0 0.75
208 0.26 0.0 0.75
209 0.26 0.0 0.75
210 0.26 0.0 0.75
211 0.26 0.0 0.75
