0 0.26 0.0 0.0
1 0.26 0.0 0.0
2 0.26 0.0 0.0
3 0.26 0.0 0.0
4 0.26 0.0 0.0
5 0.26 0.0 0.0
6 0.26 0.0 0.0
7 0.26 0.0 0.0
8 0.26 0.0 0.0
9 0.26 -0.1 0.0
10 0.26 -0.1 0.0
11 0.26 -0.2 0.0
12 0.26 -0.25 0.0
13 0.26 -0.3 0.0
14 0.26 -0.35 0.0
15 0.26 -0.4 0.0
16 0.26 -0.5 0.0
17 0.26 -0.5 0.0875
18 0.26 -0.5 0.259416666667
19 0.26 -0.5 0.26875
20 0.26 -0.5 0.2875
21 0.26 -0.5 0.3125
22 0.0 0.0 0.15625
23 0.0 0.0 0.025
24 0.0 0.0 0.00625
25 0.005 0.0 0.1
26 0.01 0.0 0.26875
27 0.01 0.0 0.3875
28 0.02 0.0 0.38125
29 0.025 0.0 0.377
30 0.03 -0.1 0.375
31 0.03 -0.1 0.37275
32 0.03 -0.1 0.375
33 0.03 -0.25 0.38125
34 0.03 -0.5 0.38125
35 0.03 -0.7 0.3625
36 0.03 -0.8 0.15625
37 0.0 0.0 0.0
38 0.0 0.0 0.0
39 0.01 0.0 0.0
40 0.01 0.0 0.0
41 0.01 0.0 0.0
42 0.03 0.0 0.0
43 0.06 0.0 0.0
44 0.085 0.0 0.0
45 0.11 0.0 0.0
46 0.135 0.0 0.0
47 0.165 0.0 0.0
48 0.19 0.0 0.0
49 0.215 0.0 0.0
50 0.24 0.0 0.0
51 0.26 0.0 0.0
52 0.26 0.0 0.0
53 0.26 0.0 0.0
54 0.26 0.0 0.0
55 0.26 0.0 0.0
56 0.26 0.0 0.0
57 0.26 0.1 0.0
58 0.26 0.1 0.0
59 0.26 0.2 0.0
60 0.26 0.2 0.0
61 0.26 0.25 0.0
62 0.26 0.3 0.0
63 0.26 0.3 0.0
64 0.26 0.4 0.0
65 0.26 0.4 0.0
66 0.26 0.4 0.0
67 0.26 0.5 0.0
68 0.26 0.5 0.0625
69 0.26 0.5 0.2065
70 0.26 0.5 0.325
71 0.26 0.5 0.31875
72 0.26 0.5 0.3125
73 0.26 0.5 0.30625
74 0.26 0.5 0.19375
75 0.0 0.0 0.0540833333333
76 0.0 0.0 0.0375
77 0.0 0.0 0.16875
78 0.0 0.0 0.1875
79 0.005 0.0 0.1875
80 0.01 0.0 0.1875
81 0.01 0.0 0.1875
82 0.025 0.0 0.1875
83 0.055 0.0 0.1875
84 0.08 0.0 0.18125
85 0.105 0.0 0.18125
86 0.13 0.0 0.18125
87 0.155 0.0 0.19375
88 0.185 0.0 0.19375
89 0.21 0.0 0.20625
90 0.235 0.0 0.19375
91 0.26 0.0 0.19375
92 0.26 0.0 0.1875
93 0.26 0.0 0.18125
94 0.26 0.0 0.18125
95 0.26 0.0 0.175
96 0.26 0.0 0.175
97 0.26 0.0 0.16875
98 0.26 0.0 0.1625
99 0.26 0.0 0.1625
100 0.26 0.0 0.15625
101 0.26 0.0 0.15
102 0.26 0.0 0.14375
103 0.26 0.0 0.14375
104 0.26 0.0 0.1375
105 0.26 0.0 0.13125
106 0.26 0.0 0.125
107 0.26 0.0 0.11875
108 0.26 0.0 0.117833333333
109 0.26 0.0 0.10625
110 0.26 0.0 0.1
111 0.26 0.0 0.09375
112 0.26 0.0 0.0875
113 0.26 0.0 0.08125
114 0.26 0.0 0.075
115 0.26 0.0 0.06875
116 0.26 0.0 0.0625
117 0.26 0.0 0.05625
118 0.26 0.0 0.04375
119 0.26 0.0 0.0375
120 0.26 0.0 0.03125
121 0.26 0.0 0.01875
122 0.26 0.0 0.0125
123 0.26 0.0 0.0
124 0.26 0.0 0.0
125 0.26 0.0 0.0
126 0.26 0.0 0.0
127 0.26 0.0 0.0
128 0.26 0.0 0.0
129 0.26 0.0 0.0
130 0.26 0.0 0.0
131 0.26 0.0 0.0
132 0.26 0.0 0.0
133 0.26 0.0 0.0
134 0.26 0.0 0.0
135 0.26 0.0 0.0
136 0.26 0.0 0.0
137 0.26 0.0 0.0
138 0.26 0.0 0.0
139 0.26 0.05 0.0
140 0.26 0.1 0.0
141 0.26 0.15 0.0
142 0.26 0.2 0.0
143 0.26 0.3 0.0
144 0.26 0.35 0.0
145 0.26 0.4 0.0
146 0.26 0.4 0.0
147 0.26 0.4 0.0
148 0.26 0.45 0.0
149 0.26 0.5 0.0
150 0.26 0.5 0.0
151 0.26 0.5 0.0
152 0.0 0.0 0.0
153 0.0 0.0 0.0
154 0.0 0.0 0.0
155 0.005 0.0 0.0
156 0.01 0.0 0.0
157 0.01 0.0 0.0
158 0.02 0.0 0.0
159 0.045 0.0 0.0
160 0.075 0.0 0.0
161 0.105 0.0 0.0
162 0.13 0.0 0.0
163 0.16 0.0 0.0
164 0.19 0.0 0.0
165 0.22 0.0 0.0
166 0.245 0.0 0.0
167 0.26 0.0 0.0
168 0.26 0.0 0.0
169 0.26 0.0 0.0
170 0.26 0.0 0.0
171 0.26 0.0 0.0
172 0.26 0.0 0.0
173 0.26 0.0 0.0
174 0.26 0.0 0.0
175 0.26 0.0 0.0
176 0.26 0.0 0.0
177 0.26 -0.05 0.0
178 0.26 -0.1 0.0
179 0.26 -0.1 0.0
180 0.26 -0.2 0.0
181 0.26 -0.2 0.0
182 0.26 -0.3 0.0
183 0.26 -0.3 0.0
184 0.26 -0.35 0.0
185 0.26 -0.4 0.0
186 0.26 -0.4 0.0
187 0.26 -0.4 0.0
188 0.26 -0.4 0.0
189 0.26 -0.4 0.0
190 0.26 -0.4 0.0
191 0.26 -0.4 0.1
192 0.26 -0.4 0.225
193 0.26 -0.4 0.35625
194 0.0 0.0 0.4875
195 0.0 0.0 0.65625
196 0.0 0.0 0.75
197 0.0 0.0 0.75
198 0.01 0.0 0.75
199 0.01 0.0 0.75
200 0.01 0.0 0.75
201 0.035 0.0 0.75
202 0.065 0.0 0.75
203 0.09 0.0 0.75
204 0.12 0.0 0.75
205 0.15 0.0 0.75
206 0.175 0.0 0.75
207 0.205 0.0 0.75
208 0.235 0.0 0.75
209 0.255 0.0 0.75
