0 0.26 0.0 0.0
1 0.26 0.0 0.0
2 0.26 0.05 0.0
3 0.26 0.1 0.0
4 0.26 0.15 0.0
5 0.26 0.2 0.0
6 0.26 0.25 0.0
7 0.26 0.3 0.0
8 0.26 0.35 0.0
9 0.26 0.4 0.0
10 0.26 0.4 0.0
11 0.26 0.4 0.0
12 0.26 0.4 0.0
13 0.26 0.4 0.0
14 0.26 0.4 0.0
15 0.26 0.4 0.0
16 0.26 0.4 0.0
17 0.26 0.4 0.0
18 0.26 0.4 0.0
19 0.26 0.4 0.0
20 0.26 0.4 0.0
21 0.0 0.0 0.0
22 0.0 0.0 0.0
23 0.0 0.0 0.0
24 0.01 0.0 0.0
25 0.01 0.0 0.0
26 0.015 0.0 0.0
27 0.045 0.0 0.0
28 0.075 0.0 0.0
29 0.1 0.0 0.0
30 0.13 0.0 0.0
31 0.16 0.0 0.0
32 0.19 0.0 0.0
33 0.22 0.0 0.0
34 0.25 0.0 0.0
35 0.26 0.0 0.0
36 0.26 0.0 0.0
37 0.26 0.0 0.0
38 0.26 0.0 0.0
39 0.26 0.0 0.0
40 0.26 0.0 0.0
41 0.26 0.0 0.0
42 0.26 0.0 0.0
43 0.26 0.0 0.0
44 0.26 -0.1 0.0
45 0.26 -0.1 0.0
46 0.26 -0.15 0.0
47 0.26 -0.2 0.0
48 0.26 -0.2 0.0
49 0.26 -0.25 0.0
50 0.26 -0.3 0.0
51 0.26 -0.3 0.0
52 0.26 -0.4 0.0
53 0.26 -0.4 0.0
54 0.26 -0.4 0.0
55 0.26 -0.4 0.0
56 0.26 -0.4 0.0
57 0.26 -0.4 0.0
58 0.26 -0.4 0.0
59 0.26 -0.4 0.0
60 0.26 -0.4 0.0
61 0.26 -0.4 0.0
62 0.26 -0.4 0.101666666667
63 0.26 -0.4 0.20625
64 0.26 -0.4 0.30625
65 0.26 -0.4 0.425
66 0.0 0.0 0.55
67 0.0 0.0 0.58125
68 0.005 0.0 0.54375
69 0.01 0.0 0.50625
70 0.01 0.0 0.5
71 0.02 0.0 0.5
72 0.05 0.0 0.5
73 0.08 0.0 0.5
74 0.105 0.0 0.51875
75 0.135 0.0 0.525
76 0.16 0.0 0.525
77 0.19 0.0 0.51875
78 0.22 0.0 0.51875
79 0.25 0.0 0.51875
80 0.26 0.0 0.51875
81 0.26 0.0 0.51875
82 0.26 0.0 0.51875
83 0.26 -0.1 0.51875
84 0.26 -0.1 0.5375
85 0.26 -0.1 0.575
86 0.26 -0.05 0.6
87 0.26 0.0 0.61875
88 0.26 0.0 0.61875
89 0.26 0.0 0.61875
90 0.26 0.0 0.61875
91 0.26 0.0 0.61875
92 0.26 0.0 0.625
93 0.26 0.0 0.625
94 0.26 0.0 0.625
95 0.26 0.0 0.625
96 0.26 0.0 0.625
97 0.26 0.0 0.63125
98 0.26 0.0 0.63125
99 0.26 0.0 0.63125
100 0.26 0.0 0.63125
101 0.26 0.0 0.63125
102 0.26 0.0 0.6375
103 0.26 0.0 0.6375
104 0.26 0.0 0.6375
105 0.26 0.0 0.6375
106 0.26 0.0 0.64375
107 0.26 0.0 0.64375
108 0.26 0.0 0.64375
109 0.26 0.0 0.64375
110 0.26 0.0 0.64375
111 0.26 0.0 0.65
112 0.26 0.0 0.65
113 0.26 0.0 0.65
114 0.26 0.0 0.65
115 0.26 0.0 0.65
116 0.26 0.0 0.65625
117 0.26 0.0 0.65625
118 0.26 0.0 0.65625
119 0.26 0.0 0.65625
120 0.26 0.0 0.65625
121 0.26 0.0 0.6625
122 0.26 0.0 0.6625
123 0.26 0.0 0.6625
124 0.26 0.0 0.6625
125 0.26 0.0 0.66875
126 0.26 0.0 0.66875
127 0.26 0.0 0.66875
128 0.26 0.0 0.66875
129 0.26 0.0 0.66875
130 0.26 0.0 0.675
131 0.26 0.0 0.675
132 0.26 0.0 0.675
133 0.26 0.0 0.675
134 0.26 0.0 0.68125
135 0.26 0.0 0.68125
136 0.26 0.0 0.68125
137 0.26 0.0 0.68125
138 0.26 0.0 0.68125
139 0.26 0.0 0.6875
140 0.26 0.0 0.6875
141 0.26 0.0 0.6875
142 0.26 0.0 0.6875
143 0.26 0.0 0.69375
144 0.26 0.0 0.69375
145 0.26 0.0 0.69375
146 0.26 0.0 0.69375
147 0.26 0.0 0.69375
148 0.26 0.0 0.7
149 0.26 0.0 0.7
150 0.26 0.0 0.7
151 0.26 0.0 0.7
152 0.26 0.0 0.70625
153 0.26 0.0 0.70625
154 0.26 0.0 0.70625
155 0.26 0.0 0.70625
156 0.26 0.0 0.711
157 0.26 0.0 0.7125
158 0.26 0.0 0.71875
159 0.26 0.0 0.719916666667
160 0.26 0.0 0.73125
161 0.26 0.0 0.73125
162 0.26 0.0 0.7375
163 0.26 0.0 0.74375
164 0.26 0.0 0.74375
165 0.26 0.0 0.75
166 0.26 0.0 0.75
167 0.26 0.0 0.75
168 0.26 0.0 0.75
169 0.26 0.0 0.75
170 0.26 0.0 0.75
171 0.26 0.0 0.75
172 0.26 0.0 0.75
173 0.26 0.0 0.75
174 0.26 0.0 0.75
175 0.26 0.0 0.75
176 0.26 0.0 0.75
177 0.26 0.0 0.75
178 0.26 0.0 0.75
179 0.26 0.0 0.75
180 0.26 0.0 0.75
181 0.26 0.0 0.75
182 0.26 0.0 0.75
183 0.26 0.0 0.75
184 0.26 0.0 0.75
185 0.26 0.0 0.75
186 0.26 0.0 0.75
187 0.26 0.0 0.75
188 0.26 0.0 0.75
189 0.26 0.0 0.75
190 0.26 0.0 0.75
191 0.26 0.0 0.75
192 0.26 0.0 0.75
193 0.26 0.0 0.75
194 0.26 0.0 0.75
195 0.26 0.0 0.75
196 0.26 0.0 0.75
197 0.26 0.0 0.75
