0 0.26 0.0 0.05775
1 0.26 0.0 0.0
2 0.26 0.0 0.0
3 0.26 0.0 0.0
4 0.26 0.0 0.0
5 0.26 0.0 0.0
6 0.26 0.0 0.0
7 0.26 -0.1 0.0
8 0.26 -0.1 0.0
9 0.26 -0.1 0.0
10 0.26 -0.4 0.0
11 0.26 -0.6 0.06875
12 0.26 -0.7 0.225
13 0.26 -0.75 0.4125
14 0.26 -0.85 0.54375
15 0.26 -0.95 0.43125
16 0.26 -1.0 0.175
17 0.26 -1.1 0.0
18 0.26 -1.1 0.0
19 0.0 0.0 0.0
20 0.0 0.0 0.0
21 0.0 0.0 0.0
22 0.0 0.0 0.0
23 0.0 0.0 0.0
24 0.0 0.05 0.0
25 0.0 0.1 0.0
26 0.0 0.1 0.0
27 0.0 0.1 0.0
28 0.0 0.35 0.0
29 0.0 0.55 0.0
30 0.0 0.65 0.0
31 0.0 0.7 0.0
32 0.0 0.8 0.0
33 0.0 0.85 0.0
34 0.0 0.95 0.0
35 0.0 0.0 0.0
36 0.005 0.0 0.0
37 0.01 0.0 0.0
38 0.01 0.0 0.0
39 0.025 0.0 0.0
40 0.055 0.0 0.0
41 0.08 0.0 0.0
42 0.095 -0.05 0.0
43 0.105 -0.1 0.0
44 0.11 -0.1 0.0
45 0.12 -0.1 0.0
46 0.135 -0.1 0.0
47 0.14 -0.1 0.0
48 0.15 -0.1 0.0
49 0.165 -0.1 0.0
50 0.195 -0.1 0.0
51 0.22 -0.1 0.0
52 0.23 -0.1 0.0
53 0.24 -0.1 0.0
54 0.245 -0.05 0.0
55 0.255 0.0 0.0
56 0.26 0.0 0.0
57 0.26 0.0 0.0
58 0.26 0.0 0.0
59 0.26 0.0 0.0
60 0.26 0.0 0.0
61 0.26 0.0 0.0
62 0.26 0.0 0.0
63 0.26 0.0 0.0
64 0.26 0.0 0.0
65 0.26 0.0 0.0
66 0.26 0.0 0.0
67 0.26 0.0 0.0
68 0.26 0.0 0.0
69 0.26 0.0 0.0
70 0.26 0.0 0.0
71 0.26 0.0 0.0
72 0.26 0.0 0.0
73 0.26 0.0 0.0
74 0.26 0.0 0.0
75 0.26 0.0 0.0
76 0.26 0.0 0.0
77 0.26 0.0 0.0
78 0.26 0.0 0.0
79 0.26 0.0 0.0
80 0.26 0.0 0.0
81 0.25 0.0 0.0
82 0.25 0.0 0.0
83 0.25 0.0 0.0
84 0.25 0.0 0.0
85 0.25 0.0 0.0
86 0.25 0.0 0.0
87 0.25 0.0 0.0
88 0.25 0.0 0.0
89 0.25 0.0 0.0
90 0.25 0.0 0.0
91 0.25 0.05 0.0
92 0.25 0.1 0.0
93 0.25 0.1 0.0
94 0.25 0.15 0.0
95 0.25 0.4 0.0
96 0.25 0.65 0.0
97 0.25 0.75 0.0
98 0.25 0.8 0.0
99 0.25 0.9 0.0
100 0.25 1.0 0.0
101 0.25 1.05 0.0
102 0.0 0.0 0.0
103 0.0 0.0 0.05
104 0.0 0.0 0.26875
105 0.0 0.0 0.25625
106 0.0 0.0 0.24375
107 0.0 0.0 0.1875
108 0.0 0.0 0.16875
109 0.0 -0.1 0.16875
110 0.0 -0.1 0.1875
111 0.0 -0.1 0.2125
112 0.0 -0.35 0.24375
113 0.0 -0.6 0.25
114 0.0 -0.7 0.25625
115 0.0 -0.8 0.275
116 0.0 0.0 0.10625
117 0.0 0.0 0.0
118 0.005 0.0 0.0
119 0.01 0.0 0.0
120 0.01 0.0 0.0
121 0.02 0.0 0.0
122 0.045 0.0 0.0
123 0.075 0.0 0.0
124 0.1 0.0 0.0
125 0.13 0.0 0.0
126 0.155 0.0 0.0
127 0.185 0.0 0.0
128 0.21 0.0 0.0
129 0.24 0.0 0.0
130 0.26 0.0 0.0
131 0.26 0.0 0.0
132 0.26 0.0 0.0
133 0.26 0.0 0.0
134 0.26 0.0 0.0
135 0.26 0.1 0.0
136 0.26 0.1 0.0
137 0.26 0.1 0.0
138 0.26 0.2 0.0
139 0.26 0.2 0.0
140 0.26 0.2 0.05625
141 0.26 0.2 0.10625
142 0.26 0.2 0.15925
143 0.26 0.2 0.208916666667
144 0.26 0.2 0.2625
145 0.26 0.2 0.3125
146 0.26 0.2 0.36875
147 0.0 0.0 0.41875
148 0.0 0.0 0.45
149 0.0 0.0 0.45625
150 0.005 0.0 0.45625
151 0.01 0.0 0.45625
152 0.01 0.0 0.45625
153 0.015 0.0 0.45625
154 0.04 0.0 0.45625
155 0.07 0.0 0.45625
156 0.095 0.0 0.45625
157 0.125 0.0 0.45625
158 0.15 0.0 0.45
159 0.18 0.0 0.44375
160 0.205 0.0 0.44375
161 0.23 0.0 0.43125
162 0.255 0.0 0.4125
163 0.26 0.0 0.40625
164 0.26 0.0 0.40625
165 0.26 0.0 0.4
166 0.26 0.0 0.4
167 0.26 0.0 0.39375
168 0.26 0.0 0.39375
169 0.26 0.05 0.388583333333
170 0.26 0.1 0.39375
171 0.26 0.1 0.4125
172 0.26 0.1 0.4375
173 0.26 0.1 0.4625
174 0.26 0.1 0.4875
175 0.26 0.1 0.5125
176 0.26 0.1 0.5375
177 0.26 0.1 0.5625
178 0.26 0.1 0.5875
179 0.26 0.15 0.6125
180 0.26 0.2 0.64375
181 0.26 0.2 0.7
182 0.26 0.2 0.75
