0 0.26 0.0 0.0
1 0.26 0.0 0.0
2 0.26 0.0 0.0
3 0.26 0.0 0.0
4 0.26 0.0 0.0
5 0.26 0.0 0.0
6 0.26 0.1 0.0
7 0.26 0.2 0.0
8 0.26 0.3 0.0
9 0.26 0.35 0.0
10 0.26 0.45 0.0125
11 0.26 0.5 0.15
12 0.26 0.5 0.34375
13 0.26 0.5 0.4625
14 0.26 0.5 0.6125
15 0.26 0.5 0.5875
16 0.26 0.5 0.4375
17 0.26 0.5 0.2875
18 0.26 0.45 0.0756666666667
19 0.26 0.4 0.0
20 0.26 0.3 0.0
21 0.26 0.2 0.0
22 0.26 0.2 0.0
23 0.26 0.2 0.0
24 0.26 0.2 0.0
25 0.26 0.2 0.0
26 0.26 0.2 0.0
27 0.26 0.2 0.0
28 0.26 0.2 0.0
29 0.26 0.2 0.0
30 0.26 0.1 0.0
31 0.26 2.77555756156e-17 0.0
32 0.26 -0.1 0.0
33 0.26 -0.2 0.0
34 0.26 -0.2 0.0
35 0.26 -0.2 0.0
36 0.26 -0.2 0.0
37 0.26 -0.2 0.0
38 0.26 -0.2 0.0
39 0.26 -0.2 0.0
40 0.26 -0.2 0.0
41 0.26 -0.2 0.0
42 0.26 -0.2 0.0
43 0.26 -0.2 0.0
44 0.26 -0.2 0.0
45 0.26 -0.2 0.0
46 0.26 -0.2 0.0
47 0.26 -0.2 0.0
48 0.26 -0.2 0.0
49 0.26 -0.2 0.0
50 0.26 -0.2 0.0
51 0.26 -0.2 0.0
52 0.26 -0.2 0.0
53 0.26 -0.2 0.0
54 0.26 -0.2 0.0
55 0.26 -0.2 0.0
56 0.26 -0.2 0.0
57 0.26 -0.2 0.0
58 0.26 -0.2 0.0
59 0.26 -0.1 0.0
60 0.26 -0.1 0.0
61 0.26 -0.1 0.0
62 0.26 -0.1 0.0
63 0.26 -0.1 0.0
64 0.26 -0.1 0.0
65 0.26 -0.1 0.0
66 0.26 -0.1 0.0
67 0.26 -0.1 0.0
68 0.26 -0.1 0.0
69 0.26 -0.1 0.0
70 0.26 -0.1 0.025
71 0.26 -0.1 0.05625
72 0.26 -0.1 0.09375
73 0.26 -0.1 0.1125
74 0.26 -0.1 0.137166666667
75 0.26 -0.1 0.0825
76 0.26 -0.1 0.0161666666667
77 0.26 -0.1 0.0
78 0.26 -0.1 0.0
79 0.26 -0.1 0.0
80 0.26 -0.1 0.0
81 0.26 -0.1 0.0
82 0.26 -0.1 0.0
83 0.26 -0.1 0.0
84 0.26 -0.1 0.0
85 0.26 -0.05 0.0
86 0.26 2.77555756156e-17 0.0
87 0.26 2.77555756156e-17 0.0
88 0.26 2.77555756156e-17 0.0
89 0.26 2.77555756156e-17 0.0
90 0.26 2.77555756156e-17 0.0
91 0.26 2.77555756156e-17 0.0
92 0.26 2.77555756156e-17 0.0
93 0.26 2.77555756156e-17 0.0
94 0.26 2.77555756156e-17 0.0
95 0.26 2.77555756156e-17 0.0
96 0.26 2.77555756156e-17 0.0
97 0.26 2.77555756156e-17 0.0
98 0.26 2.77555756156e-17 0.0
99 0.26 2.77555756156e-17 0.0
100 0.26 2.77555756156e-17 0.0
101 0.26 2.77555756156e-17 0.0
102 0.26 2.77555756156e-17 0.0
103 0.26 2.77555756156e-17 0.0
104 0.26 2.77555756156e-17 0.0
105 0.26 2.77555756156e-17 0.0
106 0.26 2.77555756156e-17 0.0
107 0.26 2.77555756156e-17 0.0
108 0.26 2.77555756156e-17 0.0
109 0.26 2.77555756156e-17 0.0
110 0.26 2.77555756156e-17 0.0
111 0.26 2.77555756156e-17 0.0
112 0.26 2.77555756156e-17 0.0
113 0.26 2.77555756156e-17 0.0
114 0.26 -0.1 0.0
115 0.26 -0.15 0.0
116 0.26 -0.2 0.0
117 0.26 -0.3 0.0
118 0.26 -0.4 0.0
119 0.26 -0.4 0.0
120 0.26 -0.4 0.0
121 0.26 -0.4 0.0
122 0.26 -0.4 0.0
123 0.26 -0.4 0.0
124 0.26 -0.4 0.0
125 0.26 -0.4 0.0
126 0.26 -0.4 0.0
127 0.26 -0.4 0.0
128 0.26 -0.4 0.0
129 0.26 -0.4 0.0
130 0.26 -0.4 0.0993333333333
131 0.26 -0.4 0.147
132 0.26 -0.4 0.187833333333
133 0.26 -0.4 0.32725
134 0.26 -0.4 0.382
135 0.0 0.0 0.480666666667
136 0.0 0.0 0.605166666667
137 0.005 0.0 0.75
138 0.01 0.0 0.5125
139 0.01 0.0 0.21875
140 0.01 0.1 0.0
141 0.01 0.1 0.0
142 0.01 0.25 0.0
143 0.01 0.6 0.0
144 0.01 0.9 0.0
145 0.01 1.25 0.0
146 0.01 1.45 0.0
147 0.01 1.5 0.34375
148 0.0 0.0 0.725
149 0.0 0.0 0.729416666667
150 0.01 0.0 0.729416666667
151 0.01 0.0 0.729416666667
152 0.03 0.0 0.729416666667
153 0.055 0.0 0.73325
154 0.085 0.0 0.7345
155 0.115 0.0 0.7345
156 0.14 0.0 0.72925
157 0.17 0.0 0.713083333333
158 0.205 0.0 0.710916666667
159 0.235 0.0 0.642916666667
160 0.26 0.0 0.54475
161 0.26 0.0 0.424416666667
162 0.26 0.0 0.267333333333
163 0.26 0.0 0.0918333333333
164 0.26 0.0 0.0
165 0.26 0.0 0.0
166 0.26 0.0 0.0
167 0.26 0.0 0.0
168 0.26 0.0 0.0
169 0.26 0.0 0.0
170 0.26 0.0 0.0
171 0.26 0.0 0.0
172 0.26 0.0 0.0
173 0.26 0.0 0.0
174 0.26 0.0 0.0
175 0.26 0.0 0.0
176 0.26 0.0 0.0
177 0.26 0.0 0.0
178 0.26 0.0 0.0
179 0.26 0.0 0.0
180 0.26 0.0 0.0
181 0.26 0.0 0.0
182 0.26 0.0 0.0
183 0.26 0.0 0.0
184 0.26 0.0 0.0
185 0.26 0.0 0.0
186 0.26 0.0 0.0
187 0.26 0.0 0.0
188 0.26 0.0 0.0
189 0.26 0.0 0.0
190 0.26 0.0 0.0
191 0.26 0.0 0.0
192 0.26 0.0 0.0
193 0.26 0.0 0.0
194 0.26 0.0 0.0
195 0.26 0.0 0.0
196 0.26 0.0 0.0
197 0.26 0.0 0.0
198 0.26 0.0 0.0
199 0.26 0.0 0.0
200 0.26 0.0 0.0
201 0.26 0.0 0.0
202 0.26 0.0 0.0
203 0.26 0.0 0.0
204 0.26 0.0 0.0
205 0.26 0.0 0.0
206 0.26 0.0 0.0
207 0.26 0.0 0.0
208 0.26 0.0 0.0
209 0.26 0.0 0.0
210 0.26 0.0 0.0
211 0.26 0.0 0.0
212 0.26 0.0 0.0
213 0.26 0.0 0.0
214 0.26 0.0 0.0
215 0.26 0.0 0.0
216 0.26 -0.05 0.0
217 0.26 -0.1 0.0
218 0.26 -0.1 0.0
219 0.26 -0.2 0.0
220 0.26 -0.2 0.0
221 0.26 -0.2 0.0
222 0.26 -0.2 0.0
223 0.26 -0.2 0.0
224 0.26 -0.2 0.0
225 0.26 -0.2 0.0
226 0.26 -0.25 0.0
227 0.26 -0.3 0.0
228 0.26 -0.3 0.0
229 0.26 -0.3 0.0
230 0.26 -0.3 0.0
231 0.26 -0.3 0.0
232 0.26 -0.3 0.0
233 0.26 -0.3 0.0
234 0.26 -0.3 0.0
235 0.26 -0.3 0.0
236 0.26 -0.3 0.0
237 0.26 -0.3 0.0
238 0.26 -0.3 0.0
239 0.26 -0.3 0.05625
240 0.26 -0.3 0.13125
241 0.26 -0.3 0.17025
242 0.26 -0.3 0.166083333333
243 0.26 -0.3 0.188666666667
244 0.26 -0.3 0.304
245 0.26 -0.2 0.39
246 0.26 -0.2 0.44625
247 0.26 -0.15 0.514583333333
248 0.26 -0.1 0.532916666667
249 0.26 -2.77555756156e-17 0.532583333333
250 0.26 -2.77555756156e-17 0.532083333333
251 0.26 -2.77555756156e-17 0.53225
252 0.26 -2.77555756156e-17 0.53825
253 0.26 -2.77555756156e-17 0.53825
254 0.26 -2.77555756156e-17 0.53825
255 0.26 -2.77555756156e-17 0.544166666667
256 0.26 -2.77555756156e-17 0.54425
257 0.26 -2.77555756156e-17 0.55025
258 0.26 -2.77555756156e-17 0.556333333333
259 0.0 0.0 0.55625
260 0.01 0.0 0.493916666667
261 0.01 0.0 0.381416666667
262 0.01 0.0 0.375166666667
263 0.04 0.0 0.381416666667
264 0.075 0.0 0.38125
265 0.11 0.0 0.38125
266 0.14 0.0 0.375
267 0.17 0.0 0.35625
268 0.205 0.0 0.325
269 0.23 0.0 0.33125
270 0.26 0.0 0.326416666667
271 0.26 0.0 0.313666666667
272 0.26 0.0 0.308833333333
273 0.26 0.0 0.157666666667
274 0.26 0.0 0.01875
275 0.26 0.0 0.01875
276 0.26 0.0 0.0
277 0.26 0.0 0.0
278 0.26 0.0 0.0
279 0.26 0.0 0.0
280 0.26 0.0 0.0
281 0.26 0.0 0.0
282 0.26 0.0 0.0
283 0.26 0.0 0.0
284 0.26 0.0 0.0
285 0.26 0.0 0.0
286 0.26 0.0 0.0
287 0.26 0.0 0.0
288 0.26 0.0 0.0
289 0.26 0.0 0.0
290 0.26 0.0 0.0
291 0.26 0.0 0.0
