0 0.26 0.0 0.0705833333333
1 0.26 0.0 0.0875
2 0.26 0.0 0.08125
3 0.26 0.0 0.075
4 0.26 0.0 0.06875
5 0.26 0.0 0.05625
6 0.26 0.0 0.04375
7 0.26 0.0 0.03125
8 0.26 0.0 0.025
9 0.26 0.0 0.0095
10 0.26 0.0 0.0
11 0.26 0.0 0.0
12 0.26 0.0 0.0
13 0.26 0.0 0.0
14 0.26 0.0 0.0
15 0.26 0.0 0.0
16 0.26 0.0 0.0
17 0.26 0.0 0.0
18 0.26 -0.1 0.0
19 0.26 -0.15 0.0
20 0.26 -0.2 0.0
21 0.26 -0.25 0.0
22 0.26 -0.3 0.0
23 0.26 -0.4 0.0
24 0.26 -0.4 0.0
25 0.26 -0.5 0.0
26 0.26 -0.5 0.04375
27 0.26 -0.5 0.14375
28 0.26 -0.5 0.3125
29 0.26 -0.5 0.475
30 0.26 -0.5 0.50625
31 0.26 -0.5 0.4625
32 0.26 -0.5 0.31875
33 0.0 0.0 0.1875
34 0.0 0.0 0.23125
35 0.0 0.0 0.4375
36 0.005 0.0 0.6375
37 0.01 0.0 0.6
38 0.01 0.0 0.4375
39 0.015 0.0 0.29375
40 0.04 0.0 0.175
41 0.055 -0.1 0.13125
42 0.06 -0.1 0.15625
43 0.07 -0.1 0.18125
44 0.08 -0.3 0.20625
45 0.08 -0.55 0.26875
46 0.08 -0.8 0.375
47 0.08 -0.85 0.60625
48 0.0 0.0 0.60625
49 0.0 0.0 0.36875
50 0.0 0.0 0.28125
51 0.01 0.0 0.279
52 0.01 0.0 0.27775
53 0.01 0.0 0.275833333333
54 0.035 0.0 0.275
55 0.06 0.0 0.275
56 0.085 0.0 0.269166666667
57 0.115 0.0 0.269583333333
58 0.14 0.0 0.26575
59 0.165 0.0 0.25625
60 0.19 0.0 0.244
61 0.215 0.0 0.242666666667
62 0.245 0.0 0.228
63 0.26 0.0 0.2125
64 0.26 0.0 0.2
65 0.26 0.0 0.18125
66 0.26 0.0 0.16875
67 0.26 0.0 0.15
68 0.26 0.0 0.1375
69 0.26 0.0 0.11875
70 0.26 0.0 0.10625
71 0.26 0.0 0.0875
72 0.26 0.05 0.0744166666667
73 0.26 0.1 0.0625
74 0.26 0.1 0.075
75 0.26 0.2 0.1
76 0.26 0.25 0.14375
77 0.26 0.3 0.2
78 0.26 0.35 0.275
79 0.26 0.4 0.36875
80 0.26 0.5 0.49375
81 0.26 0.5 0.61875
82 0.26 0.5 0.7375
83 0.26 0.5 0.75
84 0.26 0.5 0.75
85 0.26 0.5 0.75
86 0.0 0.0 0.75
87 0.0 0.0 0.75
88 0.0 0.0 0.75
89 0.0 0.0 0.75
90 0.01 0.0 0.75
91 0.01 0.0 0.75
92 0.01 0.0 0.75
93 0.03 0.0 0.75
94 0.055 0.0 0.75
95 0.08 0.0 0.75
96 0.1 0.0 0.75
97 0.11 0.0 0.75
98 0.115 0.0 0.75
99 0.125 0.0 0.75
100 0.135 0.0 0.75
101 0.14 0.0 0.75
102 0.155 0.0 0.75
103 0.165 0.0 0.75
104 0.17 0.0 0.75
105 0.185 0.0 0.75
106 0.195 0.0 0.75
107 0.2 0.0 0.75
108 0.21 0.0 0.75
109 0.22 0.0 0.75
