0 0.26 0.0 0.076
1 0.26 0.0 0.10625
2 0.26 0.0 0.08125
3 0.26 0.0 0.09375
4 0.26 0.0 0.08125
5 0.26 0.0 0.075
6 0.26 0.0 0.0625
7 0.26 0.0 0.05625
8 0.26 -0.05 0.04375
9 0.26 -0.1 0.025
10 0.26 -0.1 0.0
11 0.26 -0.2 0.0
12 0.26 -0.2 0.0
13 0.26 -0.25 0.0
14 0.26 -0.3 0.0
15 0.26 -0.3 0.0
16 0.26 -0.4 0.0
17 0.26 -0.4 0.1
18 0.26 -0.4 0.20625
19 0.26 -0.4 0.31875
20 0.26 -0.4 0.4375
21 0.26 -0.4 0.54375
22 0.26 -0.4 0.567083333333
23 0.26 -0.4 0.51875
24 0.26 -0.4 0.40625
25 0.0 0.0 0.29375
26 0.0 0.0 0.16875
27 0.0 0.0 0.0
28 0.0 0.0 0.0
29 0.01 0.0 0.0
30 0.01 0.0 0.0
31 0.01 0.0 0.0
32 0.035 0.0 0.0
33 0.06 0.0 0.0
34 0.085 0.0 0.0
35 0.115 0.0 0.0
36 0.14 0.0 0.0
37 0.17 0.0 0.0
38 0.2 0.0 0.0
39 0.225 0.0 0.0
40 0.235 0.05 0.0
41 0.245 0.1 0.0
42 0.255 0.15 0.0
43 0.26 0.2 0.0
44 0.26 0.2 0.0
45 0.26 0.3 0.0
46 0.26 0.3 0.0
47 0.26 0.3 0.06875
48 0.26 0.3 0.144583333333
49 0.26 0.3 0.21875
50 0.26 0.3 0.30625
51 0.26 0.3 0.38125
52 0.26 0.3 0.4625
53 0.26 0.3 0.54375
54 0.26 0.3 0.63125
55 0.26 0.3 0.71875
56 0.26 0.3 0.75
57 0.26 0.3 0.75
58 0.26 0.3 0.75
59 0.0 0.0 0.75
60 0.0 0.0 0.75
61 0.0 0.0 0.75
62 0.005 0.0 0.6375
63 0.01 0.0 0.50625
64 0.01 0.0 0.43125
65 0.02 0.0 0.40625
66 0.045 0.0 0.4125
67 0.07 0.0 0.43125
68 0.095 0.0 0.4625
69 0.105 -0.05 0.46875
70 0.115 -0.1 0.4875
71 0.125 -0.2 0.51875
72 0.13 -0.2 0.56875
73 0.14 -0.2 0.63125
74 0.15 -0.2 0.7
75 0.155 -0.2 0.75
76 0.165 -0.2 0.75
77 0.17 -0.2 0.75
78 0.0 0.0 0.75
79 0.0 0.0 0.75
80 0.0 0.0 0.75
81 0.01 0.0 0.75
82 0.01 0.0 0.75
83 0.01 0.0 0.75
84 0.03 0.0 0.75
85 0.06 0.0 0.75
86 0.085 0.0 0.75
87 0.11 0.0 0.75
88 0.135 0.0 0.75
89 0.165 0.0 0.75
90 0.19 0.0 0.75
91 0.215 0.0 0.75
92 0.245 0.0 0.75
93 0.26 0.0 0.75
94 0.26 0.0 0.75
95 0.26 0.0 0.75
96 0.26 0.0 0.75
97 0.26 0.0 0.75
98 0.26 0.0 0.75
99 0.26 0.0 0.75
100 0.26 0.0 0.75
101 0.26 0.0 0.75
102 0.26 0.0 0.75
103 0.26 0.0 0.75
104 0.26 0.0 0.75
105 0.26 0.0 0.75
106 0.26 0.0 0.75
107 0.26 0.0 0.75
108 0.26 0.0 0.75
109 0.26 0.0 0.75
110 0.26 0.0 0.75
