0 0.26 0.0 0.0
1 0.26 0.0 0.0
2 0.26 0.0 0.0
3 0.26 0.0 0.0
4 0.26 0.05 0.0
5 0.26 0.1 0.0
6 0.26 0.2 0.0
7 0.26 0.25 0.0
8 0.26 0.35 0.0
9 0.26 0.4 0.01875
10 0.26 0.4 0.14375
11 0.26 0.4 0.25
12 0.26 0.4 0.3625
13 0.26 0.4 0.46875
14 0.26 0.4 0.56875
15 0.26 0.4 0.666416666667
16 0.26 0.4 0.625
17 0.26 0.4 0.513
18 0.26 0.4 0.39875
19 0.26 0.4 0.25
20 0.26 0.4 0.11875
21 0.0 0.0 0.0
22 0.0 0.0 0.0
23 0.005 0.0 0.0
24 0.01 0.0 0.0
25 0.01 0.0 0.0
26 0.01 0.0 0.0
27 0.035 0.0 0.0
28 0.06 0.0 0.0
29 0.09 0.0 0.0
30 0.115 0.0 0.0
31 0.145 0.0 0.0
32 0.175 0.0 0.0
33 0.2 0.0 0.0
34 0.23 0.0 0.0
35 0.26 0.0 0.0
36 0.26 0.0 0.0
37 0.26 0.0 0.0
38 0.26 0.0 0.0
39 0.26 0.0 0.0
40 0.26 0.0 0.0
41 0.26 0.0 0.0
42 0.26 0.0 0.0
43 0.26 0.0 0.0
44 0.26 0.0 0.0
45 0.26 0.0 0.0
46 0.26 0.0 0.0
47 0.26 0.0 0.0
48 0.26 0.0 0.0
49 0.26 0.0 0.0
50 0.26 0.0 0.0
51 0.26 0.0 0.0
52 0.26 0.0 0.0
53 0.26 0.0 0.0
54 0.26 0.0 0.0
55 0.26 0.0 0.0
56 0.26 0.0 0.0
57 0.26 0.0 0.0
58 0.26 0.0 0.0
59 0.26 0.0 0.0
60 0.26 0.0 0.0
61 0.26 -0.05 0.0
62 0.26 -0.1 0.0
63 0.26 -0.1 0.0
64 0.26 -0.1 0.0
65 0.26 -0.1 0.0
66 0.26 -0.1 0.0
67 0.26 -0.1 0.0
68 0.26 -0.1 0.0
69 0.26 -0.1 0.0
70 0.26 -0.1 0.0
71 0.26 -0.1 0.0
72 0.26 -0.1 0.0
73 0.26 -0.1 0.0
74 0.26 -0.15 0.0
75 0.26 -0.2 0.0
76 0.26 -0.2 0.0
77 0.26 -0.2 0.0
78 0.26 -0.2 0.0
79 0.26 -0.2 0.0
80 0.26 -0.2 0.0
81 0.26 -0.2 0.0
82 0.26 -0.2 0.0
83 0.26 -0.2 0.0
84 0.26 -0.2 0.0
85 0.26 -0.2 0.0
86 0.26 -0.2 0.0
87 0.26 -0.2 0.0
88 0.26 -0.2 0.0
89 0.26 -0.2 0.0
90 0.26 -0.2 0.0
91 0.26 -0.2 0.0
92 0.26 -0.2 0.0
93 0.26 -0.2 0.0125
94 0.26 -0.2 0.068
95 0.26 -0.2 0.0396666666667
96 0.26 -0.2 0.0
97 0.0 0.0 0.0
98 0.0 0.0 0.0
99 0.005 0.0 0.0
100 0.01 0.0 0.0
101 0.01 0.0 0.0
102 0.015 0.0 0.0
103 0.045 0.0 0.0
104 0.07 0.0 0.0
105 0.095 0.0 0.0
106 0.125 0.0 0.0
107 0.155 0.0 0.0
108 0.18 0.0 0.0
109 0.21 0.0 0.0
110 0.24 0.0 0.0
111 0.26 0.0 0.0
112 0.26 0.0 0.0
113 0.26 0.0 0.0
114 0.26 0.0 0.0
115 0.26 0.0 0.0
116 0.26 0.0 0.0
117 0.26 0.0 0.0
118 0.26 0.0 0.0
119 0.26 0.0 0.0
120 0.26 0.0 0.0
121 0.26 0.0 0.0
122 0.26 0.0 0.0
123 0.26 0.0 0.0
124 0.26 0.0 0.0
125 0.26 0.0 0.0
126 0.26 0.0 0.0
127 0.26 0.0 0.0
128 0.26 0.0 0.0
129 0.26 0.0 0.0
130 0.26 0.0 0.0
131 0.26 0.0 0.0
132 0.26 0.0 0.0
133 0.26 0.0 0.0
134 0.26 -0.05 0.0
135 0.26 -0.1 0.0
136 0.26 -0.1 0.0
137 0.26 -0.1 0.0
138 0.26 -0.1 0.0
139 0.26 -0.1 0.0
140 0.26 -0.15 0.0
141 0.26 -0.2 0.0
142 0.26 -0.2 0.0
143 0.26 -0.25 0.0
144 0.26 -0.3 0.0
145 0.26 -0.3 0.0
146 0.26 -0.3 0.0
147 0.26 -0.4 0.0
148 0.26 -0.4 0.0
149 0.26 -0.4 0.0
150 0.26 -0.4 0.0
151 0.26 -0.4 0.0
152 0.26 -0.4 0.0
153 0.26 -0.4 0.0
154 0.26 -0.4 0.0
155 0.26 -0.4 0.0
156 0.26 -0.4 0.0
157 0.26 -0.4 0.0
158 0.26 -0.4 0.025
159 0.26 -0.4 0.125
160 0.0 0.0 0.224083333333
161 0.0 0.0 0.266083333333
162 0.0 0.0 0.285583333333
163 0.01 0.0 0.291583333333
164 0.01 0.0 0.291583333333
165 0.01 0.0 0.2915
166 0.035 0.0 0.2915
167 0.06 0.0 0.2915
168 0.09 0.0 0.286416666667
169 0.115 0.0 0.283916666667
170 0.145 0.0 0.2785
171 0.175 0.0 0.270166666667
172 0.2 0.0 0.268666666667
173 0.23 0.0 0.2585
174 0.26 0.0 0.25375
175 0.26 0.0 0.24175
176 0.26 0.0 0.237916666667
177 0.26 0.0 0.234083333333
178 0.26 0.0 0.22425
179 0.26 0.0 0.21375
180 0.26 0.0 0.205333333333
181 0.26 0.0 0.196583333333
182 0.26 0.0 0.187833333333
183 0.26 0.0 0.178916666667
184 0.26 0.0 0.17025
185 0.26 -0.05 0.16125
186 0.26 -0.1 0.14875
187 0.26 -0.1 0.138083333333
188 0.26 -0.1 0.135666666667
189 0.26 -0.15 0.123666666667
190 0.26 -0.2 0.11275
191 0.26 -0.2 0.108833333333
192 0.26 -0.2 0.146333333333
193 0.26 -0.2 0.13875
194 0.26 -0.2 0.08125
195 0.26 -0.2 0.02875
196 0.26 -0.2 0.00983333333333
197 0.26 -0.2 0.0
198 0.26 -0.2 0.0
199 0.26 -0.2 0.0
200 0.0 0.0 0.0
201 0.0 0.0 0.0
202 0.005 0.0 0.0
203 0.01 0.0 0.0
204 0.01 0.0 0.0
205 0.03 0.0 0.0
206 0.06 0.0 0.0
207 0.085 0.0 0.0
208 0.115 0.0 0.0
209 0.14 0.0 0.0
210 0.17 0.0 0.0
211 0.2 0.0 0.0
212 0.225 0.0 0.0
213 0.255 0.0 0.0
214 0.26 0.0 0.0
215 0.26 0.0 0.0
216 0.26 0.0 0.0
217 0.26 0.0 0.0
218 0.26 0.0 0.0
219 0.26 0.0 0.0
220 0.26 0.0 0.0
221 0.26 0.0 0.0
222 0.26 0.0 0.0
223 0.26 0.0 0.0
224 0.26 0.0 0.0
225 0.26 0.0 0.0
226 0.26 0.0 0.0
227 0.26 0.0 0.0
228 0.26 0.0 0.0
229 0.26 0.0 0.0
230 0.26 0.0 0.0
231 0.26 0.0 0.0
232 0.26 0.0 0.0
233 0.26 0.0 0.0
234 0.26 0.0 0.0
235 0.26 0.0 0.0
236 0.26 0.0 0.0
237 0.26 0.0 0.0
238 0.26 0.0 0.0
239 0.26 0.0 0.0
240 0.26 0.0 0.0
241 0.26 0.0 0.0
242 0.26 0.0 0.0
243 0.26 0.0 0.0
244 0.26 0.0 0.0
245 0.26 0.0 0.0
246 0.26 0.0 0.0
247 0.26 0.0 0.0
248 0.26 0.0 0.0
249 0.26 0.0 0.0
250 0.26 -0.1 0.0
251 0.26 -0.1 0.0
252 0.26 -0.1 0.0
253 0.26 -0.2 0.0
254 0.26 -0.2 0.0
255 0.26 -0.25 0.0
256 0.26 -0.3 0.0
257 0.26 -0.4 0.0
258 0.26 -0.4 0.0
259 0.26 -0.45 0.0
260 0.26 -0.5 0.0
261 0.26 -0.55 0.0
262 0.26 -0.6 0.0
263 0.26 -0.6 0.0
264 0.26 -0.6 0.0
265 0.26 -0.6 0.08125
266 0.26 -0.6 0.24375
267 0.26 -0.6 0.43125
268 0.26 -0.6 0.56725
269 0.26 -0.6 0.637083333333
270 0.0 0.0 0.61825
271 0.0 0.0 0.672416666667
272 0.0 0.05 0.692
273 0.0 0.1 0.6975
274 0.0 0.1 0.69975
275 0.0 0.2 0.671583333333
276 0.0 0.5 0.638833333333
277 0.0 0.6 0.61275
278 0.0 0.0 0.568666666667
279 0.005 0.0 0.481666666667
280 0.01 0.0 0.479333333333
281 0.01 0.0 0.475416666667
282 0.015 0.0 0.469916666667
283 0.04 0.0 0.469
284 0.07 0.0 0.46875
285 0.1 0.0 0.474833333333
286 0.125 0.0 0.481583333333
287 0.155 0.0 0.481166666667
288 0.18 0.0 0.476166666667
289 0.21 0.0 0.462
290 0.24 0.0 0.455833333333
291 0.245 0.0 0.442833333333
292 0.255 0.0 0.430166666667
293 0.26 0.0 0.428666666667
294 0.26 0.0 0.4155
295 0.26 0.0 0.403083333333
296 0.26 0.0 0.395083333333
297 0.26 0.0 0.382166666667
298 0.26 0.0 0.38025
299 0.26 0.0 0.362666666667
300 0.26 0.0 0.34775
301 0.26 0.0 0.340166666667
302 0.26 0.0 0.329666666667
303 0.26 0.0 0.31275
304 0.26 0.0 0.2995
305 0.26 0.0 0.299
306 0.26 0.0 0.292
307 0.26 0.0 0.291333333333
308 0.26 0.0 0.278666666667
309 0.26 0.0 0.27175
310 0.26 0.0 0.271083333333
311 0.26 0.0 0.252333333333
312 0.26 0.0 0.246083333333
313 0.26 0.0 0.2455
314 0.26 0.0 0.23875
315 0.26 0.0 0.225833333333
316 0.26 0.0 0.21925
317 0.26 0.0 0.213
318 0.26 -0.1 0.2065
319 0.26 -0.1 0.210083333333
320 0.26 -0.1 0.237583333333
321 0.26 -0.2 0.25625
322 0.26 -0.2 0.29375
323 0.26 -0.2 0.35
324 0.26 -0.2 0.382416666667
325 0.26 -0.2 0.31825
326 0.26 -0.2 0.179833333333
327 0.26 -0.2 0.0
328 0.0 0.0 0.0
329 0.0 0.0 0.0
330 0.01 0.0 0.0
331 0.01 0.0 0.0
332 0.01 0.0 0.0
333 0.035 0.0 0.0
334 0.065 0.0 0.0
335 0.095 0.0 0.0
336 0.12 0.0 0.0
337 0.15 0.0 0.0
338 0.18 0.0 0.0
339 0.205 0.0 0.0
340 0.235 0.0 0.0
341 0.26 0.0 0.0
342 0.26 0.0 0.0
343 0.26 0.0 0.0
344 0.26 0.0 0.0
345 0.26 0.0 0.0
346 0.26 0.0 0.0
347 0.26 0.0 0.0
348 0.26 0.0 0.0
349 0.26 0.0 0.0
350 0.26 0.0 0.0
351 0.26 0.0 0.0
352 0.26 0.0 0.0
353 0.26 0.0 0.0
