0 0.26 0.0 0.58125
1 0.26 0.0 0.00633333333333
2 0.26 0.0 0.0
3 0.26 0.0 0.0
4 0.26 0.0 0.0
5 0.26 0.0 0.0
6 0.26 0.0 0.0
7 0.26 0.0 0.0
8 0.26 0.0 0.0
9 0.26 0.0 0.0
10 0.26 0.0 0.0
11 0.26 0.0 0.0
12 0.26 0.0 0.0
13 0.26 0.0 0.0
14 0.26 0.0 0.0
15 0.26 0.0 0.0
16 0.26 0.0 0.0
17 0.26 0.0 0.0
18 0.26 0.0 0.0
19 0.26 0.0 0.0
20 0.26 0.0 0.0
21 0.26 0.0 0.0
22 0.26 0.0 0.0
23 0.26 0.0 0.0
24 0.26 0.05 0.0
25 0.26 0.1 0.0
26 0.26 0.1 0.0
27 0.26 0.1 0.0
28 0.26 0.15 0.0
29 0.26 0.2 0.0
30 0.26 0.2 0.0
31 0.26 0.25 0.0
32 0.26 0.3 0.0
33 0.26 0.3 0.0
34 0.26 0.35 0.0
35 0.26 0.4 0.0
36 0.26 0.4 0.0
37 0.26 0.4 0.0
38 0.26 0.4 0.0
39 0.26 0.4 0.0
40 0.26 0.4 0.0
41 0.26 0.4 0.0
42 0.26 0.4 0.0
43 0.26 0.4 0.0
44 0.26 0.4 0.0
45 0.26 0.4 0.0
46 0.26 0.4 0.0
47 0.26 0.4 0.0
48 0.26 0.4 0.0
49 0.26 0.4 0.0
50 0.26 0.4 0.0
51 0.26 0.4 0.0
52 0.26 0.4 0.0
53 0.0 0.0 0.0
54 0.0 0.0 0.0
55 0.0 0.0 0.0
56 0.0 0.0 0.0
57 0.0 0.0 0.0
58 0.0 0.0 0.0
59 0.005 0.0 0.0
60 0.01 0.0 0.0
61 0.01 0.0 0.0
62 0.01 0.0 0.0
63 0.01 0.0 0.0
64 0.015 0.0 0.0
65 0.03 0.0 0.0
66 0.045 0.0 0.0
67 0.06 0.0 0.0
68 0.075 0.0 0.0
69 0.09 0.0 0.0
70 0.105 0.0 0.0
71 0.125 0.0 0.0
72 0.14 0.0 0.0
73 0.155 0.0 0.0
74 0.17 0.0 0.0
75 0.185 0.0 0.0
76 0.2 0.0 0.0
77 0.215 0.0 0.0
78 0.235 0.0 0.0
79 0.25 0.0 0.0
80 0.26 0.0 0.0
81 0.26 0.0 0.0
82 0.26 0.0 0.0
83 0.26 0.0 0.0
84 0.26 0.0 0.0
85 0.26 0.0 0.0
86 0.26 0.0 0.0
87 0.26 0.0 0.0
88 0.26 0.0 0.0
89 0.26 0.0 0.0
90 0.26 0.0 0.0
91 0.26 0.0 0.0
92 0.26 0.0 0.0
93 0.26 0.0 0.0
94 0.26 0.0 0.0
95 0.26 0.0 0.0
96 0.26 0.0 0.0
97 0.26 -0.05 0.0
98 0.26 -0.1 0.0
99 0.26 -0.1 0.0
100 0.26 -0.15 0.0
101 0.26 -0.2 0.0
102 0.26 -0.2 0.0
103 0.26 -0.25 0.0
104 0.26 -0.3 0.0
105 0.26 -0.35 0.0
106 0.26 -0.4 0.0
107 0.26 -0.4 0.0
108 0.26 -0.4 0.0
109 0.26 -0.4 0.0
110 0.26 -0.4 0.0
111 0.26 -0.4 0.0
112 0.26 -0.4 0.05
113 0.26 -0.4 0.1125
114 0.26 -0.4 0.175
115 0.26 -0.4 0.2375
116 0.26 -0.4 0.3
117 0.0 0.0 0.3625
118 0.0 0.0 0.425
119 0.0 0.0 0.51875
120 0.0 0.0 0.6625
121 0.0 0.0 0.75
122 0.0 0.0 0.75
123 0.005 0.0 0.75
124 0.01 0.0 0.75
125 0.01 0.0 0.75
126 0.01 0.0 0.75
127 0.01 0.0 0.75
128 0.01 0.0 0.75
129 0.01 0.0 0.75
130 0.01 0.05 0.75
131 0.01 0.1 0.75
132 0.01 0.1 0.75
133 0.01 0.1 0.75
134 0.01 0.1 0.75
135 0.01 0.2 0.75
136 0.01 0.35 0.75
137 0.01 0.4 0.75
138 0.01 0.45 0.75
139 0.0 0.0 0.75
140 0.0 0.0 0.75
141 0.0 0.0 0.75
142 0.0 0.0 0.75
143 0.005 0.0 0.75
144 0.01 0.0 0.75
145 0.01 0.0 0.75
146 0.01 0.0 0.75
147 0.01 0.0 0.75
148 0.02 0.0 0.75
149 0.035 0.0 0.75
150 0.05 0.0 0.75
151 0.065 0.0 0.75
152 0.085 0.0 0.75
153 0.1 0.0 0.75
