0 0.26 0.0 0.0
1 0.26 0.0 0.0
2 0.26 0.0 0.0
3 0.26 0.0 0.0
4 0.26 0.1 0.0
5 0.26 0.15 0.0
6 0.26 0.25 0.0
7 0.26 0.3 0.0
8 0.26 0.4 0.0
9 0.26 0.4 0.075
10 0.26 0.4 0.1875
11 0.26 0.4 0.29375
12 0.26 0.4 0.39375
13 0.26 0.4 0.5
14 0.26 0.4 0.6125
15 0.26 0.4 0.6625
16 0.0 0.0 0.575
17 0.0 0.0 0.465666666667
18 0.005 0.0 0.35625
19 0.01 0.0 0.34375
20 0.01 0.0 0.34375
21 0.015 0.0 0.34375
22 0.045 0.0 0.34375
23 0.075 0.0 0.3375
24 0.105 0.0 0.334916666667
25 0.13 0.0 0.33125
26 0.155 0.0 0.321166666667
27 0.185 0.0 0.3125
28 0.215 0.0 0.3
29 0.24 0.0 0.2875
30 0.26 0.0 0.275
31 0.26 0.0 0.2625
32 0.26 0.0 0.24375
33 0.26 0.0 0.225
34 0.26 0.0 0.2125
35 0.26 0.0 0.19375
36 0.26 0.0 0.18125
37 0.26 0.0 0.167416666667
38 0.26 0.0 0.15
39 0.26 0.0 0.136916666667
40 0.26 0.0 0.11875
41 0.26 0.0 0.10625
42 0.26 0.0 0.0930833333333
43 0.26 0.0 0.075
44 0.26 0.0 0.0625
45 0.26 0.0 0.04375
46 0.26 0.0 0.03125
47 0.26 0.0 0.0125
48 0.26 0.0 0.0
49 0.26 0.0 0.0
50 0.26 0.0 0.0
51 0.26 0.0 0.0
52 0.26 0.0 0.0
53 0.26 0.0 0.0
54 0.26 0.0 0.0
55 0.26 0.0 0.0
56 0.26 0.0 0.0
57 0.26 0.0 0.0
58 0.26 0.0 0.0
59 0.26 0.0 0.0
60 0.26 0.0 0.0
61 0.26 0.0 0.0
62 0.26 0.0 0.0
63 0.26 0.0 0.0
64 0.26 0.0 0.0
65 0.26 0.0 0.0
66 0.26 0.0 0.0
67 0.26 0.0 0.0
68 0.26 0.0 0.0
69 0.26 0.0 0.0
70 0.26 0.0 0.0
71 0.26 0.0 0.0
72 0.26 0.0 0.0
73 0.26 0.0 0.0
74 0.26 0.0 0.0
75 0.26 0.0 0.0
76 0.26 0.0 0.0
77 0.26 0.0 0.0
78 0.26 0.0 0.0
79 0.26 0.0 0.0
80 0.26 -0.05 0.0
81 0.26 -0.1 0.0
82 0.26 -0.1 0.0
83 0.26 -0.1 0.0
84 0.26 -0.1 0.0
85 0.26 -0.1 0.0
86 0.26 -0.1 0.0
87 0.26 -0.15 0.0
88 0.26 -0.2 0.0
89 0.26 -0.2 0.0
90 0.26 -0.2 0.0
91 0.26 -0.2 0.0
92 0.26 -0.2 0.0
93 0.26 -0.2 0.0
94 0.26 -0.2 0.0
95 0.26 -0.2 0.0
96 0.26 -0.2 0.0
97 0.26 -0.15 0.0
98 0.26 -0.1 0.0
99 0.26 -0.1 0.0
100 0.26 -0.1 0.0
101 0.26 -0.1 0.0
102 0.26 -0.1 0.0
103 0.26 -0.1 0.0
104 0.26 -0.1 0.0
105 0.26 -0.1 0.0
106 0.26 0.0 0.0
107 0.26 0.0 0.0
108 0.26 0.0 0.0
109 0.26 0.0 0.0
110 0.26 0.0 0.0
111 0.26 0.0 0.0
112 0.26 0.0 0.0
113 0.26 0.0 0.0
114 0.26 0.0 0.0
115 0.26 0.0 0.0
116 0.26 0.0 0.0
117 0.26 -0.1 0.0
118 0.26 -0.1 0.0
119 0.26 -0.1 0.0
120 0.26 -0.15 0.0
121 0.26 -0.2 0.0
122 0.26 -0.2 0.0
123 0.26 -0.2 0.0
124 0.26 -0.2 0.0
125 0.26 -0.2 0.0
126 0.26 -0.2 0.0
127 0.26 -0.3 0.0
128 0.26 -0.3 0.0
129 0.26 -0.3 0.0
130 0.26 -0.3 0.0
131 0.26 -0.3 0.0
132 0.26 -0.3 0.0
133 0.26 -0.3 0.0
134 0.26 -0.3 0.0
135 0.26 -0.3 0.0
136 0.26 -0.3 0.0
137 0.26 -0.3 0.0
138 0.26 -0.3 0.0
139 0.26 -0.3 0.0
140 0.26 -0.3 0.0
141 0.26 -0.3 0.0
142 0.26 -0.3 0.0
143 0.26 -0.3 0.0
144 0.0 0.0 0.0
145 0.0 0.0 0.0
146 0.0 0.0 0.0
147 0.0 0.0 0.0
148 0.005 0.0 0.0
149 0.01 0.0 0.0
150 0.01 0.0 0.0
151 0.02 0.0 0.0
152 0.03 -0.05 0.0
153 0.04 -0.1 0.0
154 0.045 -0.1 0.0
155 0.05 -0.1 0.0
156 0.075 -0.1 0.0
157 0.095 -0.1 0.0
158 0.105 -0.2 0.0
159 0.115 -0.2 0.0
160 0.12 -0.2 0.0
161 0.13 -0.2 0.0
162 0.14 -0.2 0.0
163 0.14 -0.2 0.0
164 0.14 -0.2 0.0
165 0.14 -0.3 0.0
166 0.14 -0.3 0.0
167 0.14 -0.4 0.0
168 0.14 -0.4 0.0
169 0.14 -0.4 0.0
170 0.14 -0.4 0.0
171 0.14 -0.4 0.0
172 0.14 -0.4 0.0
173 0.14 -0.4 0.0386666666667
174 0.14 -0.4 0.0895
175 0.14 -0.4 0.110916666667
176 0.14 -0.4 0.133333333333
177 0.14 -0.4 0.154833333333
178 0.0 0.0 0.206
179 0.0 0.0 0.31275
180 0.0 0.0 0.317083333333
181 0.005 0.0 0.317083333333
182 0.01 0.0 0.317083333333
183 0.01 0.0 0.31225
184 0.02 0.0 0.312
185 0.045 0.0 0.3165
186 0.075 0.0 0.311083333333
187 0.105 0.0 0.310166666667
188 0.13 0.0 0.3085
189 0.16 0.0 0.301416666667
190 0.185 0.0 0.29875
191 0.215 0.0 0.291
192 0.24 0.0 0.288
193 0.26 0.0 0.27875
194 0.26 0.0 0.262583333333
195 0.26 0.0 0.251083333333
196 0.26 0.0 0.235083333333
197 0.26 0.0 0.229916666667
198 0.26 -0.05 0.212666666667
199 0.26 -0.1 0.192083333333
200 0.26 -0.1 0.0660833333333
201 0.26 -0.1 0.0226666666667
202 0.26 -0.1 0.0133333333333
203 0.26 -0.1 0.00133333333333
204 0.26 -0.1 0.0
205 0.26 -0.1 0.0
206 0.26 -0.1 0.0
207 0.26 -0.1 0.0
208 0.26 -0.1 0.0
209 0.26 -0.1 0.0
210 0.26 -0.1 0.0
211 0.26 0.0 0.0
212 0.26 0.0 0.0
213 0.26 0.0 0.0
214 0.26 0.0 0.0
215 0.26 0.0 0.0
216 0.26 0.0 0.0
217 0.26 0.0 0.0
218 0.26 0.0 0.0
219 0.26 0.0 0.0
220 0.26 0.0 0.0
221 0.26 0.0 0.0
222 0.26 0.0 0.0
223 0.26 0.0 0.0
224 0.26 0.0 0.0
225 0.26 0.0 0.0
226 0.26 0.0 0.0
227 0.26 0.0 0.0
228 0.26 0.0 0.0
229 0.26 0.0 0.0
230 0.26 0.0 0.0
231 0.26 0.0 0.0
232 0.26 0.0 0.0
233 0.26 -0.05 0.0
234 0.26 -0.1 0.0
235 0.26 -0.1 0.0
236 0.26 -0.1 0.0
237 0.26 -0.1 0.0
238 0.26 -0.1 0.0
239 0.26 -0.1 0.0
240 0.26 -0.1 0.0
241 0.26 -0.1 0.0
242 0.26 -0.1 0.0
243 0.26 -0.1 0.0
244 0.26 -0.1 0.0
245 0.26 -0.1 0.0
246 0.26 -0.1 0.0
247 0.26 -0.1 0.0
248 0.26 -0.1 0.0
249 0.26 -0.1 0.0
250 0.26 -0.1 0.0
251 0.26 -0.1 0.0
252 0.26 -0.1 0.0
253 0.26 -0.1 0.0
254 0.26 -0.1 0.0
255 0.26 -0.1 0.0
256 0.26 -0.1 0.0
257 0.26 -0.1 0.0
258 0.26 -0.1 0.0
259 0.26 -0.1 0.0
260 0.26 -0.1 0.0
261 0.26 -0.15 0.0
262 0.26 -0.2 0.0
263 0.26 -0.2 0.0
264 0.26 -0.2 0.0
265 0.26 -0.25 0.0
266 0.26 -0.3 0.0
267 0.26 -0.3 0.0
268 0.26 -0.3 0.0
269 0.26 -0.3 0.0
270 0.26 -0.3 0.0
271 0.26 -0.3 0.0
272 0.26 -0.3 0.0
273 0.26 -0.3 0.01875
274 0.26 -0.4 0.09375
275 0.26 -0.4 0.19375
276 0.26 -0.4 0.223083333333
277 0.26 -0.4 0.2685
278 0.26 -0.4 0.362166666667
279 0.26 -0.4 0.455333333333
280 0.26 -0.4 0.5485
281 0.26 -0.4 0.5915
282 0.26 -0.4 0.583666666667
283 0.0 0.0 0.612833333333
284 0.0 0.0 0.565333333333
285 0.0 0.0 0.3995
286 0.01 0.0 0.18675
287 0.01 0.0 0.0628333333333
288 0.01 0.1 0.0528333333333
289 0.01 0.1 0.0595
290 0.01 0.1 0.08025
291 0.01 0.3 0.103833333333
292 0.01 0.6 0.1925
293 0.01 0.65 0.32925
294 0.01 0.75 0.498333333333
295 0.01 0.8 0.60225
296 0.0 0.0 0.562333333333
297 0.0 0.0 0.519083333333
298 0.005 0.0 0.512416666667
299 0.01 0.0 0.507166666667
300 0.01 0.0 0.507166666667
301 0.015 0.0 0.518666666667
302 0.04 0.0 0.518583333333
303 0.065 0.0 0.513083333333
304 0.09 0.0 0.51275
305 0.12 0.0 0.512333333333
306 0.145 0.0 0.511083333333
307 0.175 0.0 0.485583333333
308 0.2 0.0 0.48525
309 0.23 0.0 0.478166666667
310 0.26 0.0 0.46525
311 0.26 0.0 0.4515
312 0.26 0.0 0.4495
313 0.26 0.0 0.430333333333
314 0.26 0.0 0.429916666667
315 0.26 0.0 0.429333333333
316 0.26 -0.1 0.423
317 0.26 -0.1 0.42875
318 0.26 -0.1 0.452833333333
319 0.26 -0.1 0.471666666667
320 0.26 -0.1 0.48375
321 0.26 -0.1 0.495666666667
322 0.26 -0.1 0.495083333333
323 0.26 -0.05 0.50125
324 0.26 0.0 0.52
325 0.26 0.0 0.525666666667
326 0.26 0.0 0.525583333333
327 0.26 0.0 0.5255
328 0.26 0.0 0.5315
329 0.26 0.0 0.5315
330 0.26 0.0 0.535916666667
331 0.26 0.0 0.5375
332 0.26 0.0 0.54375
333 0.26 0.0 0.54375
334 0.26 0.0 0.54375
335 0.26 0.0 0.55
336 0.26 0.0 0.326083333333
337 0.26 0.0 0.0135833333333
338 0.26 0.0 0.0
339 0.26 0.0 0.0
340 0.26 0.0 0.0
341 0.26 0.0 0.0
342 0.26 0.0 0.0
343 0.26 0.0 0.0
344 0.26 0.0 0.0
345 0.26 0.0 0.0
346 0.26 0.0 0.0
347 0.26 0.0 0.0
348 0.26 0.0 0.0
349 0.26 0.0 0.0
350 0.26 0.0 0.0
351 0.26 0.0 0.0
352 0.26 0.0 0.0
353 0.26 0.0 0.0
354 0.26 0.0 0.0
355 0.26 0.0 0.0
356 0.26 0.0 0.0
357 0.26 0.0 0.0
