0 0.26 0.0 0.0705833333333
1 0.26 0.0 0.05625
2 0.26 0.0 0.0
3 0.26 0.0 0.0
4 0.26 0.0 0.0
5 0.26 0.0 0.0
6 0.26 0.0 0.0
7 0.26 0.0 0.0
8 0.26 0.0 0.0
9 0.26 0.0 0.0
10 0.26 0.0 0.0
11 0.26 0.0 0.0
12 0.26 0.0 0.0
13 0.26 0.05 0.0
14 0.26 0.1 0.0
15 0.26 0.2 0.0
16 0.26 0.25 0.0
17 0.26 0.3 0.0
18 0.26 0.4 0.0
19 0.26 0.4 0.05
20 0.26 0.5 0.15625
21 0.26 0.5 0.28125
22 0.26 0.5 0.4125
23 0.26 0.5 0.55625
24 0.26 0.5 0.65
25 0.26 0.5 0.55625
26 0.26 0.5 0.425
27 0.26 0.5 0.2875
28 0.26 0.5 0.15
29 0.26 0.5 0.0125
30 0.26 0.5 0.0
31 0.0 0.0 0.0
32 0.0 0.0 0.0
33 0.0 0.0 0.0
34 0.0 0.0 0.0
35 0.0 0.0 0.0
36 0.005 0.0 0.0
37 0.01 0.0 0.0
38 0.01 -0.1 0.2875
39 0.01 -0.1 0.503166666667
40 0.01 -0.1 0.66875
41 0.01 -0.25 0.75
42 0.01 -0.5 0.75
43 0.01 -0.8 0.75
44 0.01 -1.1 0.75
45 0.01 -1.4 0.73125
46 0.01 -1.45 0.40275
47 0.01 -1.55 0.0
48 0.01 -1.65 0.0
49 0.01 -1.7 0.0
50 0.01 -1.8 0.0
51 0.0 0.0 0.0
52 0.0 0.0 0.0
53 0.005 0.0 0.0
54 0.01 0.0 0.0
55 0.01 0.0 0.0
56 0.025 0.0 0.0
57 0.055 0.0 0.0
58 0.08 0.0 0.0
59 0.105 0.0 0.0
60 0.13 0.0 0.0
61 0.16 0.0 0.0
62 0.185 0.0 0.0
63 0.21 0.0 0.0
64 0.235 0.0 0.0
65 0.26 0.0 0.0
66 0.26 0.0 0.0
67 0.26 0.0 0.0
68 0.26 0.0 0.0
69 0.26 0.0 0.0
70 0.26 -0.1 0.0
71 0.26 -0.1 0.0
72 0.26 -0.1 0.0
73 0.26 -0.2 0.0
74 0.26 -0.2 0.0
75 0.26 -0.2 0.0
76 0.26 -0.2 0.00625
77 0.26 -0.2 0.05625
78 0.26 -0.2 0.1125
79 0.26 -0.2 0.1625
80 0.26 -0.2 0.2125
81 0.26 -0.2 0.25625
82 0.26 -0.2 0.3
83 0.26 -0.2 0.34375
84 0.26 -0.2 0.388416666667
85 0.26 -0.3 0.4375
86 0.26 -0.3 0.5
87 0.26 -0.3 0.56875
88 0.26 -0.3 0.6375
89 0.26 -0.3 0.7125
90 0.26 -0.3 0.75
91 0.26 -0.3 0.75
92 0.26 -0.3 0.75
93 0.26 -0.3 0.75
94 0.26 -0.3 0.75
95 0.26 -0.3 0.75
96 0.0 0.0 0.75
97 0.0 0.0 0.75
98 0.0 0.0 0.75
99 0.0 0.0 0.75
100 0.01 0.0 0.75
101 0.01 0.0 0.75
102 0.01 0.0 0.75
103 0.03 0.0 0.75
104 0.055 0.0 0.75
105 0.08 0.0 0.75
106 0.105 0.0 0.75
107 0.135 0.0 0.75
108 0.16 0.0 0.75
