0 0.26 0.0 0.0
1 0.26 0.0 0.0
2 0.26 0.0 0.0
3 0.26 0.0 0.0
4 0.26 0.0 0.0
5 0.26 0.0 0.0
6 0.26 0.0 0.0
7 0.26 0.0 0.0
8 0.26 0.0 0.0
9 0.26 0.0 0.0
10 0.26 0.05 0.0
11 0.26 0.15 0.0
12 0.26 0.25 0.0
13 0.26 0.35 0.0
14 0.26 0.45 0.0
15 0.26 0.5 0.0
16 0.26 0.5 0.1
17 0.26 0.5 0.25625
18 0.26 0.5 0.4125
19 0.26 0.5 0.575
20 0.26 0.5 0.6
21 0.26 0.5 0.43125
22 0.0 0.0 0.28125
23 0.0 0.0 0.1875
24 0.0 0.0 0.28125
25 0.005 0.0 0.410083333333
26 0.01 0.0 0.47325
27 0.01 0.0 0.469416666667
28 0.03 0.0 0.467
29 0.055 0.0 0.462833333333
30 0.085 0.0 0.454333333333
31 0.11 0.0 0.447083333333
32 0.145 0.0 0.440916666667
33 0.175 0.0 0.447083333333
34 0.205 0.0 0.43
35 0.23 0.0 0.414416666667
36 0.26 0.0 0.39375
37 0.26 0.0 0.361333333333
38 0.26 0.0 0.340666666667
39 0.26 0.0 0.317333333333
40 0.26 0.0 0.300916666667
41 0.26 0.0 0.258166666667
42 0.26 0.0 0.224
43 0.26 0.0 0.186333333333
44 0.26 0.0 0.1335
45 0.26 0.0 0.08025
46 0.26 0.0 0.0526666666667
47 0.26 0.0 0.0268333333333
48 0.26 0.0 0.018
49 0.26 0.0 0.00316666666667
50 0.26 0.0 0.00141666666667
51 0.26 0.0 0.00025
52 0.26 0.0 0.0
53 0.26 0.0 0.0
54 0.26 0.0 0.0
55 0.26 0.0 0.0
56 0.26 0.0 0.0
57 0.26 0.0 0.0
58 0.26 0.0 0.0
59 0.26 0.0 0.0
60 0.26 0.0 0.0
61 0.26 0.0 0.0
62 0.26 0.0 0.0
63 0.26 0.0 0.0
64 0.26 0.0 0.0
65 0.26 0.0 0.0
66 0.26 0.0 0.0
67 0.26 0.0 0.0
68 0.26 0.0 0.0
69 0.26 0.0 0.0
70 0.26 0.0 0.0
71 0.26 0.0 0.0
72 0.26 0.0 0.0
73 0.26 0.0 0.0
74 0.26 0.0 0.0
75 0.26 0.0 0.0
76 0.26 0.0 0.0
77 0.26 0.0 0.0
78 0.26 0.0 0.0
79 0.26 0.0 0.0
80 0.26 0.0 0.0
81 0.26 0.0 0.0
82 0.26 0.0 0.0
83 0.26 -0.1 0.0
84 0.26 -0.1 0.0
85 0.26 -0.1 0.0
86 0.26 -0.1 0.0
87 0.26 -0.1 0.0
88 0.26 -0.1 0.0
89 0.26 -0.1 0.0
90 0.26 -0.1 0.0
91 0.26 -0.15 0.0
92 0.26 -0.2 0.0
93 0.26 -0.2 0.0
94 0.26 -0.2 0.0
95 0.26 -0.2 0.0
96 0.26 -0.2 0.0
97 0.26 -0.2 0.0
98 0.26 -0.2 0.0
99 0.26 -0.2 0.0
100 0.26 -0.2 0.0
101 0.26 -0.2 0.0
102 0.26 -0.2 0.0
103 0.26 -0.2 0.0
104 0.26 -0.2 0.0
105 0.26 -0.2 0.0
106 0.26 -0.2 0.0
107 0.26 -0.2 0.0
108 0.26 -0.2 0.0
109 0.26 -0.2 0.0
110 0.26 -0.2 0.0
111 0.26 -0.2 0.0
112 0.26 -0.2 0.0
113 0.26 -0.2 0.0
114 0.26 -0.2 0.0
115 0.26 -0.2 0.0
116 0.26 -0.25 0.0
117 0.26 -0.3 0.0
118 0.26 -0.4 0.0
119 0.26 -0.4 0.0
120 0.26 -0.5 0.0
121 0.26 -0.5 0.0
122 0.26 -0.5 0.01875
123 0.26 -0.5 0.15625
124 0.26 -0.5 0.18675
125 0.26 -0.5 0.19675
126 0.26 -0.5 0.235583333333
127 0.26 -0.5 0.308416666667
128 0.0 0.0 0.420833333333
129 0.0 0.0 0.6275
130 0.01 0.0 0.75
131 0.01 0.0 0.64375
132 0.01 0.05 0.590666666667
133 0.01 0.1 0.588166666667
134 0.01 0.1 0.61875
135 0.01 0.2 0.644666666667
136 0.01 0.5 0.71875
137 0.0 0.0 0.75
138 0.0 0.0 0.670916666667
139 0.01 0.0 0.637916666667
140 0.01 0.0 0.637916666667
141 0.01 0.0 0.637916666667
142 0.03 0.0 0.637916666667
143 0.06 0.0 0.649083333333
144 0.09 0.0 0.6815
145 0.125 0.0 0.681166666667
146 0.16 0.0 0.681083333333
147 0.195 0.0 0.658416666667
148 0.225 0.0 0.6635
149 0.25 0.0 0.668583333333
150 0.26 0.0 0.399666666667
151 0.26 0.0 0.0
152 0.26 0.0 0.0
153 0.26 0.0 0.0
154 0.26 0.0 0.0
155 0.26 0.0 0.0
156 0.26 0.0 0.0
157 0.26 0.0 0.0
158 0.26 0.0 0.0
159 0.26 0.0 0.0
160 0.26 0.0 0.0
161 0.26 0.0 0.0
162 0.26 0.0 0.0
163 0.26 0.0 0.0
164 0.26 0.0 0.0
165 0.26 0.0 0.0
166 0.26 0.0 0.0
167 0.26 0.0 0.0
168 0.26 0.0 0.0
169 0.26 0.0 0.0
170 0.26 0.0 0.0
171 0.26 0.0 0.0
172 0.26 0.0 0.0
173 0.26 0.0 0.0
174 0.26 0.0 0.0
175 0.26 0.0 0.0
176 0.26 0.0 0.0
177 0.26 0.0 0.0
178 0.26 0.0 0.0
179 0.26 0.0 0.0
180 0.26 0.0 0.0
181 0.26 0.0 0.0
182 0.26 0.0 0.0
183 0.26 0.0 0.0
184 0.26 0.0 0.0
185 0.26 0.0 0.0
186 0.26 0.0 0.0
187 0.26 0.0 0.0
188 0.26 0.0 0.0
189 0.26 0.0 0.0
190 0.26 0.0 0.0
191 0.26 0.0 0.0
192 0.26 0.0 0.0
193 0.26 -0.05 0.0
194 0.26 -0.1 0.0
195 0.26 -0.1 0.0
196 0.26 -0.2 0.0
197 0.26 -0.2 0.0
198 0.26 -0.2 0.0
199 0.26 -0.2 0.0
200 0.26 -0.2 0.0
201 0.26 -0.2 0.0
202 0.26 -0.2 0.0
203 0.26 -0.2 0.0
204 0.26 -0.2 0.0
205 0.26 -0.2 0.0
206 0.26 -0.2 0.0
207 0.26 -0.2 0.0
208 0.26 -0.2 0.0
209 0.26 -0.2 0.0
210 0.26 -0.2 0.0
211 0.26 -0.2 0.0
212 0.26 -0.2 0.0
213 0.26 -0.2 0.0
214 0.26 -0.2 0.0
215 0.26 -0.2 0.0
216 0.26 -0.2 0.0
217 0.26 -0.2 0.0
218 0.26 -0.2 0.0
219 0.26 -0.2 0.0
220 0.26 -0.2 0.0
221 0.26 -0.2 0.00625
222 0.26 -0.2 0.0625
223 0.26 -0.2 0.127666666667
224 0.26 -0.2 0.146666666667
225 0.26 -0.2 0.14425
226 0.26 -0.2 0.143833333333
227 0.26 -0.2 0.141083333333
228 0.26 -0.2 0.203333333333
229 0.26 -0.2 0.240666666667
230 0.26 -0.2 0.296083333333
231 0.26 -0.2 0.3395
232 0.26 -0.2 0.395583333333
233 0.26 -0.2 0.452
234 0.26 -0.1 0.489166666667
235 0.26 -0.1 0.501416666667
236 0.26 -0.1 0.501
237 0.26 -0.1 0.531833333333
238 0.26 -0.1 0.562833333333
239 0.26 -0.1 0.594
240 0.26 -0.1 0.623333333333
241 0.26 -0.1 0.634333333333
242 0.26 -0.1 0.650666666667
243 0.26 -0.1 0.659666666667
244 0.26 -0.1 0.637
245 0.26 -0.1 0.507333333333
246 0.26 -0.1 0.361583333333
247 0.26 -0.1 0.254833333333
248 0.26 -0.1 0.164
249 0.26 -0.1 0.0763333333333
250 0.26 -0.1 0.0143333333333
251 0.26 -0.1 0.00925
252 0.26 -0.1 0.00775
253 0.26 -0.1 0.00508333333333
254 0.26 -0.1 0.00441666666667
255 0.26 -0.1 0.0035
256 0.26 -0.1 0.00266666666667
257 0.26 -0.1 0.002
258 0.26 -0.1 0.00166666666667
259 0.26 -0.1 0.00133333333333
260 0.26 -0.1 0.001
261 0.26 -0.1 0.000833333333333
262 0.26 -0.1 0.000666666666667
263 0.26 -0.1 0.000666666666667
264 0.26 0.0 0.000583333333333
265 0.26 0.0 0.00025
266 0.26 0.0 0.0
267 0.26 0.0 0.0
268 0.26 0.0 0.0
269 0.26 0.0 0.0
270 0.26 0.0 0.0
271 0.26 0.0 0.0
272 0.26 0.0 0.0
273 0.26 0.0 0.0
274 0.0 0.0 0.0
275 0.0 0.0 0.0
276 0.005 0.0 0.16875
277 0.01 0.0 0.34375
278 0.01 0.05 0.434166666667
279 0.01 0.1 0.435333333333
280 0.01 0.1 0.433666666667
281 0.01 0.35 0.439
282 0.01 0.7 0.417416666667
283 0.01 0.95 0.14375
284 0.01 1.05 0.0
285 0.0 0.0 0.0
286 0.0 0.0 0.0
287 0.005 0.0 0.0
288 0.01 0.0 0.0
289 0.01 0.0 0.0
290 0.035 0.0 0.0
291 0.07 0.0 0.0
292 0.11 0.0 0.0
293 0.145 0.0 0.0
294 0.18 0.0 0.0
295 0.205 0.0 0.0
296 0.235 0.0 0.0
297 0.255 0.0 0.0
298 0.26 0.0 0.0
299 0.26 0.0 0.0
300 0.26 0.0 0.0
301 0.26 0.0 0.0
