0 0.26 0.0 0.0316666666667
1 0.26 0.0 0.038
2 0.26 0.0 0.04375
3 0.26 0.0 0.04375
4 0.26 0.0 0.0354166666667
5 0.26 0.0 0.03125
6 0.26 0.0 0.025
7 0.26 0.0 0.01875
8 0.26 0.0 0.0125
9 0.26 0.0 0.00625
10 0.26 0.0 0.0
11 0.26 0.0 0.0
12 0.26 0.0 0.0
13 0.26 0.0 0.0
14 0.26 0.0 0.0
15 0.26 0.0 0.0
16 0.26 0.0 0.0
17 0.26 0.0 0.0
18 0.26 0.05 0.0
19 0.26 0.1 0.0
20 0.26 0.1 0.0
21 0.26 0.1 0.0
22 0.26 0.15 0.0
23 0.26 0.2 0.0
24 0.26 0.25 0.0
25 0.26 0.3 0.00625
26 0.26 0.3 0.0375
27 0.26 0.3 0.075
28 0.26 0.35 0.09375
29 0.26 0.4 0.09375
30 0.26 0.4 0.0875
31 0.26 0.4 0.0875
32 0.26 0.4 0.09375
33 0.26 0.4 0.09375
34 0.26 0.4 0.0911666666667
35 0.26 0.4 0.09375
36 0.26 0.4 0.09375
37 0.26 0.4 0.09375
38 0.26 0.4 0.0275833333333
39 0.26 0.4 0.0
40 0.26 0.4 0.0
41 0.0 0.0 0.0
42 0.0 0.0 0.0
43 0.0 0.0 0.0
44 0.0 0.0 0.0
45 0.0 0.0 0.0
46 0.0 0.0 0.0
47 0.0 0.0 0.0
48 0.005 0.0 0.0
49 0.01 0.0 0.1
50 0.01 0.0 0.1625
51 0.01 0.0 0.15625
52 0.01 0.0 0.15
53 0.025 0.0 0.1375
54 0.04 0.0 0.1375
55 0.045 0.0 0.13125
56 0.05 0.05 0.13125
57 0.055 0.1 0.13125
58 0.06 0.1 0.13125
59 0.065 0.1 0.133833333333
60 0.07 0.1 0.13125
61 0.07 0.2 0.13125
62 0.07 0.35 0.1375
63 0.07 0.55 0.1375
64 0.07 0.65 0.1375
65 0.07 0.7 0.15
66 0.07 0.75 0.09375
67 0.07 0.8 0.0
68 0.07 0.85 0.0
69 0.0 0.0 0.0
70 0.0 0.0 0.0
71 0.0 0.0 0.0
72 0.0 0.0 0.0
73 0.0 0.0 0.0
74 0.005 0.0 0.0
75 0.01 0.0 0.0
76 0.01 0.0 0.0
77 0.01 0.0 0.0
78 0.01 0.0 0.0
79 0.015 0.0 0.0
80 0.03 0.0 0.0
81 0.045 0.0 0.0
82 0.065 0.0 0.0
83 0.08 0.0 0.0
84 0.095 0.0 0.0
85 0.11 0.0 0.0
86 0.125 0.0 0.0
87 0.14 0.0 0.0
88 0.155 0.0 0.0
89 0.175 0.0 0.0
90 0.19 0.0 0.0
91 0.205 0.0 0.0
92 0.22 0.0 0.0
93 0.235 0.0 0.0
94 0.25 0.0 0.0
95 0.26 0.0 0.0
96 0.26 0.0 0.0
97 0.26 0.0 0.0
98 0.26 0.0 0.0
99 0.26 0.0 0.0
100 0.26 0.0 0.0
101 0.26 0.0 0.0
102 0.26 0.0 0.0
103 0.26 0.0 0.0
104 0.26 0.0 0.0
105 0.26 0.0 0.0
106 0.26 0.0 0.0
107 0.26 0.0 0.0
108 0.26 0.0 0.0
109 0.26 0.0 0.0
110 0.26 0.0 0.0
111 0.26 0.0 0.0
112 0.26 0.0 0.0
113 0.26 0.0 0.0
114 0.26 0.0 0.0
115 0.26 0.0 0.0
116 0.26 0.0 0.0
117 0.26 0.0 0.0
118 0.26 0.0 0.0
119 0.26 0.0 0.0
120 0.26 0.0 0.0
121 0.26 0.0 0.0
122 0.26 0.0 0.0
123 0.26 0.0 0.0
124 0.26 0.0 0.0
125 0.26 -0.05 0.0
126 0.26 -0.1 0.0
127 0.26 -0.1 0.0
128 0.26 -0.15 0.0
129 0.26 -0.2 0.0
130 0.26 -0.2 0.0
131 0.26 -0.25 0.0
132 0.26 -0.3 0.0
133 0.26 -0.3 0.0
134 0.26 -0.3 0.0
135 0.26 -0.35 0.0
136 0.26 -0.4 0.0
137 0.26 -0.4 0.0
138 0.26 -0.4 0.0
139 0.26 -0.4 0.0
140 0.26 -0.4 0.0
141 0.26 -0.4 0.0
142 0.26 -0.4 0.0
143 0.26 -0.4 0.00625
144 0.26 -0.4 0.075
145 0.26 -0.4 0.1375
146 0.26 -0.4 0.2
147 0.26 -0.4 0.2625
148 0.0 0.0 0.325
149 0.0 0.0 0.36875
150 0.0 0.0 0.35
151 0.0 0.0 0.30625
152 0.0 0.0 0.24375
153 0.0 0.0 0.1875
154 0.0 0.0 0.16425
