0 0.26 0.0 0.75
1 0.26 0.0 0.0506666666667
2 0.26 0.0 0.1125
3 0.26 0.0 0.175
4 0.26 0.0 0.18125
5 0.26 0.0 0.16875
6 0.26 0.0 0.16875
7 0.26 0.0 0.16875
8 0.26 0.0 0.1625
9 0.26 0.0 0.15625
10 0.26 0.0 0.150416666667
11 0.26 0.0 0.15
12 0.26 0.0 0.14375
13 0.26 0.0 0.1375
14 0.26 0.0 0.13125
15 0.26 0.0 0.125
16 0.26 0.0 0.11875
17 0.26 0.0 0.1125
18 0.26 0.0 0.10625
19 0.26 0.0 0.1
20 0.26 0.0 0.09375
21 0.26 0.0 0.0875
22 0.26 0.05 0.08125
23 0.26 0.1 0.08125
24 0.26 0.1 0.0875
25 0.26 0.15 0.1
26 0.26 0.2 0.10625
27 0.26 0.2 0.13125
28 0.26 0.2 0.125
29 0.26 0.2 0.11875
30 0.26 0.25 0.11875
31 0.26 0.3 0.1125
32 0.26 0.3 0.1125
33 0.26 0.3 0.10625
34 0.26 0.3 0.10625
35 0.26 0.3 0.10625
36 0.26 0.3 0.10625
37 0.26 0.3 0.10625
38 0.26 0.3 0.10625
39 0.26 0.3 0.11225
40 0.26 0.3 0.1125
41 0.26 0.3 0.112916666667
42 0.26 0.3 0.0625
43 0.26 0.3 0.00625
44 0.26 0.3 0.0
45 0.26 0.3 0.0
46 0.0 0.0 0.0
47 0.0 0.0 0.0
48 0.0 0.0 0.0
49 0.0 0.0 0.0
50 0.005 0.0 0.0
51 0.01 0.0 0.0
52 0.01 0.0 0.0
53 0.01 0.0 0.0
54 0.01 0.0 0.0
55 0.01 0.0 0.0
56 0.025 0.0 0.0
57 0.04 0.0 0.0
58 0.055 0.0 0.0
59 0.075 0.0 0.0
60 0.09 0.0 0.0
61 0.105 0.0 0.0
62 0.12 0.0 0.0
63 0.14 0.0 0.0
64 0.155 0.0 0.0
65 0.17 0.0 0.0
66 0.185 0.0 0.0
67 0.2 0.0 0.0
68 0.215 0.0 0.0
69 0.235 0.0 0.0
70 0.25 0.0 0.0
71 0.26 0.0 0.0
72 0.26 0.0 0.0
73 0.26 0.0 0.0
74 0.26 0.0 0.0
75 0.26 0.0 0.0
76 0.26 0.0 0.0
77 0.26 0.0 0.0
78 0.26 0.0 0.0
79 0.26 0.0 0.0
80 0.26 0.0 0.0
81 0.26 0.0 0.0
82 0.26 0.0 0.0
83 0.26 0.0 0.0
84 0.26 0.0 0.0
85 0.26 0.0 0.0
86 0.26 0.0 0.0
87 0.26 0.0 0.0
88 0.26 0.0 0.0
89 0.26 0.0 0.0
90 0.26 0.0 0.0
91 0.26 0.0 0.0
92 0.26 -0.05 0.0
93 0.26 -0.1 0.0
94 0.26 -0.1 0.0
95 0.26 -0.15 0.0
96 0.26 -0.2 0.0
97 0.26 -0.2 0.0
98 0.26 -0.2 0.0
99 0.26 -0.25 0.0
100 0.26 -0.3 0.0
101 0.26 -0.3 0.0
102 0.26 -0.35 0.0
103 0.26 -0.4 0.0
104 0.26 -0.4 0.0
105 0.26 -0.4 0.0
106 0.26 -0.4 0.0
107 0.26 -0.4 0.0375
108 0.26 -0.4 0.1
109 0.26 -0.4 0.1625
110 0.26 -0.4 0.225
111 0.26 -0.4 0.2935
112 0.26 -0.4 0.35
113 0.0 0.0 0.4125
114 0.0 0.0 0.46875
115 0.0 0.0 0.46875
116 0.0 0.0 0.40625
117 0.0 0.0 0.2875
118 0.0 0.0 0.1625
119 0.005 0.0 0.0419166666667
120 0.01 0.0 0.0
121 0.01 0.0 0.0
122 0.01 0.0 0.0
123 0.01 -0.05 0.0
124 0.01 -0.1 0.0
125 0.01 -0.1 0.0
126 0.01 -0.1 0.0
127 0.01 -0.1 0.0
128 0.01 -0.2 0.0
129 0.01 -0.35 0.0
130 0.01 -0.5 0.0
131 0.01 -0.65 0.0
132 0.01 -0.8 0.0
133 0.01 -0.85 0.0
134 0.01 -0.9 0.0
135 0.01 -0.95 0.0
136 0.01 -1.0 0.0
137 0.01 -1.05 0.13125
138 0.0 0.0 0.3
139 0.0 0.0 0.475
140 0.0 0.0 0.63125
141 0.0 0.0 0.75
142 0.0 0.0 0.75
143 0.005 0.0 0.75
144 0.01 0.0 0.75
145 0.01 0.0 0.75
146 0.01 0.0 0.75
147 0.01 0.0 0.75
148 0.015 0.0 0.75
149 0.03 0.0 0.75
150 0.05 0.0 0.75
151 0.065 0.0 0.75
152 0.08 0.0 0.75
