0 0.26 0.0 0.0625
1 0.26 0.0 0.04375
2 0.26 0.0 0.0375
3 0.26 0.0 0.025
4 0.26 0.0 0.0125
5 0.26 0.0 0.0
6 0.26 0.0 0.0
7 0.26 0.0 0.0
8 0.26 0.0 0.0
9 0.26 0.0 0.0
10 0.26 0.0 0.0
11 0.26 0.0 0.0
12 0.26 0.0 0.0
13 0.26 0.0 0.0
14 0.26 -0.05 0.0
15 0.26 -0.1 0.0
16 0.26 -0.15 0.0
17 0.26 -0.2 0.0
18 0.26 -0.25 0.0
19 0.26 -0.3 0.0
20 0.26 -0.35 0.0
21 0.26 -0.4 0.0
22 0.26 -0.4 0.025
23 0.26 -0.4 0.15625
24 0.26 -0.4 0.25625
25 0.26 -0.4 0.375
26 0.26 -0.4 0.50625
27 0.26 -0.4 0.551666666667
28 0.26 -0.4 0.53125
29 0.26 -0.4 0.41875
30 0.26 -0.4 0.28125
31 0.26 -0.4 0.16875
32 0.0 0.0 0.04375
33 0.0 0.0 0.0
34 0.0 0.0 0.0
35 0.01 0.0 0.0
36 0.01 0.0 0.0
37 0.01 0.0 0.0
38 0.035 0.0 0.0
39 0.065 0.0 0.0
40 0.09 0.0 0.0
41 0.12 0.0 0.0
42 0.145 0.0 0.0
43 0.17 0.0 0.0
44 0.185 0.0 0.0
45 0.195 0.05 0.0
46 0.205 0.1 0.0
47 0.215 0.15 0.0
48 0.225 0.2 0.0
49 0.235 0.25 0.0
50 0.245 0.3 0.0
51 0.255 0.35 0.0
52 0.26 0.4 0.0
53 0.26 0.45 0.0
54 0.26 0.5 0.0
55 0.26 0.5 0.0
56 0.26 0.5 0.0375
57 0.26 0.5 0.16875
58 0.26 0.5 0.30625
59 0.26 0.5 0.44375
60 0.26 0.5 0.58125
61 0.26 0.5 0.71875
62 0.26 0.5 0.75
63 0.26 0.5 0.75
64 0.26 0.5 0.75
65 0.26 0.5 0.75
66 0.0 0.0 0.75
67 0.0 0.0 0.75
68 0.0 0.0 0.75
69 0.005 0.0 0.75
70 0.01 0.0 0.75
71 0.01 0.0 0.75
72 0.01 0.0 0.75
73 0.01 -0.1 0.75
74 0.015 -0.1 0.75
75 0.02 -0.1 0.75
76 0.02 -0.1 0.75
77 0.04 -0.1 0.75
78 0.065 -0.1 0.75
79 0.095 -0.1 0.75
80 0.12 -0.1 0.75
81 0.15 -0.1 0.75
82 0.175 -0.1 0.75
83 0.205 -0.1 0.75
84 0.22 -0.05 0.75
85 0.23 0.0 0.75
86 0.24 0.0 0.75
87 0.245 0.0 0.75
88 0.26 0.0 0.75
89 0.26 0.0 0.75
90 0.26 0.0 0.75
91 0.26 0.0 0.75
92 0.26 0.0 0.75
93 0.26 0.0 0.75
94 0.26 0.0 0.75
95 0.26 0.0 0.75
96 0.26 0.0 0.75
97 0.26 0.0 0.75
98 0.26 0.0 0.75
99 0.26 0.0 0.75
100 0.26 0.0 0.75
101 0.26 0.0 0.75
102 0.26 0.0 0.75
103 0.26 0.0 0.75
104 0.26 0.0 0.75
105 0.26 0.0 0.75
