0 0.26 0.0 0.0641666666667
1 0.26 0.0 0.08125
2 0.26 0.0 0.16875
3 0.26 0.0 0.15
4 0.26 0.0 0.14375
5 0.26 0.0 0.1375
6 0.26 0.0 0.13125
7 0.26 0.0 0.11875
8 0.26 0.0 0.107583333333
9 0.26 0.0 0.1
10 0.26 0.0 0.0875
11 0.26 0.0 0.075
12 0.26 0.0 0.06475
13 0.26 0.0 0.05
14 0.26 0.0 0.0375
15 0.26 -0.05 0.01875
16 0.26 -0.1 0.00625
17 0.26 -0.15 0.0
18 0.26 -0.2 0.0
19 0.26 -0.3 0.0
20 0.26 -0.3 0.0
21 0.26 -0.4 0.0
22 0.26 -0.45 0.0
23 0.26 -0.5 0.0
24 0.26 -0.5 0.00625
25 0.26 -0.5 0.16875
26 0.26 -0.5 0.3125
27 0.26 -0.5 0.46875
28 0.26 -0.5 0.49375
29 0.26 -0.5 0.4625
30 0.0 0.0 0.31875
31 0.0 0.0 0.21875
32 0.0 0.0 0.15625
33 0.005 0.0 0.125
34 0.01 0.0 0.125
35 0.01 0.0 0.125
36 0.01 0.0 0.125
37 0.035 0.0 0.125
38 0.065 0.0 0.125
39 0.09 0.0 0.125
40 0.115 0.0 0.125
41 0.145 0.0 0.1375
42 0.175 0.0 0.1375
43 0.205 0.0 0.13125
44 0.23 0.0 0.125
45 0.26 0.0 0.11875
46 0.26 0.0 0.1125
47 0.26 0.0 0.10625
48 0.26 0.0 0.09375
49 0.26 0.0 0.0773333333333
50 0.26 0.0 0.05625
51 0.26 0.0 0.0380833333333
52 0.26 0.0 0.01875
53 0.26 0.0 0.0
54 0.26 0.0 0.0
55 0.26 0.1 0.0
56 0.26 0.1 0.0
57 0.26 0.2 0.0125
58 0.26 0.25 0.05625
59 0.26 0.3 0.11875
60 0.26 0.35 0.218916666667
61 0.26 0.4 0.30625
62 0.26 0.4 0.41875
63 0.26 0.4 0.5375
64 0.26 0.4 0.63125
65 0.26 0.4 0.73125
66 0.26 0.4 0.75
67 0.26 0.4 0.75
68 0.26 0.4 0.75
69 0.26 0.4 0.75
70 0.26 0.4 0.75
71 0.0 0.0 0.75
72 0.0 0.0 0.75
73 0.0 0.0 0.75
74 0.005 0.0 0.75
75 0.01 0.0 0.75
76 0.01 0.0 0.75
77 0.015 0.0 0.75
78 0.04 0.0 0.75
79 0.065 0.0 0.75
80 0.095 0.0 0.75
81 0.12 0.0 0.75
82 0.15 0.0 0.75
83 0.175 0.0 0.75
84 0.205 0.0 0.75
85 0.23 0.0 0.75
86 0.255 0.0 0.75
87 0.26 0.0 0.75
88 0.26 0.0 0.75
89 0.26 0.0 0.75
90 0.26 0.0 0.75
91 0.26 0.0 0.75
92 0.26 0.0 0.75
93 0.26 0.0 0.75
94 0.26 0.0 0.75
95 0.26 0.0 0.75
96 0.26 0.0 0.75
97 0.26 0.0 0.75
98 0.26 0.0 0.75
99 0.26 0.0 0.75
100 0.26 0.0 0.75
101 0.26 0.0 0.75
102 0.26 0.0 0.75
103 0.26 0.0 0.75
104 0.26 0.0 0.75
105 0.26 0.0 0.75
106 0.26 0.0 0.75
107 0.26 0.0 0.75
