0 0.26 -0.1 0.0823333333333
1 0.26 -0.1 0.15
2 0.26 -0.1 0.14375
3 0.26 -0.1 0.125
4 0.26 -0.1 0.0875
5 0.26 0.0 0.04375
6 0.26 0.05 0.03125
7 0.26 0.15 0.03125
8 0.26 0.2 0.05625
9 0.26 0.3 0.10625
10 0.26 0.3 0.175
11 0.26 0.3 0.26875
12 0.26 0.3 0.3375
13 0.26 0.3 0.4375
14 0.26 0.3 0.5125
15 0.26 0.3 0.6
16 0.26 0.3 0.7125
17 0.26 0.3 0.66875
18 0.26 0.3 0.5875
19 0.26 0.3 0.50625
20 0.26 0.3 0.43125
21 0.26 0.3 0.35
22 0.26 0.3 0.275
23 0.26 0.3 0.19375
24 0.26 0.3 0.10625
25 0.26 0.3 0.01875
26 0.26 0.35 0.0
27 0.26 0.4 0.0
28 0.26 0.4 0.0
29 0.26 0.4 0.0
30 0.0 0.0 0.0
31 0.0 0.0 0.0
32 0.0 0.0 0.0
33 0.0 0.05 0.0
34 0.0 0.1 0.0
35 0.0 0.1 0.0
36 0.0 0.15 0.0
37 0.0 0.4 0.0
38 0.0 0.6 0.0
39 0.0 0.0 0.0
40 0.0 0.0 0.0
41 0.0 0.0 0.0
42 0.005 0.0 0.0
43 0.01 0.0 0.0
44 0.01 0.0 0.0
45 0.025 0.0 0.0
46 0.055 0.0 0.0
47 0.08 0.0 0.0
48 0.11 0.0 0.0
49 0.14 0.0 0.0
50 0.17 0.0 0.0
51 0.195 0.0 0.0
52 0.225 0.0 0.0
53 0.245 0.0 0.0
54 0.255 0.0 0.0
55 0.26 0.0 0.0
56 0.26 0.0 0.0
57 0.26 0.0 0.0
58 0.26 0.0 0.0
59 0.26 0.0 0.0
60 0.26 0.0 0.0
61 0.26 0.0 0.0
62 0.26 0.0 0.0
63 0.26 0.0 0.0
64 0.26 0.0 0.0
65 0.26 0.0 0.0
66 0.26 0.0 0.0
67 0.26 0.0 0.0
68 0.26 0.0 0.0
69 0.26 0.0 0.0
70 0.26 0.0 0.0
71 0.26 0.0 0.0
72 0.26 0.0 0.0
73 0.26 0.0 0.0
74 0.26 0.0 0.0
75 0.26 0.0 0.0
76 0.26 0.0 0.0
77 0.26 0.0 0.0
78 0.26 0.0 0.0
79 0.26 0.0 0.0
80 0.26 0.0 0.0
81 0.26 0.0 0.0
82 0.26 0.0 0.0
83 0.26 0.0 0.0
84 0.26 0.0 0.0
85 0.26 0.0 0.0
86 0.26 0.0 0.0
87 0.26 0.0 0.0
88 0.26 0.0 0.0
89 0.26 0.0 0.0
90 0.26 0.0 0.0
91 0.26 0.0 0.0
92 0.26 -0.1 0.0
93 0.26 -0.1 0.0
94 0.26 -0.1 0.0
95 0.26 -0.1 0.0
96 0.26 -0.1 0.0
97 0.26 -0.15 0.0
98 0.26 -0.2 0.0
99 0.26 -0.2 0.0
100 0.26 -0.2 0.0
101 0.26 -0.2 0.0
102 0.26 -0.3 0.0
103 0.26 -0.3 0.0
104 0.26 -0.3 0.0
105 0.26 -0.3 0.0
106 0.26 -0.4 0.0
107 0.26 -0.4 0.0
108 0.26 -0.4 0.0
109 0.26 -0.4 0.0
110 0.26 -0.5 0.0
111 0.26 -0.5 0.0
112 0.26 -0.5 0.0
113 0.26 -0.5 0.0
114 0.26 -0.5 0.0
115 0.26 -0.5 0.0
116 0.26 -0.5 0.0
117 0.26 -0.5 0.0
118 0.0 0.0 0.0736666666667
119 0.0 0.0 0.19375
120 0.0 0.0 0.26875
121 0.0 0.0 0.28125
122 0.005 0.0 0.28125
123 0.01 0.0 0.28125
124 0.01 0.0 0.28125
125 0.025 0.0 0.28125
126 0.05 0.0 0.28125
127 0.08 0.0 0.28125
128 0.105 0.0 0.28125
129 0.135 0.0 0.28125
130 0.14 0.0 0.275
131 0.15 0.0 0.275
132 0.16 0.0 0.26875
133 0.165 0.0 0.26875
134 0.175 0.0 0.26875
135 0.18 0.0 0.26875
136 0.19 0.0 0.2625
137 0.2 0.0 0.2625
138 0.215 0.0 0.256833333333
139 0.245 0.0 0.25625
140 0.26 0.0 0.25625
141 0.26 0.0 0.250583333333
142 0.26 0.0 0.25
143 0.26 0.0 0.25
144 0.26 0.0 0.24375
145 0.26 0.0 0.24375
146 0.26 0.0 0.24375
147 0.26 0.0 0.24375
148 0.26 0.0 0.2375
149 0.26 0.0 0.2375
150 0.26 0.0 0.23125
151 0.26 0.0 0.23125
152 0.26 -0.1 0.23125
153 0.26 -0.1 0.25625
154 0.26 -0.1 0.28125
155 0.26 -0.05 0.30625
156 0.26 0.0 0.31875
157 0.26 0.0 0.325
158 0.26 0.0 0.325
159 0.26 0.0 0.325
160 0.26 0.0 0.31875
161 0.26 0.0 0.31875
162 0.26 0.0 0.31875
163 0.26 0.0 0.31875
164 0.26 0.0 0.31875
165 0.26 0.0 0.31875
166 0.26 0.0 0.3125
167 0.26 0.0 0.3125
168 0.26 0.0 0.3125
169 0.26 0.0 0.3125
170 0.26 0.0 0.3125
171 0.26 0.0 0.30625
172 0.26 0.0 0.30625
173 0.26 0.0 0.30625
174 0.26 0.0 0.30625
175 0.26 0.0 0.30625
176 0.26 0.0 0.3
