0 0.26 0.1 0.0
1 0.26 0.1 0.0
2 0.26 0.15 0.0
3 0.26 0.25 0.0
4 0.26 0.3 0.0
5 0.26 0.4 0.0
6 0.26 0.4 0.0
7 0.26 0.4 0.04375
8 0.26 0.4 0.16875
9 0.26 0.4 0.33125
10 0.26 0.4 0.46875
11 0.26 0.4 0.58125
12 0.26 0.4 0.675
13 0.26 0.4 0.575
14 0.26 0.4 0.41875
15 0.26 0.4 0.23125
16 0.26 0.4 0.06875
17 0.0 0.0 0.0
18 0.0 0.0 0.0
19 0.0 0.0 0.0
20 0.01 0.0 0.0
21 0.01 0.0 0.0
22 0.025 0.0 0.0
23 0.06 0.0 0.0
24 0.09 0.0 0.0
25 0.115 0.0 0.0
26 0.15 0.0 0.0
27 0.175 0.0 0.0
28 0.185 -0.05 0.0
29 0.195 -0.1 0.0
30 0.205 -0.1 0.0
31 0.215 -0.1 0.0
32 0.225 -0.1 0.0
33 0.235 -0.1 0.0
34 0.245 -0.1 0.0
35 0.255 -0.1 0.0
36 0.26 -0.1 0.0
37 0.26 -0.1 0.0
38 0.26 -0.1 0.0
39 0.26 -0.1 0.0
40 0.26 -0.1 0.0
41 0.26 -0.1 0.0
42 0.26 -0.1 0.0
43 0.26 -0.1 0.0
44 0.26 -0.1 0.0
45 0.26 -0.1 0.0
46 0.26 -0.1 0.0
47 0.26 -0.1 0.0
48 0.26 -0.1 0.0
49 0.26 -0.1 0.0
50 0.26 -0.1 0.0
51 0.26 -0.1 0.0
52 0.26 -0.1 0.0
53 0.26 -0.1 0.0
54 0.26 -0.1 0.0
55 0.26 -0.1 0.0
56 0.26 -0.1 0.0
57 0.26 -0.1 0.0
58 0.26 -0.1 0.0
59 0.26 -0.1 0.0
60 0.26 -0.1 0.0
61 0.26 -0.1 0.0
62 0.26 -0.1 0.0
63 0.26 -0.1 0.0
64 0.26 -0.1 0.0
65 0.26 -0.1 0.0
66 0.26 -0.1 0.0
67 0.26 -0.1 0.0125
68 0.26 -0.1 0.04375
69 0.26 -0.1 0.075
70 0.26 -0.1 0.10625
71 0.26 -0.1 0.1375
72 0.26 -0.05 0.1625
73 0.26 0.0 0.18125
74 0.26 0.0 0.18125
75 0.26 0.0 0.175416666667
76 0.26 0.0 0.136416666667
77 0.26 0.0 0.0920833333333
78 0.26 0.0 0.0423333333333
79 0.26 0.0 0.0
80 0.26 0.0 0.0
81 0.26 0.0 0.0
82 0.26 0.0 0.0
83 0.26 0.0 0.0
84 0.26 0.0 0.0
85 0.26 0.0 0.0
86 0.26 0.0 0.0
87 0.26 0.0 0.0
88 0.26 0.0 0.0
89 0.26 0.0 0.0
90 0.26 0.0 0.0
91 0.26 0.0 0.0
92 0.26 0.0 0.0
93 0.26 0.0 0.0
94 0.26 0.0 0.0
95 0.26 0.0 0.0
96 0.26 0.0 0.0
97 0.26 0.0 0.0
98 0.26 0.0 0.0
99 0.26 0.0 0.0
100 0.26 0.0 0.0
101 0.26 0.0 0.0
102 0.26 -0.1 0.0
103 0.26 -0.1 0.0
104 0.26 -0.1 0.0
105 0.26 -0.1 0.0
106 0.26 -0.1 0.0
107 0.26 -0.1 0.0
108 0.26 -0.1 0.0
109 0.26 -0.1 0.0
110 0.26 -0.1 0.0
111 0.26 -0.1 0.0
112 0.26 -0.1 0.0
113 0.26 -0.1 0.0
114 0.26 -0.1 0.0
115 0.26 -0.2 0.0
116 0.26 -0.2 0.0
117 0.26 -0.4 0.0
118 0.26 -0.6 0.0
119 0.26 -0.7 0.0
120 0.26 -0.8 0.0
121 0.26 -0.8 0.0
122 0.26 -0.8 0.0
123 0.26 -0.8 0.0
124 0.26 -0.8 0.0
125 0.26 -0.8 0.192416666667
126 0.26 -0.8 0.25575
127 0.0 0.0 0.402666666667
128 0.0 0.0 0.4745
129 0.01 0.0 0.506916666667
130 0.01 0.0 0.506833333333
131 0.025 0.0 0.506666666667
132 0.06 0.0 0.506333333333
133 0.095 0.0 0.505916666667
134 0.125 0.0 0.50525
135 0.155 0.0 0.494833333333
136 0.185 0.0 0.4935
137 0.2 0.0 0.487666666667
138 0.21 0.0 0.495833333333
139 0.22 0.0 0.489
140 0.23 0.0 0.491166666667
141 0.24 0.0 0.489083333333
142 0.25 0.0 0.486
143 0.26 0.0 0.483916666667
144 0.26 0.0 0.481083333333
145 0.26 0.0 0.483166666667
146 0.26 0.0 0.48025
147 0.26 0.0 0.477583333333
148 0.26 0.0 0.474916666667
149 0.26 0.0 0.477083333333
150 0.26 0.0 0.473416666667
151 0.26 0.0 0.471166666667
152 0.26 0.0 0.4685
153 0.26 0.0 0.322
154 0.26 0.0 0.0569166666667
155 0.26 0.0 0.000583333333333
156 0.26 0.0 0.0
157 0.26 0.0 0.0
158 0.26 0.0 0.0
159 0.26 0.0 0.0
160 0.26 0.0 0.0
161 0.26 0.0 0.0
162 0.26 0.0 0.0
163 0.26 0.0 0.0
164 0.26 0.0 0.0
165 0.26 0.0 0.0
166 0.26 0.0 0.0
167 0.26 0.0 0.0
168 0.26 0.0 0.0
169 0.26 0.0 0.0
170 0.26 0.0 0.0
171 0.26 0.0 0.0
172 0.26 0.0 0.0
173 0.26 0.0 0.0
174 0.26 0.0 0.0
175 0.26 0.0 0.0
176 0.26 0.0 0.0
177 0.26 0.0 0.0
178 0.26 0.0 0.0
179 0.26 0.0 0.0
180 0.26 0.0 0.0
181 0.26 0.0 0.0
182 0.26 0.0 0.0
183 0.26 -0.1 0.0
184 0.26 -0.1 0.0
185 0.26 -0.1 0.0
186 0.26 -0.1 0.0
187 0.26 -0.1 0.0
188 0.26 -0.1 0.0
189 0.26 -0.1 0.0
190 0.26 -0.1 0.0
191 0.26 -0.1 0.0
192 0.26 -0.1 0.0
193 0.26 -0.1 0.0
194 0.26 0.0 0.0
195 0.26 0.0 0.0
196 0.26 0.0 0.0
197 0.26 0.0 0.0
198 0.26 0.0 0.0
199 0.26 0.0 0.0
200 0.26 0.0 0.0
201 0.26 -0.05 0.0
202 0.26 -0.1 0.0
203 0.26 -0.1 0.0
204 0.26 -0.1 0.0
205 0.26 -0.1 0.0
206 0.26 -0.1 0.0
207 0.26 -0.1 0.0
208 0.26 -0.1 0.0
209 0.26 -0.1 0.0
210 0.26 -0.15 0.0
211 0.26 -0.2 0.0
212 0.26 -0.2 0.0
213 0.26 -0.2 0.0
214 0.26 -0.2 0.0
215 0.26 -0.2 0.0
216 0.26 -0.2 0.0
217 0.26 -0.2 0.0
218 0.26 -0.2 0.0
219 0.26 -0.2 0.0
220 0.26 -0.2 0.0
221 0.26 -0.2 0.0
222 0.26 -0.2 0.0
223 0.26 -0.25 0.0
224 0.26 -0.3 0.0
225 0.26 -0.3 0.0
226 0.26 -0.55 0.0
227 0.26 -0.65 0.0
228 0.26 -0.75 0.0375
229 0.26 -0.85 0.19
230 0.26 -0.9 0.313333333333
231 0.26 -0.9 0.573416666667
232 0.26 -0.9 0.6915
233 0.0 0.0 0.593583333333
234 0.0 0.0 0.31275
235 0.005 0.0 0.184333333333
236 0.01 0.0 0.189333333333
237 0.01 0.0 0.190083333333
238 0.02 0.0 0.191916666667
239 0.035 0.05 0.185416666667
240 0.04 0.1 0.194333333333
241 0.055 0.1 0.221666666667
242 0.06 0.1 0.237916666667
243 0.06 0.1 0.256833333333
244 0.08 0.1 0.288083333333
245 0.1 0.1 0.331166666667
246 0.11 0.2 0.365083333333
247 0.12 0.2 0.406
248 0.13 0.2 0.438083333333
249 0.14 0.2 0.482
250 0.19 0.2 0.534083333333
251 0.245 0.2 0.576916666667
252 0.26 0.2 0.57625
253 0.26 0.2 0.597083333333
254 0.26 0.2 0.618916666667
255 0.26 0.2 0.604416666667
256 0.26 0.2 0.57675
257 0.26 0.2 0.520083333333
258 0.26 0.2 0.51375
259 0.26 0.2 0.476666666667
260 0.26 0.2 0.407083333333
261 0.26 0.2 0.338416666667
262 0.26 0.2 0.281666666667
263 0.26 0.2 0.21925
264 0.26 0.2 0.162833333333
265 0.26 0.2 0.118833333333
266 0.26 0.2 0.0625
267 0.26 0.2 0.05
268 0.26 0.2 0.05
269 0.26 0.2 0.01875
270 0.26 0.2 0.0
271 0.26 0.2 0.0
272 0.26 0.2 0.0
273 0.26 0.2 0.0
274 0.26 0.2 0.0
275 0.26 0.2 0.0
276 0.26 0.2 0.0
277 0.26 0.2 0.0
278 0.26 0.2 0.0
279 0.26 0.2 0.0
280 0.26 0.15 0.0
281 0.26 0.1 0.0
282 0.26 0.1 0.0
283 0.26 -0.25 0.0
284 0.26 -0.55 0.0
285 0.26 -0.65 0.0
286 0.26 -0.75 0.0
287 0.26 -0.85 0.0
288 0.26 -0.95 0.0
289 0.26 -1.05 0.0
290 0.26 -1.1 0.0
