0 0.235 0.0 0.0
1 0.245 0.0 0.0
2 0.255 0.0 0.0
3 0.26 0.0 0.0
4 0.26 0.0 0.0
5 0.26 0.0 0.0
6 0.26 0.0 0.0
7 0.26 0.0 0.0
8 0.26 0.0 0.0
9 0.26 0.0 0.0
10 0.26 -0.1 0.0
11 0.26 -0.15 0.0
12 0.26 -0.25 0.0
13 0.26 -0.3 0.0
14 0.26 -0.4 0.0
15 0.26 -0.4 0.0
16 0.26 -0.4 0.0
17 0.26 -0.4 0.0
18 0.26 -0.4 0.05
19 0.26 -0.4 0.125
20 0.26 -0.4 0.1275
21 0.26 -0.4 0.1375
22 0.26 -0.4 0.15
23 0.26 -0.4 0.16875
24 0.26 -0.4 0.1125
25 0.0 0.0 0.0
26 0.0 0.0 0.0
27 0.0 0.0 0.0
28 0.0 0.0 0.0
29 0.01 0.0 0.0
30 0.01 0.0 0.0
31 0.01 0.0 0.0
32 0.035 0.0 0.0
33 0.06 0.0 0.0
34 0.085 0.0 0.0
35 0.115 0.0 0.0
36 0.145 0.0 0.0
37 0.17 0.0 0.0
38 0.2 0.0 0.0
39 0.23 0.0 0.0
40 0.26 0.0 0.0
41 0.26 0.0 0.0
42 0.26 0.0 0.0
43 0.26 0.0 0.0
44 0.26 0.0 0.0
45 0.26 0.0 0.0
46 0.26 0.0 0.0
47 0.26 0.0 0.0
48 0.26 0.0 0.0
49 0.26 0.0 0.0
50 0.26 0.05 0.0
51 0.26 0.15 0.0
52 0.26 0.2 0.0
53 0.26 0.25 0.0
54 0.26 0.35 0.0
55 0.26 0.4 0.0
56 0.26 0.4 0.0
57 0.26 0.4 0.08125
58 0.26 0.4 0.19375
59 0.26 0.4 0.302166666667
60 0.26 0.4 0.3
61 0.26 0.4 0.29375
62 0.26 0.4 0.28125
63 0.0 0.0 0.275
64 0.0 0.0 0.19375
65 0.0 0.0 0.15625
66 0.0 0.0 0.15625
67 0.0 0.0 0.19375
68 0.01 0.0 0.24375
69 0.01 0.0 0.2625
70 0.01 0.0 0.2625
71 0.03 0.0 0.26875
72 0.06 0.0 0.2625
73 0.085 0.0 0.26875
74 0.115 0.0 0.2625
75 0.145 0.0 0.2625
76 0.175 0.0 0.2625
77 0.2 0.0 0.25625
78 0.225 0.0 0.25625
79 0.25 0.0 0.2625
80 0.26 0.0 0.25625
81 0.26 0.0 0.25625
82 0.26 0.0 0.25625
83 0.26 0.0 0.25
84 0.26 0.05 0.25
85 0.26 0.1 0.25
86 0.26 0.1 0.24375
87 0.26 0.1 0.2375
88 0.26 0.1 0.24375
89 0.26 0.1 0.2375
90 0.26 0.1 0.23125
91 0.26 0.2 0.23125
92 0.26 0.2 0.23125
93 0.26 0.2 0.2125
94 0.26 0.2 0.15
95 0.26 0.3 0.075
96 0.26 0.3 0.0
97 0.26 0.4 0.0
98 0.26 0.4 0.0
99 0.26 0.4 0.0
100 0.26 0.4 0.01875
101 0.26 0.4 0.14675
102 0.26 0.4 0.15
103 0.26 0.4 0.154916666667
104 0.26 0.35 0.15625
105 0.26 0.3 0.15
106 0.26 0.3 0.14375
107 0.26 0.3 0.1375
108 0.26 0.25 0.04375
109 0.26 0.2 0.0
110 0.26 0.2 0.0
111 0.26 0.15 0.0
112 0.26 0.1 0.0
113 0.26 0.1 0.0
114 0.26 0.1 0.0
115 0.26 0.1 0.0
116 0.26 0.1 0.0
117 0.26 0.1 0.0
118 0.26 0.05 0.0
119 0.26 2.77555756156e-17 0.0
120 0.26 2.77555756156e-17 0.0
121 0.26 2.77555756156e-17 0.0
122 0.26 2.77555756156e-17 0.0
123 0.26 2.77555756156e-17 0.0
124 0.26 2.77555756156e-17 0.0
125 0.26 -0.05 0.0
126 0.26 -0.1 0.0
127 0.26 -0.1 0.0
128 0.26 -0.1 0.0
129 0.26 -0.1 0.0
130 0.26 -0.1 0.0
131 0.26 -0.1 0.0
132 0.26 -0.1 0.0
133 0.26 -0.1 0.0
134 0.26 -0.1 0.0
135 0.26 -0.1 0.0
136 0.26 -0.1 0.0
137 0.26 -0.1 0.0
138 0.26 -0.05 0.0
139 0.26 2.77555756156e-17 0.0
140 0.26 2.77555756156e-17 0.0
141 0.26 2.77555756156e-17 0.0
142 0.26 0.05 0.0
143 0.26 0.1 0.0
144 0.26 0.1 0.0
145 0.26 0.1 0.0
146 0.26 0.1 0.0
147 0.26 0.1 0.0
148 0.26 0.1 0.0
149 0.26 0.1 0.0
150 0.26 0.1 0.0
151 0.26 0.1 0.0
152 0.26 0.05 0.0
153 0.26 2.77555756156e-17 0.0
154 0.26 2.77555756156e-17 0.0
155 0.26 -0.2 0.0
156 0.26 -0.35 0.0
157 0.26 -0.4 0.0
158 0.26 -0.5 0.0
159 0.26 -0.55 0.0
160 0.26 -0.6 0.0
161 0.26 -0.6 0.0
162 0.26 -0.6 0.0
163 0.26 -0.6 0.125
164 0.26 -0.6 0.28125
165 0.0 0.0 0.43125
166 0.0 0.0 0.58125
167 0.0 0.0 0.70625
168 0.0 0.0 0.725
169 0.005 0.0 0.725
170 0.01 0.0 0.725
171 0.01 0.0 0.725
172 0.03 0.0 0.725
173 0.055 0.0 0.725
174 0.085 0.0 0.725
175 0.115 0.0 0.725
176 0.14 0.0 0.73125
177 0.17 0.0 0.7375
178 0.2 0.0 0.74375
179 0.225 0.0 0.74375
180 0.255 0.0 0.75
181 0.26 0.0 0.75
182 0.26 0.0 0.75
183 0.26 0.0 0.75
184 0.26 0.0 0.75
185 0.26 0.0 0.75
186 0.26 0.0 0.75
187 0.26 0.0 0.75
188 0.26 0.0 0.75
189 0.26 0.0 0.75
190 0.26 0.0 0.75
191 0.26 0.0 0.75
192 0.26 0.0 0.75
193 0.26 0.0 0.75
194 0.26 0.0 0.75
195 0.26 0.0 0.75
196 0.26 0.0 0.75
197 0.26 0.0 0.75
198 0.26 0.0 0.75
199 0.26 0.0 0.75
200 0.26 0.0 0.75
201 0.26 0.0 0.75
202 0.26 0.0 0.75
203 0.26 0.0 0.75
204 0.26 0.0 0.75
205 0.26 0.0 0.75
206 0.26 0.0 0.75
