0 0.12 0.0 0.263333333333
1 0.145 0.0 0.262083333333
2 0.17 0.0 0.259833333333
3 0.19 0.0 0.257083333333
4 0.215 0.0 0.2565
5 0.235 0.0 0.256333333333
6 0.26 0.0 0.256416666667
7 0.26 0.0 0.256333333333
8 0.26 0.0 0.255916666667
9 0.26 0.0 0.25525
10 0.26 0.0 0.255083333333
11 0.26 0.0 0.255166666667
12 0.26 0.0 0.25475
13 0.26 0.0 0.25425
14 0.26 0.0 0.255083333333
15 0.26 0.0 0.25475
16 0.26 0.0 0.254666666667
17 0.26 0.0 0.256333333333
18 0.26 0.0 0.256666666667
19 0.26 0.0 0.256666666667
20 0.26 0.0 0.25925
21 0.26 0.05 0.259333333333
22 0.26 0.1 0.260083333333
23 0.26 0.1 0.26125
24 0.26 0.1 0.262083333333
25 0.26 0.2 0.26275
26 0.26 0.2 0.263666666667
27 0.26 0.2 0.263166666667
28 0.26 0.2 0.262666666667
29 0.26 0.2 0.261833333333
30 0.26 0.25 0.261583333333
31 0.26 0.3 0.2605
32 0.26 0.3 0.261333333333
33 0.26 0.3 0.26325
34 0.26 0.35 0.272083333333
35 0.26 0.4 0.271333333333
36 0.26 0.4 0.271416666667
37 0.26 0.4 0.270833333333
38 0.26 0.4 0.27
39 0.26 0.4 0.2695
40 0.26 0.4 0.269666666667
41 0.26 0.4 0.278416666667
42 0.26 0.4 0.290166666667
43 0.26 0.4 0.291666666667
44 0.26 0.4 0.291666666667
45 0.26 0.4 0.291666666667
46 0.26 0.4 0.291666666667
47 0.26 0.4 0.291666666667
48 0.26 0.4 0.291666666667
49 0.26 0.4 0.291666666667
50 0.26 0.4 0.291666666667
51 0.26 0.4 0.291666666667
52 0.26 0.4 0.291666666667
53 0.26 0.4 0.291666666667
54 0.26 0.4 0.291666666667
55 0.26 0.4 0.291666666667
56 0.26 0.4 0.291666666667
57 0.26 0.4 0.291666666667
58 0.26 0.4 0.291666666667
59 0.26 0.3 0.291666666667
60 0.26 0.3 0.291666666667
61 0.26 0.3 0.291666666667
62 0.26 0.3 0.291666666667
63 0.26 0.3 0.291666666667
64 0.26 0.2 0.291666666667
65 0.26 0.2 0.291666666667
66 0.26 0.15 0.291666666667
67 0.26 0.1 0.291666666667
68 0.26 2.77555756156e-17 0.291666666667
69 0.26 2.77555756156e-17 0.291666666667
70 0.26 2.77555756156e-17 0.291666666667
71 0.26 2.77555756156e-17 0.291666666667
72 0.26 2.77555756156e-17 0.291666666667
73 0.26 2.77555756156e-17 0.291666666667
74 0.26 2.77555756156e-17 0.291666666667
75 0.26 2.77555756156e-17 0.291666666667
76 0.26 2.77555756156e-17 0.291666666667
77 0.26 2.77555756156e-17 0.291666666667
78 0.26 2.77555756156e-17 0.291666666667
79 0.26 2.77555756156e-17 0.291666666667
80 0.26 2.77555756156e-17 0.291666666667
81 0.26 2.77555756156e-17 0.291666666667
82 0.26 2.77555756156e-17 0.291666666667
83 0.26 2.77555756156e-17 0.291666666667
84 0.26 2.77555756156e-17 0.291666666667
85 0.26 2.77555756156e-17 0.291666666667
86 0.26 2.77555756156e-17 0.291666666667
87 0.26 2.77555756156e-17 0.291666666667
88 0.26 2.77555756156e-17 0.291666666667
89 0.26 2.77555756156e-17 0.291666666667
90 0.26 2.77555756156e-17 0.291666666667
91 0.26 2.77555756156e-17 0.291666666667
92 0.26 2.77555756156e-17 0.291666666667
93 0.26 2.77555756156e-17 0.291666666667
94 0.26 2.77555756156e-17 0.291666666667
95 0.26 2.77555756156e-17 0.291666666667
96 0.26 2.77555756156e-17 0.291666666667
97 0.26 2.77555756156e-17 0.291666666667
98 0.26 2.77555756156e-17 0.291666666667
99 0.26 2.77555756156e-17 0.291666666667
100 0.26 2.77555756156e-17 0.291666666667
101 0.26 2.77555756156e-17 0.291666666667
102 0.26 2.77555756156e-17 0.291666666667
103 0.26 2.77555756156e-17 0.291666666667
104 0.26 2.77555756156e-17 0.291666666667
105 0.26 2.77555756156e-17 0.291666666667
106 0.26 2.77555756156e-17 0.291666666667
107 0.26 2.77555756156e-17 0.291666666667
108 0.26 2.77555756156e-17 0.291666666667
109 0.26 2.77555756156e-17 0.291666666667
110 0.26 2.77555756156e-17 0.291666666667
111 0.26 2.77555756156e-17 0.291666666667
112 0.26 2.77555756156e-17 0.291666666667
113 0.26 2.77555756156e-17 0.291666666667
114 0.26 2.77555756156e-17 0.291666666667
115 0.26 2.77555756156e-17 0.291666666667
116 0.26 2.77555756156e-17 0.291666666667
117 0.26 2.77555756156e-17 0.291666666667
118 0.26 2.77555756156e-17 0.291666666667
119 0.26 2.77555756156e-17 0.291666666667
120 0.26 2.77555756156e-17 0.291666666667
121 0.26 2.77555756156e-17 0.291666666667
122 0.26 2.77555756156e-17 0.291666666667
123 0.26 2.77555756156e-17 0.291666666667
124 0.26 2.77555756156e-17 0.291666666667
125 0.26 2.77555756156e-17 0.291666666667
126 0.26 2.77555756156e-17 0.291666666667
127 0.26 2.77555756156e-17 0.291666666667
128 0.26 2.77555756156e-17 0.291666666667
129 0.26 2.77555756156e-17 0.291666666667
130 0.26 2.77555756156e-17 0.291666666667
131 0.26 2.77555756156e-17 0.291666666667
132 0.26 2.77555756156e-17 0.291666666667
133 0.26 2.77555756156e-17 0.291666666667
134 0.26 2.77555756156e-17 0.291666666667
135 0.26 2.77555756156e-17 0.291666666667
136 0.26 2.77555756156e-17 0.291666666667
137 0.26 2.77555756156e-17 0.291666666667
138 0.26 2.77555756156e-17 0.291666666667
139 0.26 2.77555756156e-17 0.291666666667
140 0.26 2.77555756156e-17 0.291666666667
141 0.26 2.77555756156e-17 0.291666666667
142 0.26 2.77555756156e-17 0.291666666667
143 0.26 2.77555756156e-17 0.291666666667
144 0.26 2.77555756156e-17 0.291666666667
145 0.26 2.77555756156e-17 0.291666666667
146 0.26 2.77555756156e-17 0.291666666667
147 0.26 2.77555756156e-17 0.291666666667
148 0.26 2.77555756156e-17 0.291666666667
149 0.26 2.77555756156e-17 0.291666666667
150 0.26 2.77555756156e-17 0.291666666667
151 0.26 2.77555756156e-17 0.291666666667
152 0.26 2.77555756156e-17 0.291666666667
153 0.26 2.77555756156e-17 0.291666666667
154 0.26 2.77555756156e-17 0.291666666667
155 0.26 2.77555756156e-17 0.287833333333
156 0.26 2.77555756156e-17 0.285916666667
157 0.26 2.77555756156e-17 0.284
158 0.26 2.77555756156e-17 0.280166666667
159 0.26 2.77555756156e-17 0.27825
160 0.26 2.77555756156e-17 0.27625
161 0.26 2.77555756156e-17 0.2725
162 0.26 2.77555756156e-17 0.270583333333
163 0.26 2.77555756156e-17 0.26675
164 0.26 2.77555756156e-17 0.264833333333
165 0.26 2.77555756156e-17 0.261
166 0.26 2.77555756156e-17 0.259083333333
167 0.26 2.77555756156e-17 0.25525
168 0.26 2.77555756156e-17 0.253333333333
169 0.26 2.77555756156e-17 0.2495
170 0.26 -0.05 0.247583333333
171 0.26 -0.1 0.245666666667
172 0.26 -0.1 0.24375
173 0.26 -0.15 0.24375
174 0.26 -0.2 0.24375
175 0.26 -0.2 0.24375
176 0.26 -0.2 0.245666666667
177 0.26 -0.2 0.247583333333
178 0.26 -0.2 0.249166666667
179 0.26 -0.2 0.251416666667
180 0.26 -0.2 0.251416666667
181 0.26 -0.25 0.2535
182 0.26 -0.3 0.257166666667
183 0.26 -0.3 0.259083333333
184 0.26 -0.3 0.264833333333
185 0.26 -0.3 0.270583333333
186 0.26 -0.3 0.274416666667
187 0.26 -0.3 0.27825
188 0.26 -0.3 0.284
189 0.26 -0.25 0.287833333333
190 0.26 -0.2 0.291666666667
191 0.26 -0.2 0.291666666667
192 0.26 -0.2 0.291666666667
193 0.26 -0.2 0.291666666667
194 0.26 -0.2 0.291666666667
195 0.26 -0.2 0.291666666667
196 0.26 -0.2 0.291666666667
197 0.26 -0.2 0.291666666667
198 0.26 -0.2 0.291666666667
199 0.26 -0.2 0.291666666667
200 0.26 -0.2 0.291666666667
201 0.26 -0.2 0.290583333333
202 0.26 -0.2 0.28475
203 0.26 -0.25 0.280666666667
204 0.26 -0.3 0.280666666667
205 0.26 -0.3 0.280166666667
206 0.26 -0.3 0.27275
207 0.26 -0.3 0.271583333333
208 0.26 -0.3 0.270916666667
209 0.26 -0.3 0.2715
210 0.26 -0.3 0.270666666667
211 0.26 -0.3 0.260833333333
212 0.26 -0.3 0.252333333333
213 0.26 -0.3 0.253916666667
214 0.26 -0.3 0.2545
215 0.26 -0.3 0.254833333333
216 0.26 -0.4 0.254583333333
217 0.26 -0.4 0.254333333333
218 0.26 -0.4 0.255833333333
219 0.26 -0.4 0.25625
220 0.26 -0.4 0.247
221 0.26 -0.4 0.244916666667
222 0.26 -0.4 0.243166666667
223 0.26 -0.4 0.242583333333
224 0.26 -0.4 0.2565
225 0.26 -0.4 0.270416666667
226 0.26 -0.45 0.271916666667
227 0.26 -0.5 0.271416666667
228 0.26 -0.5 0.261333333333
229 0.26 -0.5 0.24925
230 0.26 -0.5 0.250166666667
231 0.26 -0.5 0.26225
232 0.26 -0.5 0.266583333333
233 0.26 -0.5 0.265916666667
234 0.26 -0.5 0.265666666667
235 0.26 -0.5 0.25125
236 0.26 -0.5 0.247833333333
237 0.26 -0.5 0.23525
238 0.26 -0.5 0.247833333333
239 0.26 -0.5 0.26175
240 0.26 -0.5 0.260083333333
241 0.26 -0.5 0.26
242 0.26 -0.5 0.259166666667
243 0.26 -0.5 0.258083333333
244 0.26 -0.5 0.257416666667
245 0.26 -0.5 0.271833333333
246 0.26 -0.5 0.273583333333
247 0.26 -0.5 0.287333333333
248 0.26 -0.5 0.291666666667
249 0.26 -0.5 0.291666666667
250 0.26 -0.5 0.291666666667
251 0.26 -0.5 0.291666666667
252 0.26 -0.5 0.291666666667
253 0.26 -0.5 0.291666666667
254 0.26 -0.5 0.291666666667
255 0.26 -0.5 0.2825
256 0.26 -0.5 0.281333333333
257 0.26 -0.5 0.281416666667
258 0.26 -0.5 0.2745
259 0.26 -0.4 0.265083333333
260 0.26 -0.35 0.259083333333
261 0.26 -0.3 0.256583333333
262 0.26 -0.25 0.256916666667
263 0.26 -0.2 0.253333333333
264 0.26 -0.15 0.251583333333
265 0.26 -0.1 0.24825
266 0.26 -0.1 0.246583333333
267 0.26 -0.1 0.246
268 0.26 -0.05 0.245833333333
269 0.26 -2.77555756156e-17 0.24525
270 0.26 -2.77555756156e-17 0.246166666667
271 0.26 0.1 0.2475
272 0.26 0.1 0.248916666667
273 0.26 0.1 0.25
274 0.26 0.1 0.250833333333
275 0.26 0.1 0.251583333333
276 0.26 0.1 0.250416666667
277 0.26 0.1 0.2505
278 0.26 0.1 0.25
279 0.26 0.1 0.248416666667
280 0.26 0.2 0.247166666667
281 0.26 0.2 0.24825
282 0.26 0.2 0.248333333333
283 0.26 0.25 0.249583333333
284 0.26 0.3 0.25075
285 0.26 0.3 0.2525
286 0.26 0.3 0.26225
287 0.26 0.3 0.264333333333
288 0.26 0.3 0.269833333333
289 0.26 0.3 0.279
290 0.26 0.3 0.290833333333
291 0.26 0.3 0.291666666667
292 0.26 0.3 0.291666666667
293 0.26 0.3 0.291666666667
294 0.26 0.3 0.291666666667
295 0.26 0.3 0.291666666667
296 0.26 0.2 0.291666666667
297 0.26 0.2 0.291666666667
298 0.26 0.2 0.291666666667
299 0.26 0.2 0.291666666667
300 0.26 0.2 0.291666666667
301 0.26 0.2 0.291333333333
302 0.26 0.2 0.291416666667
303 0.26 0.2 0.291333333333
304 0.26 0.2 0.29125
305 0.26 0.2 0.291
306 0.26 0.2 0.29075
307 0.26 0.2 0.289833333333
308 0.26 0.2 0.28975
309 0.26 0.2 0.288583333333
310 0.26 0.2 0.286666666667
311 0.26 0.2 0.285166666667
312 0.26 0.2 0.27525
313 0.26 0.2 0.268583333333
314 0.26 0.2 0.26475
315 0.26 0.2 0.26825
316 0.26 0.2 0.270583333333
317 0.26 0.1 0.270083333333
318 0.26 0.1 0.269666666667
319 0.26 0.1 0.269583333333
320 0.26 0.1 0.269333333333
321 0.26 0.1 0.268416666667
322 0.26 0.1 0.267833333333
323 0.26 0.05 0.26775
324 0.26 -2.77555756156e-17 0.267833333333
325 0.26 -2.77555756156e-17 0.265833333333
326 0.26 -0.05 0.264416666667
327 0.26 -0.1 0.262666666667
328 0.26 -0.2 0.262833333333
329 0.26 -0.2 0.26175
330 0.26 -0.2 0.26075
331 0.26 -0.2 0.259833333333
332 0.26 -0.2 0.2585
333 0.26 -0.2 0.257083333333
334 0.26 -0.2 0.255583333333
335 0.26 -0.2 0.254916666667
336 0.26 -0.2 0.257166666667
337 0.26 -0.2 0.2555
338 0.26 -0.2 0.252916666667
339 0.26 -0.2 0.251166666667
340 0.26 -0.2 0.250416666667
341 0.26 -0.2 0.250166666667
342 0.26 -0.2 0.249416666667
343 0.26 -0.2 0.2485
344 0.26 -0.2 0.248333333333
345 0.26 -0.2 0.25325
346 0.26 -0.2 0.259416666667
347 0.26 -0.2 0.267333333333
348 0.26 -0.2 0.269916666667
349 0.26 -0.2 0.270666666667
350 0.26 -0.2 0.27025
351 0.26 -0.2 0.27075
352 0.26 -0.2 0.270916666667
353 0.26 -0.2 0.2705
354 0.26 -0.2 0.271
355 0.26 -0.2 0.270083333333
356 0.26 -0.2 0.270166666667
357 0.26 -0.2 0.270166666667
358 0.26 -0.15 0.27525
359 0.26 -0.1 0.280083333333
360 0.26 -2.77555756156e-17 0.285666666667
361 0.26 -2.77555756156e-17 0.288416666667
362 0.26 -2.77555756156e-17 0.289583333333
363 0.26 -2.77555756156e-17 0.289916666667
364 0.26 -2.77555756156e-17 0.290166666667
365 0.26 -2.77555756156e-17 0.290166666667
366 0.26 -2.77555756156e-17 0.2905
367 0.26 -2.77555756156e-17 0.290083333333
368 0.26 -2.77555756156e-17 0.28975
369 0.26 -2.77555756156e-17 0.29025
370 0.26 -2.77555756156e-17 0.289666666667
371 0.26 -2.77555756156e-17 0.288916666667
372 0.26 -2.77555756156e-17 0.287833333333
373 0.26 -2.77555756156e-17 0.287166666667
374 0.26 -2.77555756156e-17 0.286083333333
375 0.26 -2.77555756156e-17 0.284833333333
376 0.26 -2.77555756156e-17 0.28375
377 0.26 -2.77555756156e-17 0.282583333333
378 0.26 -2.77555756156e-17 0.28175
379 0.26 -2.77555756156e-17 0.280666666667
380 0.26 -2.77555756156e-17 0.27975
381 0.26 -2.77555756156e-17 0.28
382 0.26 -2.77555756156e-17 0.279083333333
383 0.26 -2.77555756156e-17 0.277916666667
384 0.26 -2.77555756156e-17 0.277333333333
385 0.26 -2.77555756156e-17 0.27675
386 0.26 -2.77555756156e-17 0.27725
387 0.26 -2.77555756156e-17 0.27625
388 0.26 -2.77555756156e-17 0.276
389 0.26 -2.77555756156e-17 0.2755
390 0.26 -2.77555756156e-17 0.27525
391 0.26 -2.77555756156e-17 0.275333333333
392 0.26 -2.77555756156e-17 0.275166666667
393 0.26 -2.77555756156e-17 0.274833333333
394 0.26 -2.77555756156e-17 0.274916666667
395 0.26 -2.77555756156e-17 0.274583333333
396 0.26 -2.77555756156e-17 0.274083333333
397 0.26 -2.77555756156e-17 0.27375
398 0.26 -2.77555756156e-17 0.27375
399 0.26 -2.77555756156e-17 0.273166666667
400 0.26 -2.77555756156e-17 0.27325
401 0.26 -2.77555756156e-17 0.273166666667
402 0.26 -2.77555756156e-17 0.272833333333
403 0.26 -2.77555756156e-17 0.272333333333
404 0.26 -2.77555756156e-17 0.272333333333
405 0.26 -2.77555756156e-17 0.272
406 0.26 -2.77555756156e-17 0.271916666667
407 0.26 -2.77555756156e-17 0.271833333333
408 0.26 -2.77555756156e-17 0.271833333333
409 0.26 -2.77555756156e-17 0.272333333333
410 0.26 -2.77555756156e-17 0.27225
411 0.26 -2.77555756156e-17 0.271583333333
412 0.26 -2.77555756156e-17 0.272666666667
413 0.26 -2.77555756156e-17 0.272666666667
414 0.26 -2.77555756156e-17 0.272916666667
415 0.26 -2.77555756156e-17 0.273666666667
416 0.26 -2.77555756156e-17 0.274333333333
417 0.26 -2.77555756156e-17 0.274416666667
418 0.26 -2.77555756156e-17 0.274416666667
419 0.26 -2.77555756156e-17 0.275333333333
420 0.26 -2.77555756156e-17 0.275833333333
421 0.26 -2.77555756156e-17 0.276333333333
422 0.26 -2.77555756156e-17 0.277833333333
423 0.26 -2.77555756156e-17 0.278166666667
424 0.26 -2.77555756156e-17 0.27975
425 0.26 -2.77555756156e-17 0.280833333333
426 0.26 -2.77555756156e-17 0.282083333333
427 0.26 -2.77555756156e-17 0.282833333333
428 0.26 -2.77555756156e-17 0.283916666667
429 0.26 -2.77555756156e-17 0.286166666667
430 0.26 -2.77555756156e-17 0.287083333333
431 0.26 -2.77555756156e-17 0.287666666667
432 0.26 -2.77555756156e-17 0.289166666667
433 0.26 -2.77555756156e-17 0.290166666667
434 0.26 -2.77555756156e-17 0.291083333333
435 0.26 -2.77555756156e-17 0.291333333333
436 0.26 -2.77555756156e-17 0.291666666667
437 0.26 -2.77555756156e-17 0.291666666667
438 0.26 -2.77555756156e-17 0.291666666667
439 0.26 -2.77555756156e-17 0.291666666667
440 0.26 -2.77555756156e-17 0.291666666667
441 0.26 -2.77555756156e-17 0.291666666667
442 0.26 -2.77555756156e-17 0.291666666667
443 0.26 -2.77555756156e-17 0.291666666667
444 0.26 -2.77555756156e-17 0.291666666667
445 0.26 -2.77555756156e-17 0.291666666667
446 0.26 -2.77555756156e-17 0.291666666667
447 0.26 -2.77555756156e-17 0.291666666667
448 0.26 -2.77555756156e-17 0.291666666667
449 0.26 -2.77555756156e-17 0.291666666667
450 0.26 -2.77555756156e-17 0.291666666667
451 0.26 -2.77555756156e-17 0.291666666667
452 0.26 -2.77555756156e-17 0.291666666667
453 0.26 -2.77555756156e-17 0.291666666667
454 0.26 -2.77555756156e-17 0.291666666667
455 0.26 -2.77555756156e-17 0.291666666667
456 0.26 -2.77555756156e-17 0.291666666667
457 0.26 -2.77555756156e-17 0.291666666667
458 0.26 -2.77555756156e-17 0.291666666667
459 0.26 -2.77555756156e-17 0.291666666667
460 0.26 -2.77555756156e-17 0.291666666667
461 0.26 -2.77555756156e-17 0.291666666667
462 0.26 -2.77555756156e-17 0.291666666667
463 0.26 -2.77555756156e-17 0.291666666667
464 0.26 -2.77555756156e-17 0.291666666667
465 0.26 -2.77555756156e-17 0.291666666667
466 0.26 -2.77555756156e-17 0.291666666667
467 0.26 -2.77555756156e-17 0.291666666667
468 0.26 -2.77555756156e-17 0.291666666667
469 0.26 -2.77555756156e-17 0.291666666667
470 0.26 -2.77555756156e-17 0.291666666667
471 0.26 -2.77555756156e-17 0.291666666667
472 0.26 -2.77555756156e-17 0.291666666667
473 0.26 -2.77555756156e-17 0.291666666667
474 0.26 -2.77555756156e-17 0.291666666667
475 0.26 -2.77555756156e-17 0.291666666667
476 0.26 -2.77555756156e-17 0.291666666667
477 0.26 -2.77555756156e-17 0.291666666667
478 0.26 -2.77555756156e-17 0.291666666667
479 0.26 -2.77555756156e-17 0.291666666667
480 0.26 -2.77555756156e-17 0.291666666667
481 0.26 -2.77555756156e-17 0.291666666667
482 0.26 -2.77555756156e-17 0.291666666667
483 0.26 -2.77555756156e-17 0.291666666667
484 0.26 -2.77555756156e-17 0.291666666667
485 0.26 -2.77555756156e-17 0.291666666667
486 0.26 -2.77555756156e-17 0.291666666667
487 0.26 -2.77555756156e-17 0.291666666667
488 0.26 -2.77555756156e-17 0.291666666667
489 0.26 -2.77555756156e-17 0.291666666667
490 0.26 -2.77555756156e-17 0.291666666667
491 0.26 -2.77555756156e-17 0.291666666667
492 0.26 -2.77555756156e-17 0.291666666667
493 0.26 -2.77555756156e-17 0.291666666667
494 0.26 -2.77555756156e-17 0.291666666667
495 0.26 -2.77555756156e-17 0.291666666667
496 0.26 -2.77555756156e-17 0.291666666667
497 0.26 -2.77555756156e-17 0.291666666667
498 0.26 -2.77555756156e-17 0.291666666667
499 0.26 -2.77555756156e-17 0.291666666667
500 0.26 -2.77555756156e-17 0.291666666667
501 0.26 -2.77555756156e-17 0.291666666667
502 0.26 -2.77555756156e-17 0.291666666667
503 0.26 -2.77555756156e-17 0.291666666667
504 0.26 -2.77555756156e-17 0.291666666667
505 0.26 -2.77555756156e-17 0.291666666667
506 0.26 -2.77555756156e-17 0.291666666667
507 0.26 -2.77555756156e-17 0.291666666667
508 0.26 -2.77555756156e-17 0.291666666667
509 0.26 -2.77555756156e-17 0.291666666667
510 0.26 -2.77555756156e-17 0.291666666667
511 0.26 -2.77555756156e-17 0.291666666667
512 0.26 -2.77555756156e-17 0.291666666667
513 0.26 -2.77555756156e-17 0.291666666667
514 0.26 -2.77555756156e-17 0.291666666667
515 0.26 -2.77555756156e-17 0.291666666667
516 0.26 -2.77555756156e-17 0.291666666667
517 0.26 -2.77555756156e-17 0.291666666667
518 0.26 -2.77555756156e-17 0.291666666667
519 0.26 -2.77555756156e-17 0.291666666667
520 0.26 -2.77555756156e-17 0.291666666667
521 0.26 -2.77555756156e-17 0.291666666667
522 0.26 -2.77555756156e-17 0.291666666667
523 0.26 -2.77555756156e-17 0.291666666667
524 0.26 -2.77555756156e-17 0.291666666667
525 0.26 -2.77555756156e-17 0.291666666667
526 0.26 -2.77555756156e-17 0.291666666667
527 0.26 -2.77555756156e-17 0.291666666667
528 0.26 -2.77555756156e-17 0.291666666667
529 0.26 -2.77555756156e-17 0.291666666667
530 0.26 -2.77555756156e-17 0.291666666667
531 0.26 -2.77555756156e-17 0.291666666667
532 0.26 -2.77555756156e-17 0.291666666667
533 0.26 -2.77555756156e-17 0.291666666667
534 0.26 -2.77555756156e-17 0.291666666667
535 0.26 -2.77555756156e-17 0.291666666667
536 0.26 -2.77555756156e-17 0.291666666667
537 0.26 -2.77555756156e-17 0.291666666667
538 0.26 -2.77555756156e-17 0.291666666667
539 0.26 -2.77555756156e-17 0.291666666667
540 0.26 -2.77555756156e-17 0.291666666667
541 0.26 -2.77555756156e-17 0.291666666667
542 0.26 -2.77555756156e-17 0.291666666667
543 0.26 -2.77555756156e-17 0.291666666667
544 0.26 -2.77555756156e-17 0.291666666667
545 0.26 -2.77555756156e-17 0.291666666667
546 0.26 -2.77555756156e-17 0.291666666667
547 0.26 -2.77555756156e-17 0.291666666667
548 0.26 -2.77555756156e-17 0.291666666667
549 0.26 -2.77555756156e-17 0.291666666667
550 0.26 -2.77555756156e-17 0.291666666667
551 0.26 -2.77555756156e-17 0.291666666667
552 0.26 -2.77555756156e-17 0.291666666667
553 0.26 -2.77555756156e-17 0.291666666667
554 0.26 -2.77555756156e-17 0.291666666667
555 0.26 -2.77555756156e-17 0.291666666667
556 0.26 -2.77555756156e-17 0.291666666667
557 0.26 -2.77555756156e-17 0.291666666667
558 0.26 -2.77555756156e-17 0.291666666667
559 0.26 -2.77555756156e-17 0.291666666667
560 0.26 -2.77555756156e-17 0.291666666667
561 0.26 -2.77555756156e-17 0.291666666667
562 0.26 -2.77555756156e-17 0.291666666667
563 0.26 -2.77555756156e-17 0.291666666667
564 0.26 -2.77555756156e-17 0.291666666667
565 0.26 -2.77555756156e-17 0.291666666667
566 0.26 -2.77555756156e-17 0.291666666667
567 0.26 -2.77555756156e-17 0.291666666667
568 0.26 -2.77555756156e-17 0.291666666667
569 0.26 -2.77555756156e-17 0.291666666667
570 0.26 -2.77555756156e-17 0.291666666667
571 0.26 -2.77555756156e-17 0.291666666667
572 0.26 -2.77555756156e-17 0.291666666667
573 0.26 -2.77555756156e-17 0.291666666667
574 0.26 -2.77555756156e-17 0.291666666667
575 0.26 -2.77555756156e-17 0.291666666667
576 0.26 -2.77555756156e-17 0.291666666667
577 0.26 -2.77555756156e-17 0.291666666667
578 0.26 -2.77555756156e-17 0.291666666667
579 0.26 -2.77555756156e-17 0.291666666667
580 0.26 -2.77555756156e-17 0.291666666667
581 0.26 -2.77555756156e-17 0.291666666667
582 0.26 -2.77555756156e-17 0.291666666667
583 0.26 -2.77555756156e-17 0.291666666667
584 0.26 -2.77555756156e-17 0.291666666667
585 0.26 -2.77555756156e-17 0.291666666667
