0 0.12 0.0 0.258416666667
1 0.145 0.0 0.256416666667
2 0.165 0.0 0.25475
3 0.19 0.0 0.253166666667
4 0.21 0.0 0.252333333333
5 0.235 0.0 0.252333333333
6 0.24 0.0 0.254
7 0.25 0.0 0.25275
8 0.255 0.0 0.252
9 0.26 0.0 0.252333333333
10 0.26 0.0 0.252916666667
11 0.26 0.0 0.251833333333
12 0.26 0.05 0.252333333333
13 0.26 0.1 0.2515
14 0.26 0.1 0.253
15 0.26 0.15 0.252333333333
16 0.26 0.2 0.252916666667
17 0.26 0.2 0.25175
18 0.26 0.2 0.25175
19 0.26 0.2 0.251666666667
20 0.26 0.2 0.251416666667
21 0.26 0.25 0.252833333333
22 0.26 0.3 0.24625
23 0.26 0.3 0.244916666667
24 0.26 0.3 0.251666666667
25 0.26 0.35 0.26075
26 0.26 0.4 0.254666666667
27 0.26 0.4 0.25175
28 0.26 0.4 0.250833333333
29 0.26 0.4 0.252
30 0.26 0.4 0.252666666667
31 0.26 0.4 0.261
32 0.26 0.4 0.267916666667
33 0.26 0.4 0.271833333333
34 0.26 0.4 0.27175
35 0.26 0.4 0.272333333333
36 0.26 0.4 0.272
37 0.26 0.4 0.27275
38 0.26 0.4 0.28125
39 0.26 0.4 0.281
40 0.26 0.4 0.291666666667
41 0.26 0.4 0.291666666667
42 0.26 0.4 0.291666666667
43 0.26 0.4 0.291666666667
44 0.26 0.4 0.291666666667
45 0.26 0.4 0.291666666667
46 0.26 0.4 0.291666666667
47 0.26 0.4 0.291666666667
48 0.26 0.4 0.291666666667
49 0.26 0.4 0.291666666667
50 0.26 0.4 0.291666666667
51 0.26 0.4 0.291666666667
52 0.26 0.4 0.291666666667
53 0.26 0.4 0.291666666667
54 0.26 0.4 0.291666666667
55 0.26 0.4 0.291666666667
56 0.26 0.4 0.291666666667
57 0.26 0.4 0.291666666667
58 0.26 0.4 0.291666666667
59 0.26 0.4 0.291666666667
60 0.26 0.4 0.291666666667
61 0.26 0.4 0.291666666667
62 0.26 0.4 0.291666666667
63 0.26 0.4 0.291666666667
64 0.26 0.4 0.291666666667
65 0.26 0.4 0.291666666667
66 0.26 0.4 0.291666666667
67 0.26 0.4 0.291666666667
68 0.26 0.4 0.291666666667
69 0.26 0.4 0.291666666667
70 0.26 0.4 0.291666666667
71 0.26 0.4 0.291666666667
72 0.26 0.4 0.291666666667
73 0.26 0.35 0.291666666667
74 0.26 0.25 0.291666666667
75 0.26 0.2 0.291666666667
76 0.26 0.15 0.291666666667
77 0.26 0.05 0.291666666667
78 0.26 2.77555756156e-17 0.291666666667
79 0.26 2.77555756156e-17 0.291666666667
80 0.26 2.77555756156e-17 0.291666666667
81 0.26 2.77555756156e-17 0.291666666667
82 0.26 2.77555756156e-17 0.291666666667
83 0.26 2.77555756156e-17 0.291666666667
84 0.26 2.77555756156e-17 0.291666666667
85 0.26 2.77555756156e-17 0.291666666667
86 0.26 2.77555756156e-17 0.291666666667
87 0.26 -0.05 0.291666666667
88 0.26 -0.1 0.291666666667
89 0.26 -0.1 0.291666666667
90 0.26 -0.1 0.291666666667
91 0.26 -0.1 0.291666666667
92 0.26 -0.1 0.291666666667
93 0.26 -0.1 0.291666666667
94 0.26 -0.1 0.291666666667
95 0.26 -0.1 0.291666666667
96 0.26 -0.1 0.291666666667
97 0.26 -0.1 0.291666666667
98 0.26 -0.1 0.291666666667
99 0.26 -0.15 0.291666666667
100 0.26 -0.2 0.291666666667
101 0.26 -0.2 0.291666666667
102 0.26 -0.2 0.291666666667
103 0.26 -0.2 0.291666666667
104 0.26 -0.2 0.291666666667
105 0.26 -0.2 0.291666666667
106 0.26 -0.2 0.291666666667
107 0.26 -0.2 0.291666666667
108 0.26 -0.2 0.291666666667
109 0.26 -0.2 0.291666666667
110 0.26 -0.2 0.291666666667
111 0.26 -0.2 0.291666666667
112 0.26 -0.15 0.291666666667
113 0.26 -0.1 0.291666666667
114 0.26 -0.1 0.291666666667
115 0.26 -0.1 0.291666666667
116 0.26 -0.1 0.291666666667
117 0.26 -0.1 0.291666666667
118 0.26 -0.1 0.291666666667
119 0.26 -0.1 0.291666666667
120 0.26 -0.1 0.291666666667
121 0.26 -0.05 0.291666666667
122 0.26 2.77555756156e-17 0.291666666667
123 0.26 2.77555756156e-17 0.291666666667
124 0.26 2.77555756156e-17 0.291666666667
125 0.26 2.77555756156e-17 0.291666666667
126 0.26 2.77555756156e-17 0.291666666667
127 0.26 2.77555756156e-17 0.291666666667
128 0.26 2.77555756156e-17 0.291666666667
129 0.26 2.77555756156e-17 0.291666666667
130 0.26 2.77555756156e-17 0.291666666667
131 0.26 2.77555756156e-17 0.291666666667
132 0.26 2.77555756156e-17 0.291666666667
133 0.26 2.77555756156e-17 0.291666666667
134 0.26 2.77555756156e-17 0.291666666667
135 0.26 2.77555756156e-17 0.291666666667
136 0.26 2.77555756156e-17 0.291666666667
137 0.26 2.77555756156e-17 0.291666666667
138 0.26 2.77555756156e-17 0.291666666667
139 0.26 2.77555756156e-17 0.291666666667
140 0.26 2.77555756156e-17 0.291666666667
141 0.26 2.77555756156e-17 0.291666666667
142 0.26 2.77555756156e-17 0.291666666667
143 0.26 2.77555756156e-17 0.291666666667
144 0.26 2.77555756156e-17 0.291666666667
145 0.26 2.77555756156e-17 0.28975
146 0.26 2.77555756156e-17 0.287833333333
147 0.26 2.77555756156e-17 0.284
148 0.26 2.77555756156e-17 0.282083333333
149 0.26 2.77555756156e-17 0.27825
150 0.26 2.77555756156e-17 0.274416666667
151 0.26 2.77555756156e-17 0.2725
152 0.26 2.77555756156e-17 0.268666666667
153 0.26 2.77555756156e-17 0.266
154 0.26 2.77555756156e-17 0.262916666667
155 0.26 2.77555756156e-17 0.261
156 0.26 2.77555756156e-17 0.25525
157 0.26 2.77555756156e-17 0.253333333333
158 0.26 2.77555756156e-17 0.251416666667
159 0.26 -0.1 0.247583333333
160 0.26 -0.1 0.245666666667
161 0.26 -0.1 0.24375
162 0.26 -0.1 0.241833333333
163 0.26 -0.1 0.241833333333
164 0.26 -0.1 0.239916666667
165 0.26 -0.1 0.239916666667
166 0.26 -0.1 0.238
167 0.26 -0.1 0.236083333333
168 0.26 -0.1 0.236083333333
169 0.26 -0.1 0.236083333333
170 0.26 -0.1 0.234833333333
171 0.26 -0.1 0.234166666667
172 0.26 -0.1 0.234166666667
173 0.26 -0.1 0.23225
174 0.26 -0.1 0.23225
175 0.26 -0.1 0.23225
176 0.26 -0.1 0.23225
177 0.26 -0.1 0.23225
178 0.26 -0.1 0.23225
179 0.26 -0.15 0.230333333333
180 0.26 -0.2 0.23225
181 0.26 -0.2 0.234166666667
182 0.26 -0.2 0.236083333333
183 0.26 -0.2 0.238
184 0.26 -0.2 0.239916666667
185 0.26 -0.2 0.2435
186 0.26 -0.2 0.245666666667
187 0.26 -0.2 0.247583333333
188 0.26 -0.2 0.251416666667
189 0.26 -0.2 0.253333333333
190 0.26 -0.2 0.257166666667
191 0.26 -0.2 0.259083333333
192 0.26 -0.2 0.262916666667
193 0.26 -0.2 0.264833333333
194 0.26 -0.2 0.268583333333
195 0.26 -0.2 0.270583333333
196 0.26 -0.2 0.274416666667
197 0.26 -0.2 0.276333333333
198 0.26 -0.2 0.282083333333
199 0.26 -0.2 0.284
200 0.26 -0.2 0.287833333333
201 0.26 -0.2 0.28975
202 0.26 -0.2 0.291666666667
203 0.26 -0.2 0.291666666667
204 0.26 -0.2 0.291666666667
205 0.26 -0.2 0.291666666667
206 0.26 -0.2 0.291666666667
207 0.26 -0.2 0.291666666667
208 0.26 -0.2 0.291666666667
209 0.26 -0.25 0.291666666667
210 0.26 -0.3 0.291666666667
211 0.26 -0.3 0.29125
212 0.26 -0.3 0.284166666667
213 0.26 -0.3 0.279666666667
214 0.26 -0.3 0.2785
215 0.26 -0.3 0.2765
216 0.26 -0.3 0.274916666667
217 0.26 -0.3 0.273333333333
218 0.26 -0.3 0.270666666667
219 0.26 -0.3 0.260583333333
220 0.26 -0.3 0.253166666667
221 0.26 -0.35 0.244916666667
222 0.26 -0.4 0.243333333333
223 0.26 -0.4 0.241916666667
224 0.26 -0.4 0.242
225 0.26 -0.4 0.24125
226 0.26 -0.4 0.252583333333
227 0.26 -0.4 0.247916666667
228 0.26 -0.4 0.248416666667
229 0.26 -0.4 0.247416666667
230 0.26 -0.5 0.246
231 0.26 -0.55 0.246666666667
232 0.26 -0.6 0.258833333333
233 0.26 -0.6 0.274333333333
234 0.26 -0.6 0.261
235 0.26 -0.6 0.24975
236 0.26 -0.6 0.248416666667
237 0.26 -0.6 0.257333333333
238 0.26 -0.65 0.266416666667
239 0.26 -0.7 0.256916666667
240 0.26 -0.7 0.25475
241 0.26 -0.7 0.240666666667
242 0.26 -0.7 0.24525
243 0.26 -0.7 0.267083333333
244 0.26 -0.7 0.266333333333
245 0.26 -0.7 0.265833333333
246 0.26 -0.7 0.265416666667
247 0.26 -0.7 0.277416666667
248 0.26 -0.7 0.28475
249 0.26 -0.7 0.291666666667
250 0.26 -0.7 0.291666666667
251 0.26 -0.7 0.291666666667
252 0.26 -0.7 0.291666666667
253 0.26 -0.7 0.2855
254 0.26 -0.7 0.280583333333
255 0.26 -0.7 0.271666666667
256 0.26 -0.7 0.270916666667
257 0.26 -0.7 0.27075
258 0.26 -0.65 0.27075
259 0.26 -0.6 0.27075
260 0.26 -0.6 0.272083333333
261 0.26 -0.55 0.271583333333
262 0.26 -0.45 0.287166666667
263 0.26 -0.4 0.290166666667
264 0.26 -0.3 0.291416666667
265 0.26 -0.25 0.291666666667
266 0.26 -0.15 0.291666666667
267 0.26 -0.1 0.291666666667
268 0.26 -0.1 0.291666666667
269 0.26 -0.1 0.291666666667
270 0.26 -0.1 0.291666666667
271 0.26 -0.05 0.291666666667
272 0.26 -2.77555756156e-17 0.291666666667
273 0.26 -2.77555756156e-17 0.291666666667
274 0.26 -2.77555756156e-17 0.291666666667
275 0.26 -2.77555756156e-17 0.291666666667
276 0.26 -2.77555756156e-17 0.291666666667
277 0.26 -2.77555756156e-17 0.291666666667
278 0.26 0.05 0.291666666667
279 0.26 0.1 0.291666666667
280 0.26 0.1 0.291666666667
281 0.26 0.1 0.291666666667
282 0.26 0.1 0.291666666667
283 0.26 0.1 0.291666666667
284 0.26 0.2 0.291666666667
285 0.26 0.25 0.291666666667
286 0.26 0.3 0.291666666667
287 0.26 0.3 0.291666666667
288 0.26 0.3 0.289666666667
289 0.26 0.3 0.286
290 0.26 0.3 0.2735
291 0.26 0.3 0.264666666667
292 0.26 0.3 0.263916666667
293 0.26 0.3 0.261583333333
294 0.26 0.3 0.254583333333
295 0.26 0.3 0.244666666667
296 0.26 0.3 0.243916666667
297 0.26 0.3 0.2385
298 0.26 0.3 0.241833333333
299 0.26 0.3 0.241416666667
300 0.26 0.3 0.2395
301 0.26 0.3 0.239666666667
302 0.26 0.3 0.240166666667
303 0.26 0.3 0.239833333333
304 0.26 0.3 0.24025
305 0.26 0.3 0.245666666667
306 0.26 0.3 0.254083333333
307 0.26 0.3 0.261083333333
308 0.26 0.3 0.270916666667
309 0.26 0.3 0.278583333333
310 0.26 0.3 0.279
311 0.26 0.3 0.2805
312 0.26 0.3 0.289083333333
313 0.26 0.25 0.291666666667
314 0.26 0.2 0.291666666667
315 0.26 0.15 0.291666666667
316 0.26 0.1 0.291666666667
317 0.26 0.1 0.291666666667
318 0.26 0.1 0.291666666667
319 0.26 0.1 0.291666666667
320 0.26 0.05 0.291666666667
321 0.26 -2.77555756156e-17 0.291666666667
322 0.26 -2.77555756156e-17 0.291666666667
323 0.26 -2.77555756156e-17 0.291666666667
324 0.26 -2.77555756156e-17 0.291666666667
325 0.26 -2.77555756156e-17 0.291666666667
326 0.26 -2.77555756156e-17 0.291666666667
327 0.26 -2.77555756156e-17 0.291666666667
328 0.26 -2.77555756156e-17 0.291666666667
329 0.26 -2.77555756156e-17 0.291666666667
330 0.26 -2.77555756156e-17 0.291666666667
331 0.26 -2.77555756156e-17 0.291666666667
332 0.26 -2.77555756156e-17 0.291666666667
333 0.26 -2.77555756156e-17 0.291666666667
334 0.26 -2.77555756156e-17 0.291666666667
335 0.26 -2.77555756156e-17 0.29125
336 0.26 -2.77555756156e-17 0.289416666667
337 0.26 -2.77555756156e-17 0.286916666667
338 0.26 -2.77555756156e-17 0.284
339 0.26 -2.77555756156e-17 0.28175
340 0.26 -2.77555756156e-17 0.281166666667
341 0.26 -2.77555756156e-17 0.280833333333
342 0.26 -2.77555756156e-17 0.28025
343 0.26 -2.77555756156e-17 0.279416666667
344 0.26 -2.77555756156e-17 0.27875
345 0.26 -2.77555756156e-17 0.277666666667
346 0.26 -2.77555756156e-17 0.2745
347 0.26 -2.77555756156e-17 0.273166666667
348 0.26 -2.77555756156e-17 0.272666666667
349 0.26 -2.77555756156e-17 0.272916666667
350 0.26 -2.77555756156e-17 0.272416666667
351 0.26 -2.77555756156e-17 0.271916666667
352 0.26 -2.77555756156e-17 0.271916666667
353 0.26 -2.77555756156e-17 0.271083333333
354 0.26 -2.77555756156e-17 0.271583333333
355 0.26 -2.77555756156e-17 0.271416666667
356 0.26 -2.77555756156e-17 0.271
357 0.26 -2.77555756156e-17 0.270916666667
358 0.26 -2.77555756156e-17 0.271
359 0.26 -2.77555756156e-17 0.27125
360 0.26 -2.77555756156e-17 0.27025
361 0.26 -2.77555756156e-17 0.270166666667
362 0.26 -2.77555756156e-17 0.270166666667
363 0.26 -2.77555756156e-17 0.27
364 0.26 -2.77555756156e-17 0.270083333333
365 0.26 -2.77555756156e-17 0.270083333333
366 0.26 -2.77555756156e-17 0.270083333333
367 0.26 -2.77555756156e-17 0.269166666667
368 0.26 -2.77555756156e-17 0.269416666667
369 0.26 -2.77555756156e-17 0.269083333333
370 0.26 -2.77555756156e-17 0.268916666667
371 0.26 -2.77555756156e-17 0.269
372 0.26 -2.77555756156e-17 0.268583333333
373 0.26 -2.77555756156e-17 0.268333333333
374 0.26 -2.77555756156e-17 0.26825
375 0.26 -2.77555756156e-17 0.267666666667
376 0.26 -2.77555756156e-17 0.267583333333
377 0.26 -2.77555756156e-17 0.2675
378 0.26 -2.77555756156e-17 0.267666666667
379 0.26 -2.77555756156e-17 0.26725
380 0.26 -2.77555756156e-17 0.26675
381 0.26 -2.77555756156e-17 0.2665
382 0.26 -2.77555756156e-17 0.266916666667
383 0.26 -2.77555756156e-17 0.265666666667
384 0.26 -2.77555756156e-17 0.266666666667
385 0.26 -2.77555756156e-17 0.266833333333
386 0.26 -2.77555756156e-17 0.26625
387 0.26 -2.77555756156e-17 0.266166666667
388 0.26 -2.77555756156e-17 0.26575
389 0.26 -2.77555756156e-17 0.265416666667
390 0.26 -2.77555756156e-17 0.265916666667
391 0.26 -2.77555756156e-17 0.266
392 0.26 -2.77555756156e-17 0.266
393 0.26 -2.77555756156e-17 0.266666666667
394 0.26 -2.77555756156e-17 0.266833333333
395 0.26 -2.77555756156e-17 0.266916666667
396 0.26 -2.77555756156e-17 0.267
397 0.26 -2.77555756156e-17 0.267
398 0.26 -2.77555756156e-17 0.2675
399 0.26 -2.77555756156e-17 0.26725
400 0.26 -2.77555756156e-17 0.266666666667
401 0.26 -2.77555756156e-17 0.267583333333
402 0.26 -2.77555756156e-17 0.266583333333
403 0.26 -2.77555756156e-17 0.266916666667
404 0.26 -2.77555756156e-17 0.26675
405 0.26 -2.77555756156e-17 0.268083333333
406 0.26 -2.77555756156e-17 0.267666666667
407 0.26 -2.77555756156e-17 0.267333333333
408 0.26 -2.77555756156e-17 0.26825
409 0.26 -2.77555756156e-17 0.267583333333
410 0.26 -2.77555756156e-17 0.267666666667
411 0.26 -2.77555756156e-17 0.26775
412 0.26 -2.77555756156e-17 0.268583333333
413 0.26 -2.77555756156e-17 0.26825
414 0.26 -2.77555756156e-17 0.268333333333
415 0.26 -2.77555756156e-17 0.26825
416 0.26 -2.77555756156e-17 0.268083333333
417 0.26 -2.77555756156e-17 0.2685
418 0.26 -2.77555756156e-17 0.26875
419 0.26 -2.77555756156e-17 0.26825
420 0.26 -2.77555756156e-17 0.268166666667
421 0.26 -2.77555756156e-17 0.26675
422 0.26 -2.77555756156e-17 0.26675
423 0.26 -2.77555756156e-17 0.266833333333
424 0.26 -2.77555756156e-17 0.266416666667
425 0.26 -2.77555756156e-17 0.266166666667
426 0.26 -2.77555756156e-17 0.265166666667
427 0.26 -2.77555756156e-17 0.264416666667
428 0.26 -2.77555756156e-17 0.264416666667
429 0.26 -2.77555756156e-17 0.264416666667
430 0.26 -2.77555756156e-17 0.263333333333
431 0.26 -2.77555756156e-17 0.263083333333
432 0.26 -2.77555756156e-17 0.26375
433 0.26 -2.77555756156e-17 0.2635
434 0.26 -2.77555756156e-17 0.264083333333
435 0.26 -2.77555756156e-17 0.264916666667
436 0.26 -2.77555756156e-17 0.266833333333
437 0.26 -2.77555756156e-17 0.268916666667
438 0.26 -2.77555756156e-17 0.2705
439 0.26 -2.77555756156e-17 0.270083333333
440 0.26 -2.77555756156e-17 0.27125
441 0.26 -2.77555756156e-17 0.272416666667
442 0.26 -2.77555756156e-17 0.271833333333
443 0.26 -2.77555756156e-17 0.268833333333
444 0.26 -2.77555756156e-17 0.2685
445 0.26 -2.77555756156e-17 0.266333333333
446 0.26 -2.77555756156e-17 0.263666666667
447 0.26 -2.77555756156e-17 0.263583333333
448 0.26 -2.77555756156e-17 0.260666666667
449 0.26 -2.77555756156e-17 0.26075
450 0.26 -2.77555756156e-17 0.259083333333
451 0.26 -2.77555756156e-17 0.257666666667
452 0.26 -2.77555756156e-17 0.256
453 0.26 -0.05 0.254583333333
454 0.26 -0.1 0.25375
455 0.26 -0.1 0.2525
456 0.26 -0.1 0.25075
457 0.26 -0.1 0.248833333333
458 0.26 -0.1 0.247833333333
459 0.26 -0.1 0.2505
460 0.26 -0.1 0.254666666667
461 0.26 -0.1 0.258333333333
462 0.26 -0.1 0.260833333333
463 0.26 -0.1 0.261916666667
464 0.26 -0.1 0.261583333333
465 0.26 -0.1 0.263166666667
466 0.26 -0.1 0.267166666667
467 0.26 -0.1 0.2725
468 0.26 -0.1 0.2805
469 0.26 -0.05 0.286583333333
470 0.26 -2.77555756156e-17 0.290416666667
471 0.26 -2.77555756156e-17 0.291
472 0.26 -2.77555756156e-17 0.291583333333
473 0.26 -2.77555756156e-17 0.291583333333
474 0.26 -2.77555756156e-17 0.291666666667
475 0.26 -2.77555756156e-17 0.291666666667
476 0.26 -2.77555756156e-17 0.291666666667
477 0.26 0.05 0.291666666667
478 0.26 0.1 0.291666666667
479 0.26 -2.77555756156e-17 0.291666666667
480 0.26 -2.77555756156e-17 0.291666666667
481 0.26 -0.1 0.291666666667
482 0.26 -0.1 0.291666666667
483 0.26 -0.1 0.291666666667
484 0.26 -0.1 0.291666666667
485 0.26 -0.15 0.291666666667
486 0.26 -0.2 0.291666666667
487 0.26 -0.2 0.291666666667
488 0.26 -0.2 0.291666666667
489 0.26 -0.2 0.291666666667
490 0.26 -0.2 0.291666666667
491 0.26 -0.2 0.291666666667
492 0.26 -0.2 0.291666666667
493 0.26 -0.2 0.291666666667
494 0.26 -0.2 0.291666666667
495 0.26 -0.2 0.291666666667
496 0.26 -0.2 0.291666666667
497 0.26 -0.1 0.291666666667
498 0.26 -0.1 0.291666666667
499 0.26 -0.1 0.291666666667
500 0.26 -0.1 0.291666666667
501 0.26 -0.1 0.291666666667
502 0.26 -0.1 0.291666666667
503 0.26 -2.77555756156e-17 0.291666666667
504 0.26 -2.77555756156e-17 0.291666666667
505 0.26 -2.77555756156e-17 0.291666666667
506 0.26 -2.77555756156e-17 0.291666666667
507 0.26 -2.77555756156e-17 0.291666666667
508 0.26 -2.77555756156e-17 0.291666666667
509 0.26 -2.77555756156e-17 0.291666666667
510 0.26 -2.77555756156e-17 0.291666666667
511 0.26 -2.77555756156e-17 0.291666666667
512 0.26 -2.77555756156e-17 0.291666666667
513 0.26 -2.77555756156e-17 0.291666666667
514 0.26 -2.77555756156e-17 0.291666666667
515 0.26 -2.77555756156e-17 0.291666666667
516 0.26 -2.77555756156e-17 0.291666666667
517 0.26 -2.77555756156e-17 0.291666666667
518 0.26 -2.77555756156e-17 0.291666666667
519 0.26 -2.77555756156e-17 0.291666666667
520 0.26 -2.77555756156e-17 0.291666666667
521 0.26 -2.77555756156e-17 0.291666666667
522 0.26 -2.77555756156e-17 0.291666666667
523 0.26 -2.77555756156e-17 0.291666666667
524 0.26 -2.77555756156e-17 0.291666666667
525 0.26 -2.77555756156e-17 0.291666666667
526 0.26 -2.77555756156e-17 0.291666666667
527 0.26 -2.77555756156e-17 0.291666666667
528 0.26 -2.77555756156e-17 0.291666666667
529 0.26 -2.77555756156e-17 0.291666666667
530 0.26 -2.77555756156e-17 0.291666666667
531 0.26 -2.77555756156e-17 0.291666666667
532 0.26 -2.77555756156e-17 0.291666666667
533 0.26 -2.77555756156e-17 0.291666666667
534 0.26 -2.77555756156e-17 0.291666666667
535 0.26 -2.77555756156e-17 0.291666666667
536 0.26 -2.77555756156e-17 0.291666666667
537 0.26 -2.77555756156e-17 0.291666666667
538 0.26 -2.77555756156e-17 0.291666666667
539 0.26 -2.77555756156e-17 0.291666666667
540 0.26 -2.77555756156e-17 0.291666666667
541 0.26 -2.77555756156e-17 0.291666666667
542 0.26 -2.77555756156e-17 0.291666666667
543 0.26 -2.77555756156e-17 0.291666666667
544 0.26 -2.77555756156e-17 0.291666666667
545 0.26 -2.77555756156e-17 0.291666666667
546 0.26 -2.77555756156e-17 0.291666666667
547 0.26 -2.77555756156e-17 0.291666666667
548 0.26 -2.77555756156e-17 0.291666666667
549 0.26 -2.77555756156e-17 0.291666666667
550 0.26 -2.77555756156e-17 0.291666666667
551 0.26 -2.77555756156e-17 0.291666666667
552 0.26 -2.77555756156e-17 0.291666666667
553 0.26 -2.77555756156e-17 0.291666666667
554 0.26 -2.77555756156e-17 0.291666666667
555 0.26 -2.77555756156e-17 0.291666666667
556 0.26 -2.77555756156e-17 0.291666666667
557 0.26 -2.77555756156e-17 0.291666666667
558 0.26 -2.77555756156e-17 0.291666666667
559 0.26 -2.77555756156e-17 0.291666666667
560 0.26 -2.77555756156e-17 0.291666666667
561 0.26 -2.77555756156e-17 0.291666666667
562 0.26 -2.77555756156e-17 0.291666666667
563 0.26 -2.77555756156e-17 0.291666666667
564 0.26 -2.77555756156e-17 0.291666666667
565 0.26 -2.77555756156e-17 0.291666666667
566 0.26 -2.77555756156e-17 0.291666666667
567 0.26 -2.77555756156e-17 0.291666666667
568 0.26 -2.77555756156e-17 0.291666666667
569 0.26 -2.77555756156e-17 0.291666666667
570 0.26 -2.77555756156e-17 0.291666666667
571 0.26 -2.77555756156e-17 0.291666666667
572 0.26 -2.77555756156e-17 0.291333333333
573 0.26 -2.77555756156e-17 0.287833333333
574 0.26 -2.77555756156e-17 0.284
575 0.26 -2.77555756156e-17 0.280166666667
576 0.26 -2.77555756156e-17 0.27825
577 0.26 -2.77555756156e-17 0.274416666667
578 0.26 -2.77555756156e-17 0.270583333333
579 0.26 -2.77555756156e-17 0.26675
580 0.26 -2.77555756156e-17 0.262916666667
581 0.26 -2.77555756156e-17 0.25925
582 0.26 -2.77555756156e-17 0.257166666667
583 0.26 0.05 0.253333333333
584 0.26 0.1 0.251416666667
