0 0.26 0.0 0.0
1 0.26 0.0 0.0
2 0.26 0.0 0.0
3 0.26 0.0 0.0
4 0.26 0.0 0.0
5 0.26 0.1 0.0
6 0.26 0.1 0.0
7 0.26 0.2 0.0
8 0.26 0.2 0.0
9 0.26 0.3 0.0
10 0.26 0.3 0.0
11 0.26 0.35 0.0
12 0.26 0.4 0.0
13 0.26 0.4 0.0
14 0.26 0.45 0.0
15 0.26 0.5 0.0
16 0.26 0.5 0.0
17 0.26 0.55 0.0
18 0.26 0.6 0.0
19 0.26 0.6 0.0
20 0.26 0.6 0.0
21 0.26 0.6 0.0
22 0.0 0.0 0.0
23 0.0 0.0 0.0
24 0.0 0.0 0.0
25 0.01 0.0 0.0
26 0.01 0.0 0.0
27 0.01 0.0 0.0
28 0.035 0.0 0.0
29 0.06 0.0 0.0
30 0.085 0.0 0.0
31 0.115 0.0 0.0
32 0.145 0.0 0.0
33 0.18 0.0 0.0
34 0.205 0.0 0.0
35 0.235 0.0 0.0
36 0.26 0.0 0.0
37 0.26 0.0 0.0
38 0.26 0.0 0.0
39 0.26 -0.05 0.0
40 0.26 -0.1 0.0
41 0.26 -0.1 0.0
42 0.26 -0.1 0.0
43 0.26 -0.2 0.0
44 0.26 -0.2 0.0
45 0.26 -0.2 0.0
46 0.26 -0.2 0.0
47 0.26 -0.2 0.0
48 0.26 -0.2 0.0
49 0.26 -0.2 0.0
50 0.26 -0.2 0.0
51 0.26 -0.2 0.0
52 0.26 -0.2 0.0
53 0.26 -0.2 0.0
54 0.26 -0.2 0.0
55 0.26 -0.3 0.0
56 0.26 -0.3 0.0
57 0.26 -0.3 0.0
58 0.26 -0.3 0.0
59 0.26 -0.3 0.0
60 0.26 -0.3 0.0
61 0.26 -0.35 0.0
62 0.26 -0.4 0.0
63 0.26 -0.4 0.0
64 0.26 -0.4 0.025
65 0.26 -0.4 0.125
66 0.26 -0.4 0.24375
67 0.26 -0.4 0.36875
68 0.26 -0.4 0.46875
69 0.26 -0.4 0.6155
70 0.26 -0.4 0.74375
71 0.0 0.0 0.75
72 0.0 0.0 0.65625
73 0.0 0.0 0.41875
74 0.0 0.0 0.175
75 0.0 0.05 0.0
76 0.0 0.1 0.0
77 0.0 0.1 0.0
78 0.0 0.1 0.0
79 0.0 0.35 0.0
80 0.0 0.65 0.0
81 0.0 0.95 0.0
82 0.0 1.05 0.20625
83 0.0 1.15 0.5375
84 0.0 0.0 0.75
85 0.0 0.0 0.55625
86 0.0 0.0 0.55
87 0.01 0.0 0.55
88 0.01 0.0 0.55
89 0.015 0.0 0.55625
90 0.045 0.0 0.55625
91 0.07 0.0 0.55625
92 0.1 0.0 0.54375
93 0.13 0.0 0.53125
94 0.16 0.0 0.5125
95 0.19 0.0 0.51875
96 0.21 0.0 0.51875
97 0.22 0.0 0.51875
98 0.225 0.0 0.51875
99 0.235 0.0 0.51875
100 0.245 0.0 0.51875
101 0.255 0.0 0.51875
102 0.26 0.0 0.5125
103 0.26 0.0 0.51875
104 0.26 0.0 0.51875
105 0.26 0.0 0.5125
106 0.26 0.0 0.5125
107 0.26 0.0 0.5125
108 0.26 0.0 0.5125
109 0.26 0.0 0.5125
110 0.26 0.0 0.5125
111 0.26 0.0 0.5125
112 0.26 0.0 0.5125
113 0.26 0.0 0.5125
114 0.26 0.0 0.50625
115 0.26 0.0 0.50625
116 0.26 0.0 0.50625
117 0.26 0.0 0.50625
118 0.26 0.0 0.50625
119 0.26 0.0 0.50625
120 0.26 0.0 0.50625
121 0.26 0.0 0.50625
122 0.26 0.0 0.50625
123 0.26 0.0 0.5
124 0.26 0.0 0.502583333333
125 0.26 0.0 0.5
126 0.26 0.0 0.5
127 0.26 0.0 0.5
128 0.26 0.0 0.5
129 0.26 0.0 0.5
130 0.26 0.0 0.5
131 0.26 0.0 0.5
132 0.26 0.0 0.49375
133 0.26 0.0 0.49375
134 0.26 0.0 0.49375
135 0.26 0.0 0.49375
136 0.26 0.0 0.49375
137 0.26 0.0 0.49375
138 0.26 0.0 0.49375
139 0.26 0.0 0.49375
140 0.26 0.0 0.49375
141 0.26 0.0 0.4875
142 0.26 0.0 0.4875
143 0.26 0.0 0.4875
144 0.26 0.0 0.4875
145 0.26 0.0 0.4875
146 0.26 0.0 0.4875
147 0.26 0.0 0.4875
148 0.26 0.0 0.4875
149 0.26 0.0 0.48125
150 0.26 0.0 0.48125
151 0.26 0.0 0.48125
152 0.26 0.0 0.48125
153 0.26 0.0 0.48125
154 0.26 0.0 0.48125
155 0.26 0.0 0.48125
156 0.26 0.0 0.48125
157 0.26 0.0 0.48125
158 0.26 0.0 0.475
159 0.26 0.0 0.475
160 0.26 0.0 0.475
161 0.26 0.0 0.475
162 0.26 0.0 0.475
163 0.26 0.0 0.475
164 0.26 0.0 0.46875
165 0.26 0.0 0.46875
166 0.26 0.0 0.46875
167 0.26 0.0 0.46875
168 0.26 0.0 0.46875
169 0.26 0.0 0.46875
170 0.26 0.0 0.46875
171 0.26 0.0 0.46875
172 0.26 0.0 0.463833333333
173 0.26 0.0 0.46875
174 0.26 0.0 0.46875
175 0.26 0.0 0.46875
176 0.26 0.0 0.46875
177 0.26 0.0 0.475
178 0.26 0.0 0.475
179 0.26 0.0 0.475
180 0.26 0.0 0.48125
181 0.26 0.0 0.48125
182 0.26 0.0 0.48125
183 0.26 0.0 0.48125
184 0.26 0.0 0.4875
185 0.26 0.0 0.4875
186 0.26 0.0 0.4875
187 0.26 0.0 0.49375
188 0.26 0.0 0.49375
189 0.26 0.0 0.49375
190 0.26 0.0 0.5
191 0.26 0.0 0.5
192 0.26 0.0 0.50625
193 0.26 0.0 0.50625
194 0.26 0.0 0.50625
195 0.26 0.0 0.5125
196 0.26 0.0 0.5125
197 0.26 0.0 0.51875
198 0.26 0.0 0.51875
199 0.26 0.0 0.51875
