0 0.26 0.0 0.0
1 0.26 0.0 0.0
2 0.26 0.0 0.0
3 0.26 0.0 0.0
4 0.26 0.0 0.0
5 0.26 0.0 0.0
6 0.26 0.0 0.0
7 0.26 0.0 0.0
8 0.26 0.0 0.0
9 0.26 0.0 0.0
10 0.26 0.0 0.0
11 0.26 -0.05 0.0
12 0.26 -0.1 0.0
13 0.26 -0.2 0.0
14 0.26 -0.3 0.0
15 0.26 -0.35 0.0
16 0.26 -0.4 0.0
17 0.26 -0.5 0.0
18 0.26 -0.5 0.0
19 0.26 -0.5 0.0
20 0.26 -0.5 0.09375
21 0.26 -0.5 0.107416666667
22 0.0 0.0 0.1125
23 0.0 0.0 0.13125
24 0.0 0.0 0.0929166666667
25 0.005 0.0 0.0
26 0.01 0.0 0.0
27 0.01 0.0 0.0
28 0.02 0.0 0.0
29 0.045 0.0 0.0
30 0.075 0.0 0.0
31 0.105 0.0 0.0
32 0.13 0.0 0.0
33 0.16 0.0 0.0
34 0.19 0.0 0.0
35 0.22 0.0 0.0
36 0.245 0.0 0.0
37 0.26 0.0 0.0
38 0.26 0.0 0.0
39 0.26 0.0 0.0
40 0.26 0.0 0.0
41 0.26 0.0 0.0
42 0.26 0.0 0.0
43 0.26 0.0 0.0
44 0.26 0.0 0.0
45 0.26 0.0 0.0
46 0.26 0.0 0.0
47 0.26 0.05 0.0
48 0.26 0.1 0.0
49 0.26 0.15 0.0
50 0.26 0.2 0.0
51 0.26 0.2 0.0
52 0.26 0.25 0.0
53 0.26 0.3 0.0
54 0.26 0.4 0.0
55 0.26 0.4 0.08125
56 0.26 0.5 0.192666666667
57 0.26 0.5 0.3
58 0.26 0.5 0.29375
59 0.26 0.5 0.2875
60 0.26 0.5 0.28125
61 0.26 0.5 0.16875
62 0.26 0.5 0.0325833333333
63 0.0 0.0 0.025
64 0.0 0.0 0.24375
65 0.0 0.0 0.44375
66 0.0 0.0 0.35625
67 0.0 -0.05 0.125
68 0.0 -0.1 0.0
69 0.0 -0.1 0.0
70 0.0 -0.2 0.0
71 0.0 -0.45 0.0
72 0.0 -0.7 0.0
73 0.0 -0.9 0.0
74 0.0 -0.95 0.0
75 0.0 -1.05 0.0625
76 0.0 -1.1 0.34375
77 0.0 -1.2 0.44375
78 0.0 0.0 0.25625
79 0.0 0.0 0.0185
80 0.0 0.0 0.00625
81 0.01 0.0 0.00625
82 0.01 0.0 0.00625
83 0.01 0.0 0.00625
84 0.035 0.0 0.00625
85 0.065 0.0 0.00625
86 0.095 0.0 0.00625
87 0.12 0.0 0.00625
88 0.15 0.0 0.0
89 0.175 0.0 0.0
90 0.205 0.0 0.0
91 0.235 0.0 0.0
92 0.26 0.0 0.0
93 0.26 0.0 0.0
94 0.26 0.0 0.0
95 0.26 0.0 0.0
96 0.26 0.0 0.0
97 0.26 0.0 0.0
98 0.26 0.0 0.0
99 0.26 0.0 0.0
100 0.26 0.0 0.0
101 0.26 0.0 0.0
102 0.26 0.0 0.0
103 0.26 0.0 0.0
104 0.26 0.0 0.0
105 0.26 0.0 0.0
106 0.26 0.0 0.0
107 0.26 0.0 0.0
108 0.26 0.0 0.0
109 0.26 0.0 0.0
110 0.26 0.0 0.0
111 0.26 0.0 0.0
112 0.26 0.0 0.0
113 0.26 0.0 0.0
114 0.26 0.0 0.0
115 0.26 0.0 0.0
116 0.26 0.0 0.0
117 0.26 0.0 0.0
118 0.26 0.0 0.0
119 0.26 0.0 0.0
120 0.26 0.0 0.0
121 0.26 0.0 0.0
122 0.26 0.0 0.0
123 0.26 0.0 0.0
124 0.26 0.0 0.0
125 0.26 0.0 0.0
126 0.26 0.0 0.0
127 0.26 0.05 0.0
128 0.26 0.1 0.0
129 0.26 0.15 0.0
130 0.26 0.2 0.0
131 0.26 0.25 0.0
132 0.26 0.3 0.0
133 0.26 0.35 0.0
134 0.26 0.4 0.0
135 0.26 0.45 0.0
136 0.26 0.5 0.0
137 0.26 0.5 0.0
138 0.26 0.5 0.0
139 0.26 0.5 0.0
140 0.26 0.5 0.0
141 0.26 0.5 0.0
142 0.26 0.5 0.0
143 0.26 0.5 0.0
144 0.0 0.0 0.0
145 0.0 0.0 0.0
146 0.0 0.0 0.0
147 0.0 0.0 0.0
148 0.01 0.0 0.0
149 0.01 0.0 0.0
150 0.01 0.0 0.0
151 0.035 0.0 0.0
152 0.06 0.0 0.0
153 0.085 0.0 0.0
154 0.11 0.0 0.0
155 0.14 0.0 0.0
156 0.17 0.0 0.0
157 0.195 0.0 0.0
158 0.225 0.0 0.0
159 0.25 0.0 0.0
160 0.26 0.0 0.0
161 0.26 0.0 0.0
162 0.26 0.0 0.0
163 0.26 0.0 0.0
164 0.26 0.0 0.0
165 0.26 0.0 0.0
166 0.26 0.0 0.0
167 0.26 0.0 0.0
168 0.26 0.0 0.0
169 0.26 0.0 0.0
170 0.26 0.0 0.0
171 0.26 0.0 0.0
172 0.26 -0.05 0.0
173 0.26 -0.1 0.0
174 0.26 -0.1 0.0
175 0.26 -0.2 0.0
176 0.26 -0.25 0.0
177 0.26 -0.3 0.0
178 0.26 -0.35 0.0
179 0.26 -0.4 0.0
180 0.26 -0.45 0.0
181 0.26 -0.5 0.0
182 0.26 -0.6 0.0
183 0.26 -0.6 0.0375
184 0.26 -0.6 0.2
185 0.26 -0.6 0.35625
186 0.26 -0.6 0.525
187 0.0 0.0 0.69375
188 0.0 0.0 0.75
189 0.0 0.0 0.75
190 0.01 0.0 0.725
191 0.01 0.0 0.70625
192 0.01 0.0 0.70625
193 0.03 0.0 0.70625
194 0.055 0.0 0.70625
195 0.08 0.0 0.7125
196 0.11 0.0 0.73125
197 0.14 0.0 0.75
198 0.165 0.0 0.75
199 0.19 0.0 0.75
200 0.215 0.0 0.75
201 0.24 0.0 0.75
202 0.26 0.0 0.75
203 0.26 0.0 0.75
204 0.26 0.0 0.75
205 0.26 0.0 0.75
206 0.26 0.0 0.75
207 0.26 0.0 0.75
