0 0.12 0.0 0.250416666667
1 0.145 0.0 0.246916666667
2 0.17 0.0 0.249
3 0.19 0.0 0.2535
4 0.215 0.0 0.256416666667
5 0.24 0.0 0.2555
6 0.26 0.0 0.25475
7 0.26 0.0 0.254333333333
8 0.26 0.0 0.254166666667
9 0.26 0.0 0.254083333333
10 0.26 0.0 0.25425
11 0.26 0.0 0.254916666667
12 0.26 0.0 0.255083333333
13 0.26 0.0 0.255166666667
14 0.26 0.0 0.254083333333
15 0.26 0.0 0.255333333333
16 0.26 0.0 0.255416666667
17 0.26 0.0 0.255416666667
18 0.26 0.0 0.255666666667
19 0.26 0.0 0.255666666667
20 0.26 0.0 0.2565
21 0.26 0.0 0.255916666667
22 0.26 0.0 0.25675
23 0.26 0.0 0.257166666667
24 0.26 0.0 0.25675
25 0.26 0.0 0.255916666667
26 0.26 0.0 0.256416666667
27 0.26 0.0 0.2555
28 0.26 0.0 0.255916666667
29 0.26 0.1 0.2555
30 0.26 0.1 0.255416666667
31 0.26 0.1 0.254166666667
32 0.26 0.1 0.254
33 0.26 0.1 0.253916666667
34 0.26 0.1 0.254083333333
35 0.26 0.15 0.25625
36 0.26 0.2 0.259416666667
37 0.26 0.2 0.26325
38 0.26 0.2 0.271
39 0.26 0.3 0.27175
40 0.26 0.3 0.265416666667
41 0.26 0.3 0.260416666667
42 0.26 0.35 0.25525
43 0.26 0.4 0.245166666667
44 0.26 0.4 0.243166666667
45 0.26 0.4 0.2435
46 0.26 0.4 0.243333333333
47 0.26 0.4 0.257333333333
48 0.26 0.4 0.264333333333
49 0.26 0.4 0.265
50 0.26 0.4 0.265166666667
51 0.26 0.4 0.265083333333
52 0.26 0.4 0.264916666667
53 0.26 0.4 0.265666666667
54 0.26 0.4 0.269333333333
55 0.26 0.4 0.276416666667
56 0.26 0.4 0.28775
57 0.26 0.4 0.29125
58 0.26 0.4 0.291666666667
59 0.26 0.4 0.291666666667
60 0.26 0.4 0.291666666667
61 0.26 0.4 0.291666666667
62 0.26 0.4 0.291666666667
63 0.26 0.35 0.291666666667
64 0.26 0.3 0.291666666667
65 0.26 0.3 0.291666666667
66 0.26 0.25 0.291666666667
67 0.26 0.2 0.291666666667
68 0.26 0.2 0.291666666667
69 0.26 0.15 0.291666666667
70 0.26 0.1 0.291666666667
71 0.26 0.1 0.291666666667
72 0.26 0.05 0.291666666667
73 0.26 2.77555756156e-17 0.291666666667
74 0.26 2.77555756156e-17 0.291666666667
75 0.26 2.77555756156e-17 0.291666666667
76 0.26 2.77555756156e-17 0.291666666667
77 0.26 2.77555756156e-17 0.291666666667
78 0.26 2.77555756156e-17 0.291666666667
79 0.26 2.77555756156e-17 0.291666666667
80 0.26 2.77555756156e-17 0.291666666667
81 0.26 2.77555756156e-17 0.291666666667
82 0.26 2.77555756156e-17 0.291666666667
83 0.26 2.77555756156e-17 0.291666666667
84 0.26 2.77555756156e-17 0.291666666667
85 0.26 2.77555756156e-17 0.291666666667
86 0.26 2.77555756156e-17 0.291666666667
87 0.26 2.77555756156e-17 0.291666666667
88 0.26 2.77555756156e-17 0.291666666667
89 0.26 2.77555756156e-17 0.291666666667
90 0.26 2.77555756156e-17 0.291666666667
91 0.26 2.77555756156e-17 0.291666666667
92 0.26 2.77555756156e-17 0.291666666667
93 0.26 0.05 0.291666666667
94 0.26 0.1 0.291666666667
95 0.26 0.1 0.291666666667
96 0.26 0.15 0.291666666667
97 0.26 0.2 0.291666666667
98 0.26 0.2 0.291666666667
99 0.26 0.2 0.291666666667
100 0.26 0.2 0.291666666667
101 0.26 0.2 0.291666666667
102 0.26 0.2 0.291666666667
103 0.26 0.2 0.291666666667
104 0.26 0.2 0.291666666667
105 0.26 0.2 0.291666666667
106 0.26 0.2 0.291666666667
107 0.26 0.2 0.291666666667
108 0.26 0.2 0.291666666667
109 0.26 0.2 0.291666666667
110 0.26 0.15 0.291666666667
111 0.26 0.1 0.291666666667
112 0.26 2.77555756156e-17 0.291666666667
113 0.26 2.77555756156e-17 0.291666666667
114 0.26 2.77555756156e-17 0.291666666667
115 0.26 2.77555756156e-17 0.291666666667
116 0.26 2.77555756156e-17 0.291666666667
117 0.26 0.05 0.291666666667
118 0.26 0.1 0.291666666667
119 0.26 0.1 0.291666666667
120 0.26 0.1 0.291666666667
121 0.26 0.1 0.291666666667
122 0.26 0.1 0.291666666667
123 0.26 0.1 0.291666666667
124 0.26 0.1 0.291666666667
125 0.26 0.05 0.291666666667
126 0.26 2.77555756156e-17 0.291666666667
127 0.26 2.77555756156e-17 0.291666666667
128 0.26 2.77555756156e-17 0.291666666667
129 0.26 2.77555756156e-17 0.291666666667
130 0.26 2.77555756156e-17 0.291666666667
131 0.26 2.77555756156e-17 0.291666666667
132 0.26 2.77555756156e-17 0.291666666667
133 0.26 2.77555756156e-17 0.291666666667
134 0.26 2.77555756156e-17 0.291666666667
135 0.26 2.77555756156e-17 0.291666666667
136 0.26 2.77555756156e-17 0.291666666667
137 0.26 2.77555756156e-17 0.291666666667
138 0.26 2.77555756156e-17 0.291666666667
139 0.26 2.77555756156e-17 0.291666666667
140 0.26 2.77555756156e-17 0.291666666667
141 0.26 2.77555756156e-17 0.291666666667
142 0.26 2.77555756156e-17 0.291666666667
143 0.26 2.77555756156e-17 0.291666666667
144 0.26 2.77555756156e-17 0.291666666667
145 0.26 2.77555756156e-17 0.291666666667
146 0.26 2.77555756156e-17 0.291666666667
147 0.26 2.77555756156e-17 0.291666666667
148 0.26 2.77555756156e-17 0.291666666667
149 0.26 2.77555756156e-17 0.291666666667
150 0.26 2.77555756156e-17 0.291666666667
151 0.26 2.77555756156e-17 0.291666666667
152 0.26 2.77555756156e-17 0.291666666667
153 0.26 2.77555756156e-17 0.291666666667
154 0.26 2.77555756156e-17 0.291666666667
155 0.26 2.77555756156e-17 0.291666666667
156 0.26 2.77555756156e-17 0.291666666667
157 0.26 2.77555756156e-17 0.291666666667
158 0.26 2.77555756156e-17 0.291666666667
159 0.26 2.77555756156e-17 0.291666666667
160 0.26 2.77555756156e-17 0.291666666667
161 0.26 2.77555756156e-17 0.291666666667
162 0.26 2.77555756156e-17 0.291666666667
163 0.26 2.77555756156e-17 0.291666666667
164 0.26 2.77555756156e-17 0.291666666667
165 0.26 2.77555756156e-17 0.291666666667
166 0.26 2.77555756156e-17 0.291666666667
167 0.26 2.77555756156e-17 0.291666666667
168 0.26 2.77555756156e-17 0.291666666667
169 0.26 2.77555756156e-17 0.291666666667
170 0.26 2.77555756156e-17 0.291666666667
171 0.26 2.77555756156e-17 0.28975
172 0.26 2.77555756156e-17 0.287833333333
173 0.26 2.77555756156e-17 0.284
174 0.26 2.77555756156e-17 0.282083333333
175 0.26 2.77555756156e-17 0.27825
176 0.26 2.77555756156e-17 0.276333333333
177 0.26 2.77555756156e-17 0.2725
178 0.26 2.77555756156e-17 0.268833333333
179 0.26 2.77555756156e-17 0.26675
180 0.26 2.77555756156e-17 0.262916666667
181 0.26 2.77555756156e-17 0.261
182 0.26 2.77555756156e-17 0.258083333333
183 0.26 2.77555756156e-17 0.25525
184 0.26 2.77555756156e-17 0.251416666667
185 0.26 -0.05 0.249333333333
186 0.26 -0.1 0.246833333333
187 0.26 -0.1 0.245666666667
188 0.26 -0.1 0.24375
189 0.26 -0.1 0.24375
190 0.26 -0.1 0.243333333333
191 0.26 -0.1 0.241833333333
192 0.26 -0.1 0.239916666667
193 0.26 -0.1 0.239916666667
194 0.26 -0.1 0.239916666667
195 0.26 -0.1 0.239916666667
196 0.26 -0.1 0.238
197 0.26 -0.1 0.238
198 0.26 -0.1 0.236083333333
199 0.26 -0.2 0.236083333333
200 0.26 -0.2 0.238
201 0.26 -0.2 0.239916666667
202 0.26 -0.2 0.241833333333
203 0.26 -0.2 0.24375
204 0.26 -0.25 0.245166666667
205 0.26 -0.3 0.247583333333
206 0.26 -0.3 0.251416666667
207 0.26 -0.3 0.256666666667
208 0.26 -0.35 0.261
209 0.26 -0.4 0.264833333333
210 0.26 -0.4 0.270583333333
211 0.26 -0.4 0.27825
212 0.26 -0.4 0.285916666667
213 0.26 -0.4 0.291666666667
214 0.26 -0.45 0.291666666667
215 0.26 -0.5 0.289
216 0.26 -0.5 0.279166666667
217 0.26 -0.5 0.279333333333
218 0.26 -0.5 0.270833333333
219 0.26 -0.5 0.267666666667
220 0.26 -0.5 0.267833333333
221 0.26 -0.5 0.255416666667
222 0.26 -0.5 0.246916666667
223 0.26 -0.5 0.242666666667
224 0.26 -0.5 0.24275
225 0.26 -0.5 0.241833333333
226 0.26 -0.5 0.252166666667
227 0.26 -0.5 0.2405
228 0.26 -0.5 0.242916666667
229 0.26 -0.5 0.240666666667
230 0.26 -0.5 0.238833333333
231 0.26 -0.5 0.25625
232 0.26 -0.5 0.265
233 0.26 -0.5 0.263916666667
234 0.26 -0.5 0.258666666667
235 0.26 -0.5 0.246083333333
236 0.26 -0.5 0.237833333333
237 0.26 -0.5 0.2515
238 0.26 -0.5 0.266833333333
239 0.26 -0.5 0.26675
240 0.26 -0.5 0.265166666667
241 0.26 -0.5 0.26475
242 0.26 -0.5 0.254833333333
243 0.26 -0.45 0.244916666667
244 0.26 -0.4 0.2365
245 0.26 -0.4 0.248
246 0.26 -0.4 0.261333333333
247 0.26 -0.4 0.2605
248 0.26 -0.4 0.260333333333
249 0.26 -0.4 0.259083333333
250 0.26 -0.4 0.258583333333
251 0.26 -0.4 0.25775
252 0.26 -0.4 0.257
253 0.26 -0.4 0.256083333333
254 0.26 -0.4 0.263833333333
255 0.26 -0.4 0.272833333333
256 0.26 -0.4 0.279416666667
257 0.26 -0.4 0.290166666667
258 0.26 -0.35 0.291666666667
259 0.26 -0.3 0.291666666667
260 0.26 -0.3 0.2915
261 0.26 -0.3 0.29075
262 0.26 -0.3 0.291166666667
263 0.26 -0.3 0.291666666667
264 0.26 -0.3 0.291666666667
265 0.26 -0.3 0.291666666667
266 0.26 -0.3 0.291666666667
267 0.26 -0.3 0.291666666667
268 0.26 -0.3 0.291666666667
269 0.26 -0.3 0.291666666667
270 0.26 -0.2 0.291666666667
271 0.26 -0.2 0.291333333333
272 0.26 -0.1 0.288333333333
273 0.26 -0.1 0.28475
274 0.26 -0.1 0.28325
275 0.26 -0.1 0.2815
276 0.26 -0.1 0.280666666667
277 0.26 -0.1 0.280083333333
278 0.26 -0.05 0.280333333333
279 0.26 -2.77555756156e-17 0.280083333333
280 0.26 -2.77555756156e-17 0.280083333333
281 0.26 -2.77555756156e-17 0.280583333333
282 0.26 -2.77555756156e-17 0.280666666667
283 0.26 -2.77555756156e-17 0.281333333333
284 0.26 -2.77555756156e-17 0.281833333333
285 0.26 -2.77555756156e-17 0.282
286 0.26 -2.77555756156e-17 0.282583333333
287 0.26 -2.77555756156e-17 0.284083333333
288 0.26 -2.77555756156e-17 0.285916666667
289 0.26 -2.77555756156e-17 0.288083333333
290 0.26 -2.77555756156e-17 0.2895
291 0.26 -2.77555756156e-17 0.291
292 0.26 0.1 0.2915
293 0.26 0.1 0.291666666667
294 0.26 0.1 0.291666666667
295 0.26 0.1 0.291666666667
296 0.26 0.1 0.291666666667
297 0.26 0.1 0.291666666667
298 0.26 0.05 0.291666666667
299 0.26 -2.77555756156e-17 0.291666666667
300 0.26 -2.77555756156e-17 0.291666666667
301 0.26 -2.77555756156e-17 0.291333333333
302 0.26 -2.77555756156e-17 0.291166666667
303 0.26 -2.77555756156e-17 0.2905
304 0.26 -2.77555756156e-17 0.290166666667
305 0.26 -2.77555756156e-17 0.28775
306 0.26 -2.77555756156e-17 0.283
307 0.26 -2.77555756156e-17 0.28225
308 0.26 0.1 0.28225
309 0.26 0.1 0.280916666667
310 0.26 0.1 0.277666666667
311 0.26 0.1 0.278083333333
312 0.26 0.1 0.278916666667
313 0.26 0.1 0.279083333333
314 0.26 0.1 0.27925
315 0.26 -2.77555756156e-17 0.279
316 0.26 -2.77555756156e-17 0.278666666667
317 0.26 -2.77555756156e-17 0.277333333333
318 0.26 -2.77555756156e-17 0.275916666667
319 0.26 -2.77555756156e-17 0.275833333333
320 0.26 -2.77555756156e-17 0.27475
321 0.26 -2.77555756156e-17 0.273583333333
322 0.26 -2.77555756156e-17 0.27275
323 0.26 -2.77555756156e-17 0.273
324 0.26 -2.77555756156e-17 0.272333333333
325 0.26 -2.77555756156e-17 0.271083333333
326 0.26 -2.77555756156e-17 0.270833333333
327 0.26 -2.77555756156e-17 0.270916666667
328 0.26 -2.77555756156e-17 0.270416666667
329 0.26 -2.77555756156e-17 0.269833333333
330 0.26 -2.77555756156e-17 0.269
331 0.26 -2.77555756156e-17 0.268833333333
332 0.26 -2.77555756156e-17 0.268666666667
333 0.26 -2.77555756156e-17 0.268666666667
334 0.26 -2.77555756156e-17 0.267833333333
335 0.26 -2.77555756156e-17 0.2675
336 0.26 -2.77555756156e-17 0.266833333333
337 0.26 -2.77555756156e-17 0.2665
338 0.26 -2.77555756156e-17 0.266333333333
339 0.26 -2.77555756156e-17 0.266
340 0.26 -2.77555756156e-17 0.266083333333
341 0.26 -2.77555756156e-17 0.266416666667
342 0.26 -2.77555756156e-17 0.26575
343 0.26 -2.77555756156e-17 0.265666666667
344 0.26 -2.77555756156e-17 0.26625
345 0.26 -2.77555756156e-17 0.265666666667
346 0.26 -2.77555756156e-17 0.265416666667
347 0.26 -2.77555756156e-17 0.265833333333
348 0.26 -2.77555756156e-17 0.266
349 0.26 -2.77555756156e-17 0.265916666667
350 0.26 -2.77555756156e-17 0.266166666667
351 0.26 -2.77555756156e-17 0.267083333333
352 0.26 -2.77555756156e-17 0.267
353 0.26 -2.77555756156e-17 0.26675
354 0.26 -2.77555756156e-17 0.267666666667
355 0.26 -2.77555756156e-17 0.2685
356 0.26 -2.77555756156e-17 0.269333333333
357 0.26 -2.77555756156e-17 0.269666666667
358 0.26 -2.77555756156e-17 0.269666666667
359 0.26 -2.77555756156e-17 0.270416666667
360 0.26 -2.77555756156e-17 0.27075
361 0.26 -2.77555756156e-17 0.272583333333
362 0.26 -2.77555756156e-17 0.272416666667
363 0.26 -2.77555756156e-17 0.2725
364 0.26 -2.77555756156e-17 0.272416666667
365 0.26 -2.77555756156e-17 0.273166666667
366 0.26 -2.77555756156e-17 0.273
367 0.26 -2.77555756156e-17 0.273583333333
368 0.26 -2.77555756156e-17 0.273833333333
369 0.26 -2.77555756156e-17 0.273666666667
370 0.26 -2.77555756156e-17 0.274166666667
371 0.26 -2.77555756156e-17 0.274083333333
372 0.26 -2.77555756156e-17 0.274083333333
373 0.26 -2.77555756156e-17 0.274833333333
374 0.26 -2.77555756156e-17 0.274
375 0.26 -2.77555756156e-17 0.274083333333
376 0.26 -2.77555756156e-17 0.274916666667
377 0.26 -2.77555756156e-17 0.274583333333
378 0.26 -2.77555756156e-17 0.275083333333
379 0.26 -2.77555756156e-17 0.274833333333
380 0.26 -2.77555756156e-17 0.276083333333
381 0.26 -2.77555756156e-17 0.275083333333
382 0.26 -2.77555756156e-17 0.276
383 0.26 -2.77555756156e-17 0.275916666667
384 0.26 -2.77555756156e-17 0.277583333333
385 0.26 -2.77555756156e-17 0.277583333333
386 0.26 -2.77555756156e-17 0.278833333333
387 0.26 -2.77555756156e-17 0.279666666667
388 0.26 -2.77555756156e-17 0.280583333333
389 0.26 -2.77555756156e-17 0.2815
390 0.26 -2.77555756156e-17 0.282166666667
391 0.26 -2.77555756156e-17 0.282666666667
392 0.26 -2.77555756156e-17 0.282833333333
393 0.26 -2.77555756156e-17 0.28225
394 0.26 -2.77555756156e-17 0.281083333333
395 0.26 -2.77555756156e-17 0.27975
396 0.26 -2.77555756156e-17 0.278666666667
397 0.26 -2.77555756156e-17 0.278333333333
398 0.26 -2.77555756156e-17 0.2775
399 0.26 -2.77555756156e-17 0.277416666667
400 0.26 -2.77555756156e-17 0.276833333333
401 0.26 -2.77555756156e-17 0.27625
402 0.26 -2.77555756156e-17 0.276333333333
403 0.26 -2.77555756156e-17 0.275833333333
404 0.26 -2.77555756156e-17 0.276
405 0.26 -2.77555756156e-17 0.275333333333
406 0.26 -2.77555756156e-17 0.275083333333
407 0.26 -2.77555756156e-17 0.27475
408 0.26 -2.77555756156e-17 0.274416666667
409 0.26 -2.77555756156e-17 0.274
410 0.26 -2.77555756156e-17 0.273416666667
411 0.26 -2.77555756156e-17 0.2735
412 0.26 -2.77555756156e-17 0.27325
413 0.26 -2.77555756156e-17 0.273083333333
414 0.26 -2.77555756156e-17 0.273333333333
415 0.26 -2.77555756156e-17 0.27275
416 0.26 -2.77555756156e-17 0.272833333333
417 0.26 -2.77555756156e-17 0.272916666667
418 0.26 -2.77555756156e-17 0.27275
419 0.26 -2.77555756156e-17 0.271916666667
420 0.26 -2.77555756156e-17 0.272416666667
421 0.26 -2.77555756156e-17 0.27175
422 0.26 -2.77555756156e-17 0.2715
423 0.26 -2.77555756156e-17 0.270083333333
424 0.26 -2.77555756156e-17 0.26975
425 0.26 -2.77555756156e-17 0.26975
426 0.26 -2.77555756156e-17 0.26925
427 0.26 -2.77555756156e-17 0.268666666667
428 0.26 -2.77555756156e-17 0.268333333333
429 0.26 -2.77555756156e-17 0.2675
430 0.26 -2.77555756156e-17 0.267583333333
431 0.26 -2.77555756156e-17 0.26725
432 0.26 -2.77555756156e-17 0.2675
433 0.26 -2.77555756156e-17 0.267583333333
434 0.26 -2.77555756156e-17 0.268083333333
435 0.26 -2.77555756156e-17 0.267833333333
436 0.26 -2.77555756156e-17 0.267916666667
437 0.26 -2.77555756156e-17 0.26875
438 0.26 -2.77555756156e-17 0.269416666667
439 0.26 -2.77555756156e-17 0.269
440 0.26 -2.77555756156e-17 0.269916666667
441 0.26 -2.77555756156e-17 0.271
442 0.26 -2.77555756156e-17 0.270666666667
443 0.26 -2.77555756156e-17 0.27075
444 0.26 -2.77555756156e-17 0.270333333333
445 0.26 -2.77555756156e-17 0.27025
446 0.26 -2.77555756156e-17 0.270416666667
447 0.26 -2.77555756156e-17 0.269833333333
448 0.26 -2.77555756156e-17 0.2695
449 0.26 -2.77555756156e-17 0.26975
450 0.26 -2.77555756156e-17 0.2695
451 0.26 -2.77555756156e-17 0.270416666667
452 0.26 -2.77555756156e-17 0.2705
453 0.26 -2.77555756156e-17 0.272333333333
454 0.26 -2.77555756156e-17 0.27525
455 0.26 -2.77555756156e-17 0.277333333333
456 0.26 -2.77555756156e-17 0.277333333333
457 0.26 -0.1 0.2795
458 0.26 -0.1 0.283166666667
459 0.26 -0.1 0.289333333333
460 0.26 -0.1 0.291666666667
461 0.26 -0.1 0.291666666667
462 0.26 -0.1 0.291666666667
463 0.26 -0.1 0.291666666667
464 0.26 -0.1 0.291666666667
465 0.26 -0.1 0.291666666667
466 0.26 -0.1 0.291666666667
467 0.26 -0.1 0.291666666667
468 0.26 -0.1 0.291666666667
469 0.26 -0.1 0.291666666667
470 0.26 -0.1 0.291666666667
471 0.26 -0.1 0.291666666667
472 0.26 -0.1 0.291666666667
473 0.26 -0.1 0.291666666667
474 0.26 -0.05 0.291666666667
475 0.26 -2.77555756156e-17 0.291666666667
476 0.26 -2.77555756156e-17 0.291666666667
477 0.26 -2.77555756156e-17 0.291666666667
478 0.26 -2.77555756156e-17 0.291666666667
479 0.26 -2.77555756156e-17 0.291666666667
480 0.26 -2.77555756156e-17 0.291666666667
481 0.26 -2.77555756156e-17 0.291666666667
482 0.26 -2.77555756156e-17 0.291666666667
483 0.26 -2.77555756156e-17 0.291666666667
484 0.26 -2.77555756156e-17 0.291666666667
485 0.26 -2.77555756156e-17 0.291666666667
486 0.26 -2.77555756156e-17 0.291666666667
487 0.26 -2.77555756156e-17 0.291666666667
488 0.26 -2.77555756156e-17 0.291666666667
489 0.26 -2.77555756156e-17 0.291666666667
490 0.26 -2.77555756156e-17 0.291666666667
491 0.26 -2.77555756156e-17 0.291666666667
492 0.26 -2.77555756156e-17 0.291666666667
493 0.26 -2.77555756156e-17 0.291666666667
494 0.26 -2.77555756156e-17 0.291666666667
495 0.26 -2.77555756156e-17 0.291666666667
496 0.26 -2.77555756156e-17 0.291666666667
497 0.26 -2.77555756156e-17 0.291666666667
498 0.26 -0.05 0.291666666667
499 0.26 -0.1 0.291666666667
500 0.26 -0.1 0.291666666667
501 0.26 -0.1 0.291666666667
502 0.26 -0.1 0.291666666667
503 0.26 -0.1 0.291666666667
504 0.26 -0.1 0.291666666667
505 0.26 -0.1 0.291666666667
506 0.26 -0.1 0.291666666667
507 0.26 -0.05 0.291666666667
508 0.26 -2.77555756156e-17 0.291666666667
509 0.26 -2.77555756156e-17 0.291666666667
510 0.26 -2.77555756156e-17 0.291666666667
511 0.26 -2.77555756156e-17 0.291666666667
512 0.26 -2.77555756156e-17 0.291666666667
513 0.26 -2.77555756156e-17 0.291666666667
514 0.26 -2.77555756156e-17 0.291666666667
515 0.26 -2.77555756156e-17 0.291666666667
516 0.26 -2.77555756156e-17 0.291666666667
517 0.26 -2.77555756156e-17 0.291666666667
518 0.26 -2.77555756156e-17 0.291666666667
519 0.26 -2.77555756156e-17 0.291666666667
520 0.26 -2.77555756156e-17 0.291666666667
521 0.26 -2.77555756156e-17 0.291666666667
522 0.26 -2.77555756156e-17 0.291666666667
523 0.26 -2.77555756156e-17 0.291666666667
524 0.26 -2.77555756156e-17 0.291666666667
525 0.26 -2.77555756156e-17 0.291666666667
526 0.26 -2.77555756156e-17 0.291666666667
527 0.26 -2.77555756156e-17 0.291666666667
528 0.26 -2.77555756156e-17 0.291666666667
529 0.26 -2.77555756156e-17 0.291666666667
530 0.26 -2.77555756156e-17 0.291666666667
531 0.26 -2.77555756156e-17 0.291666666667
532 0.26 -2.77555756156e-17 0.291666666667
533 0.26 -2.77555756156e-17 0.291666666667
534 0.26 -2.77555756156e-17 0.291666666667
535 0.26 -2.77555756156e-17 0.291666666667
536 0.26 -2.77555756156e-17 0.291666666667
537 0.26 -2.77555756156e-17 0.291666666667
538 0.26 -2.77555756156e-17 0.291666666667
539 0.26 -2.77555756156e-17 0.291666666667
540 0.26 -2.77555756156e-17 0.291666666667
541 0.26 -2.77555756156e-17 0.291666666667
542 0.26 0.05 0.291666666667
543 0.26 0.1 0.291666666667
544 0.26 0.1 0.291666666667
545 0.26 0.15 0.291666666667
546 0.26 0.2 0.291666666667
547 0.26 0.2 0.291666666667
548 0.26 0.25 0.291666666667
549 0.26 0.3 0.291666666667
550 0.26 0.3 0.291666666667
551 0.26 0.3 0.291666666667
552 0.26 0.3 0.291666666667
553 0.26 0.3 0.291666666667
554 0.26 0.3 0.291666666667
555 0.26 0.3 0.291666666667
556 0.26 0.3 0.291666666667
557 0.26 0.3 0.291666666667
558 0.26 0.3 0.291666666667
559 0.26 0.3 0.291666666667
560 0.26 0.3 0.291666666667
561 0.26 0.3 0.291666666667
562 0.26 0.3 0.291666666667
563 0.26 0.3 0.291666666667
564 0.26 0.3 0.291666666667
565 0.26 0.25 0.291666666667
566 0.26 0.2 0.291666666667
567 0.26 0.15 0.291666666667
568 0.26 0.1 0.291666666667
569 0.26 0.1 0.291666666667
570 0.26 0.1 0.291666666667
571 0.26 0.1 0.291666666667
572 0.26 0.1 0.291666666667
573 0.26 0.1 0.291666666667
574 0.26 0.1 0.291666666667
575 0.26 0.1 0.291666666667
576 0.26 0.1 0.291666666667
577 0.26 0.1 0.291666666667
578 0.26 0.1 0.291666666667
579 0.26 0.1 0.291666666667
580 0.26 0.1 0.291666666667
581 0.26 0.1 0.291666666667
582 0.26 0.1 0.291666666667
583 0.26 0.1 0.291666666667
584 0.26 0.1 0.291666666667
585 0.26 0.1 0.291666666667
586 0.26 -2.77555756156e-17 0.291666666667
587 0.26 -2.77555756156e-17 0.291666666667
