0 0.26 0.1 0.0320833333333
1 0.26 0.1 0.0126666666667
2 0.26 0.1 0.0
3 0.26 0.1 0.0
4 0.26 0.1 0.0
5 0.26 0.1 0.0
6 0.26 0.1 0.0
7 0.26 0.1 0.0
8 0.26 0.1 0.0
9 0.26 0.1 0.0
10 0.26 0.1 0.0
11 0.26 0.1 0.0
12 0.26 0.1 0.0
13 0.26 0.1 0.0
14 0.26 0.1 0.00491666666667
15 0.26 0.1 0.0125
16 0.26 0.1 0.025
17 0.26 0.1 0.03125
18 0.26 0.05 0.04375
19 0.26 0.0 0.05
20 0.26 0.0 0.05625
21 0.26 0.0 0.04375
22 0.26 0.0 0.0375
23 0.26 0.0 0.03125
24 0.26 0.0 0.01875
25 0.26 0.0 0.0125
26 0.26 0.0 0.00625
27 0.26 0.0 0.0
28 0.26 0.0 0.0
29 0.26 0.0 0.0
30 0.26 0.0 0.0
31 0.26 0.05 0.0
32 0.26 0.1 0.0
33 0.26 0.15 0.0
34 0.26 0.2 0.0
35 0.26 0.25 0.0
36 0.26 0.3 0.0
37 0.26 0.35 0.0
38 0.26 0.4 0.0
39 0.26 0.4 0.0
40 0.26 0.4 0.0
41 0.26 0.4 0.0
42 0.26 0.4 0.0
43 0.26 0.4 0.0
44 0.26 0.4 0.0
45 0.26 0.4 0.0
46 0.26 0.4 0.0
47 0.26 0.4 0.0
48 0.26 0.4 0.0
49 0.26 0.4 0.0
50 0.26 0.4 0.0
51 0.26 0.4 0.0
52 0.26 0.4 0.0
53 0.26 0.4 0.0
54 0.26 0.4 0.0
55 0.26 0.4 0.0
56 0.26 0.4 0.0
57 0.26 0.4 0.0
58 0.26 0.4 0.0
59 0.26 0.4 0.0
60 0.26 0.4 0.0
61 0.26 0.4 0.0
62 0.26 0.4 0.0
63 0.0 0.0 0.0
64 0.0 0.0 0.0
65 0.0 0.0 0.0
66 0.0 0.0 0.0
67 0.005 0.0 0.0
68 0.01 0.0 0.0
69 0.01 0.0 0.0
70 0.01 0.0 0.0
71 0.01 0.0 0.0
72 0.015 0.0 0.0
73 0.03 0.0 0.0
74 0.045 0.0 0.0
75 0.06 0.0 0.0
76 0.075 0.0 0.0
77 0.09 0.0 0.0
78 0.11 0.0 0.0
79 0.125 0.0 0.0
80 0.14 0.0 0.0
81 0.16 0.0 0.0
82 0.175 0.0 0.0
83 0.19 0.0 0.0
84 0.21 0.0 0.0
85 0.225 0.0 0.0
86 0.245 0.0 0.0
87 0.26 0.0 0.0
88 0.26 0.0 0.0
89 0.26 0.0 0.0
90 0.26 0.0 0.0
91 0.26 0.0 0.0
92 0.26 0.0 0.0
93 0.26 0.0 0.0
94 0.26 0.0 0.0
95 0.26 0.0 0.0
96 0.26 0.0 0.0
97 0.26 -0.05 0.0
98 0.26 -0.1 0.0
99 0.26 -0.15 0.0
100 0.26 -0.2 0.0
101 0.26 -0.2 0.0
102 0.26 -0.2 0.0
103 0.26 -0.2 0.0
104 0.26 -0.25 0.0
105 0.26 -0.4 0.0
106 0.26 -0.5 0.0
107 0.26 -0.55 0.0
108 0.26 -0.6 0.0
109 0.26 -0.65 0.0
110 0.26 -0.7 0.0
111 0.26 -0.75 0.0
112 0.26 -0.8 0.0
113 0.26 -0.8 0.0
114 0.26 -0.8 0.0
115 0.26 -0.8 0.0
116 0.26 -0.8 0.0
117 0.26 -0.8 0.0
118 0.26 -0.8 0.09825
119 0.0 0.0 0.225
120 0.0 0.0 0.34975
121 0.0 0.0 0.41875
122 0.0 0.0 0.425
123 0.0 0.0 0.375
124 0.0 0.0 0.28125
125 0.0 0.0 0.2
126 0.0 0.0 0.1375
127 0.0 0.0 0.09375
128 0.0 0.0 0.06875
129 0.0 0.0 0.05625
130 0.0 -0.05 0.05625
131 0.0 -0.1 0.0625
132 0.0 -0.1 0.08125
133 0.0 -0.1 0.09375
134 0.0 -0.1 0.1125
135 0.0 -0.25 0.13125
136 0.0 -0.4 0.14375
137 0.0 -0.55 0.18125
138 0.0 -0.6 0.2375
139 0.0 0.0 0.325
140 0.0 0.0 0.4125
141 0.0 0.0 0.475
142 0.0 0.0 0.5125
143 0.005 0.0 0.53125
144 0.01 0.0 0.55
145 0.01 0.0 0.55625
146 0.01 0.0 0.55
147 0.01 0.0 0.55
148 0.02 0.0 0.55
149 0.04 0.0 0.55
150 0.055 0.0 0.54375
151 0.07 0.0 0.5375
152 0.085 0.0 0.5375
153 0.1 0.0 0.5375
