0 0.26 0.0 0.0
1 0.26 0.0 0.0
2 0.26 0.0 0.0
3 0.26 0.0 0.0
4 0.26 0.0 0.0
5 0.26 0.0 0.0
6 0.26 0.0 0.0
7 0.26 -0.05 0.0
8 0.26 -0.1 0.0
9 0.26 -0.2 0.0
10 0.26 -0.25 0.0
11 0.26 -0.3 0.0
12 0.26 -0.4 0.0
13 0.26 -0.4 0.01875
14 0.26 -0.4 0.1375
15 0.26 -0.4 0.25
16 0.26 -0.4 0.33125
17 0.26 -0.4 0.34375
18 0.26 -0.4 0.3625
19 0.0 0.0 0.35625
20 0.0 0.0 0.218166666667
21 0.0 0.0 0.125
22 0.0 0.0 0.0335833333333
23 0.005 0.0 0.03125
24 0.01 0.0 0.03125
25 0.01 0.0 0.03125
26 0.015 0.0 0.03125
27 0.04 0.0 0.03
28 0.07 0.0 0.025
29 0.095 0.0 0.03125
30 0.12 0.0 0.04375
31 0.145 0.0 0.01275
32 0.175 0.0 0.00625
33 0.205 0.0 0.0
34 0.235 0.0 0.0
35 0.26 0.0 0.0195833333333
36 0.26 0.0 0.00625
37 0.26 0.0 0.0
38 0.26 0.0 0.0
39 0.26 0.0 0.0
40 0.26 0.0 0.0
41 0.26 0.0 0.0
42 0.26 0.0 0.0
43 0.26 0.0 0.0
44 0.26 0.0 0.0
45 0.26 0.0 0.0
46 0.26 0.0 0.0
47 0.26 0.0 0.0
48 0.26 0.0 0.0
49 0.26 0.1 0.0
50 0.26 0.1 0.0
51 0.26 0.15 0.0
52 0.26 0.2 0.0
53 0.26 0.25 0.0
54 0.26 0.3 0.00625
55 0.26 0.3 0.09375
56 0.26 0.4 0.175
57 0.26 0.4 0.28125
58 0.26 0.4 0.30625
59 0.26 0.4 0.3
60 0.26 0.4 0.29375
61 0.0 0.0 0.293083333333
62 0.0 0.0 0.25
63 0.0 0.0 0.075
64 0.0 0.0 0.08125
65 0.0 0.0 0.16875
66 0.0 0.0 0.1625
67 0.005 0.0 0.1625
68 0.01 0.0 0.1625
69 0.01 0.0 0.15625
70 0.02 0.0 0.15625
71 0.05 0.0 0.15625
72 0.08 0.0 0.15
73 0.11 0.0 0.15
74 0.14 0.0 0.15625
75 0.17 0.0 0.16875
76 0.2 0.0 0.1625
77 0.225 0.0 0.15625
78 0.255 0.0 0.1625
79 0.26 0.0 0.15625
80 0.26 0.0 0.15
81 0.26 0.0 0.14375
82 0.26 0.0 0.14375
83 0.26 0.0 0.1375
84 0.26 0.0 0.13125
85 0.26 0.0 0.13125
86 0.26 0.0 0.125
87 0.26 0.0 0.11875
88 0.26 0.0 0.1125
89 0.26 0.0 0.10625
90 0.26 0.0 0.1
91 0.26 0.0 0.09375
92 0.26 0.0 0.0875
93 0.26 0.0 0.08125
94 0.26 0.0 0.075
95 0.26 0.0 0.06875
96 0.26 0.0 0.0625
97 0.26 0.0 0.05625
98 0.26 0.0 0.04375
99 0.26 0.0 0.0375
100 0.26 0.0 0.03125
101 0.26 0.0 0.01875
102 0.26 0.0 0.0125
103 0.26 0.0 0.00625
104 0.26 0.0 0.0
105 0.26 0.0 0.0
106 0.26 0.0 0.0
107 0.26 0.0 0.0
108 0.26 0.0 0.0
109 0.26 0.0 0.0
110 0.26 0.0 0.0
111 0.26 0.0 0.0
112 0.26 0.0 0.0
113 0.26 0.0 0.0
114 0.26 0.0 0.0
115 0.26 0.0 0.0
116 0.26 0.0 0.0
117 0.26 0.0 0.0
118 0.26 0.0 0.0
119 0.26 0.0 0.0
120 0.26 0.05 0.0
121 0.26 0.1 0.0
122 0.26 0.2 0.0
123 0.26 0.25 0.0
124 0.26 0.35 0.0
125 0.26 0.4 0.0
126 0.26 0.4 0.0
127 0.26 0.4 0.0
128 0.26 0.4 0.0
129 0.26 0.4 0.0
130 0.26 0.4 0.0
131 0.26 0.4 0.0
132 0.26 0.4 0.0
133 0.26 0.4 0.0
134 0.0 0.0 0.0
135 0.0 0.0 0.0
136 0.0 0.0 0.0
137 0.005 0.0 0.0
138 0.01 0.0 0.0
139 0.01 0.0 0.0
140 0.025 0.0 0.0
141 0.05 0.0 0.0
142 0.08 0.0 0.0
143 0.105 0.0 0.0
144 0.13 0.0 0.0
145 0.155 0.0 0.0
146 0.185 0.0 0.0
147 0.21 0.0 0.0
148 0.235 0.0 0.0
149 0.26 0.0 0.0
150 0.26 0.0 0.0
151 0.26 0.0 0.0
152 0.26 0.0 0.0
153 0.26 0.0 0.0
154 0.26 0.0 0.0
155 0.26 0.0 0.0
156 0.26 0.0 0.0
157 0.26 0.0 0.0
158 0.26 0.0 0.0
159 0.26 0.0 0.0
160 0.26 0.0 0.0
161 0.26 0.0 0.0
162 0.26 0.0 0.0
163 0.26 0.0 0.0
164 0.26 0.0 0.0
165 0.26 0.0 0.0
166 0.26 0.0 0.0
167 0.26 -0.1 0.0
168 0.26 -0.1 0.0
169 0.26 -0.2 0.0
170 0.26 -0.25 0.0
171 0.26 -0.3 0.0
172 0.26 -0.4 0.0
173 0.26 -0.4 0.0
174 0.26 -0.4 0.0
175 0.26 -0.4 0.0
176 0.26 -0.4 0.0
177 0.26 -0.4 0.0
178 0.26 -0.4 0.08125
179 0.26 -0.4 0.18125
180 0.26 -0.4 0.31875
181 0.0 0.0 0.4125
182 0.0 0.0 0.4
183 0.0 0.0 0.275
184 0.0 0.0 0.10625
185 0.0 -0.1 0.04375
186 0.0 -0.1 0.04375
187 0.0 -0.1 0.08125
188 0.0 -0.35 0.10625
189 0.0 -0.65 0.175
190 0.0 -0.75 0.2875
191 0.0 -0.85 0.5
192 0.0 0.0 0.71875
193 0.0 0.0 0.75
194 0.01 0.0 0.75
195 0.01 0.0 0.75
196 0.01 0.0 0.75
197 0.035 0.0 0.75
198 0.06 0.0 0.75
199 0.09 0.0 0.75
200 0.12 0.0 0.75
201 0.145 0.0 0.75
202 0.17 0.0 0.75
203 0.195 0.0 0.75
204 0.225 0.0 0.75
205 0.25 0.0 0.75
206 0.26 0.0 0.75
