0 0.26 -2.77555756156e-17 0.291666666667
1 0.26 -2.77555756156e-17 0.291666666667
2 0.26 -2.77555756156e-17 0.291666666667
3 0.26 -2.77555756156e-17 0.291666666667
4 0.26 -2.77555756156e-17 0.291666666667
5 0.26 -2.77555756156e-17 0.291666666667
6 0.26 -2.77555756156e-17 0.291666666667
7 0.26 -2.77555756156e-17 0.291666666667
8 0.26 -2.77555756156e-17 0.291666666667
9 0.26 -2.77555756156e-17 0.291666666667
10 0.26 -2.77555756156e-17 0.291666666667
11 0.26 -2.77555756156e-17 0.291666666667
12 0.26 -2.77555756156e-17 0.25875
13 0.26 -2.77555756156e-17 0.257166666667
14 0.26 -2.77555756156e-17 0.25625
15 0.26 -2.77555756156e-17 0.253833333333
16 0.26 -2.77555756156e-17 0.25375
17 0.26 -2.77555756156e-17 0.2525
18 0.26 -2.77555756156e-17 0.251416666667
19 0.26 -2.77555756156e-17 0.251
20 0.26 -2.77555756156e-17 0.251416666667
21 0.26 -2.77555756156e-17 0.2515
22 0.26 -2.77555756156e-17 0.250916666667
23 0.26 -2.77555756156e-17 0.25025
24 0.26 -2.77555756156e-17 0.250583333333
25 0.26 -2.77555756156e-17 0.2505
26 0.26 0.05 0.250583333333
27 0.26 0.1 0.251166666667
28 0.26 0.1 0.251
29 0.26 0.2 0.250083333333
30 0.26 0.2 0.250333333333
31 0.26 0.25 0.249833333333
32 0.26 0.3 0.250916666667
33 0.26 0.35 0.250416666667
34 0.26 0.4 0.250333333333
35 0.26 0.4 0.255583333333
36 0.26 0.4 0.26075
37 0.26 0.4 0.269583333333
38 0.26 0.4 0.27025
39 0.26 0.4 0.27125
40 0.26 0.4 0.27125
41 0.26 0.4 0.271583333333
42 0.26 0.4 0.2795
43 0.26 0.4 0.281
44 0.26 0.4 0.284666666667
45 0.26 0.4 0.291666666667
46 0.26 0.4 0.291666666667
47 0.26 0.4 0.291666666667
48 0.26 0.4 0.291666666667
49 0.26 0.4 0.291666666667
50 0.26 0.4 0.291666666667
51 0.26 0.4 0.291666666667
52 0.26 0.4 0.291666666667
53 0.26 0.4 0.291666666667
54 0.26 0.4 0.291666666667
55 0.26 0.4 0.291666666667
56 0.26 0.4 0.291666666667
57 0.26 0.4 0.291666666667
58 0.26 0.4 0.291666666667
59 0.26 0.4 0.291666666667
60 0.26 0.4 0.291666666667
61 0.26 0.4 0.291666666667
62 0.26 0.4 0.291666666667
63 0.26 0.4 0.291666666667
64 0.26 0.4 0.291666666667
65 0.26 0.4 0.291666666667
66 0.26 0.4 0.291666666667
67 0.26 0.4 0.291666666667
68 0.26 0.4 0.291666666667
69 0.26 0.35 0.291666666667
70 0.26 0.3 0.291666666667
71 0.26 0.3 0.291666666667
72 0.26 0.2 0.291666666667
73 0.26 0.2 0.291666666667
74 0.26 0.1 0.291666666667
75 0.26 0.1 0.291666666667
76 0.26 0.05 0.291666666667
77 0.26 2.77555756156e-17 0.291666666667
78 0.26 2.77555756156e-17 0.291666666667
79 0.26 2.77555756156e-17 0.291666666667
80 0.26 2.77555756156e-17 0.291666666667
81 0.26 2.77555756156e-17 0.291666666667
82 0.26 2.77555756156e-17 0.291666666667
83 0.26 2.77555756156e-17 0.291666666667
84 0.26 2.77555756156e-17 0.291666666667
85 0.26 2.77555756156e-17 0.291666666667
86 0.26 2.77555756156e-17 0.291666666667
87 0.26 2.77555756156e-17 0.291666666667
88 0.26 2.77555756156e-17 0.291666666667
89 0.26 2.77555756156e-17 0.291666666667
90 0.26 2.77555756156e-17 0.291666666667
91 0.26 2.77555756156e-17 0.291666666667
92 0.26 2.77555756156e-17 0.291666666667
93 0.26 2.77555756156e-17 0.291666666667
94 0.26 2.77555756156e-17 0.291666666667
95 0.26 2.77555756156e-17 0.291666666667
96 0.26 2.77555756156e-17 0.291666666667
97 0.26 2.77555756156e-17 0.291666666667
98 0.26 2.77555756156e-17 0.291666666667
99 0.26 2.77555756156e-17 0.291666666667
100 0.26 2.77555756156e-17 0.291666666667
101 0.26 2.77555756156e-17 0.291666666667
102 0.26 2.77555756156e-17 0.291666666667
103 0.26 2.77555756156e-17 0.291666666667
104 0.26 2.77555756156e-17 0.291666666667
105 0.26 2.77555756156e-17 0.291666666667
106 0.26 2.77555756156e-17 0.291666666667
107 0.26 2.77555756156e-17 0.291666666667
108 0.26 2.77555756156e-17 0.291666666667
109 0.26 2.77555756156e-17 0.291666666667
110 0.26 2.77555756156e-17 0.291666666667
111 0.26 2.77555756156e-17 0.291666666667
112 0.26 2.77555756156e-17 0.291666666667
113 0.26 2.77555756156e-17 0.291666666667
114 0.26 2.77555756156e-17 0.291666666667
115 0.26 2.77555756156e-17 0.291666666667
116 0.26 2.77555756156e-17 0.291666666667
117 0.26 2.77555756156e-17 0.291666666667
118 0.26 2.77555756156e-17 0.291666666667
119 0.26 2.77555756156e-17 0.291666666667
120 0.26 2.77555756156e-17 0.291666666667
121 0.26 2.77555756156e-17 0.291666666667
122 0.26 2.77555756156e-17 0.291666666667
123 0.26 2.77555756156e-17 0.291666666667
124 0.26 2.77555756156e-17 0.291666666667
125 0.26 2.77555756156e-17 0.291666666667
126 0.26 2.77555756156e-17 0.291666666667
127 0.26 -0.1 0.291666666667
128 0.26 -0.1 0.291666666667
129 0.26 -0.15 0.291666666667
130 0.26 -0.2 0.291666666667
131 0.26 -0.2 0.291666666667
132 0.26 -0.25 0.291666666667
133 0.26 -0.3 0.291666666667
134 0.26 -0.3 0.291666666667
135 0.26 -0.3 0.291666666667
136 0.26 -0.4 0.291666666667
137 0.26 -0.4 0.291666666667
138 0.26 -0.4 0.291666666667
139 0.26 -0.4 0.291666666667
140 0.26 -0.4 0.291666666667
141 0.26 -0.4 0.291666666667
142 0.26 -0.4 0.291666666667
143 0.26 -0.4 0.291666666667
144 0.26 -0.4 0.291666666667
145 0.26 -0.4 0.291666666667
146 0.26 -0.35 0.291666666667
147 0.26 -0.3 0.291666666667
148 0.26 -0.3 0.291666666667
149 0.26 -0.3 0.291666666667
150 0.26 -0.3 0.291666666667
151 0.26 -0.3 0.291666666667
152 0.26 -0.25 0.291666666667
153 0.26 -0.2 0.291666666667
154 0.26 -0.2 0.291666666667
155 0.26 -0.15 0.291666666667
156 0.26 -0.1 0.291666666667
157 0.26 -0.1 0.291666666667
158 0.26 -0.1 0.291666666667
159 0.26 -0.1 0.291666666667
160 0.26 -0.1 0.291666666667
161 0.26 -0.1 0.291666666667
162 0.26 -0.1 0.291666666667
163 0.26 -0.1 0.291666666667
164 0.26 -0.1 0.291666666667
165 0.26 -0.1 0.291666666667
166 0.26 -0.1 0.291666666667
167 0.26 -0.1 0.291666666667
168 0.26 -0.1 0.291666666667
169 0.26 -0.1 0.291666666667
170 0.26 -0.05 0.291666666667
171 0.26 -2.77555756156e-17 0.291666666667
172 0.26 -2.77555756156e-17 0.291666666667
173 0.26 -2.77555756156e-17 0.291666666667
174 0.26 -2.77555756156e-17 0.291666666667
175 0.26 -2.77555756156e-17 0.291666666667
176 0.26 -2.77555756156e-17 0.291666666667
177 0.26 -2.77555756156e-17 0.291666666667
178 0.26 -2.77555756156e-17 0.291666666667
179 0.26 -2.77555756156e-17 0.291666666667
180 0.26 -2.77555756156e-17 0.291666666667
181 0.26 -2.77555756156e-17 0.291666666667
182 0.26 -2.77555756156e-17 0.291333333333
183 0.26 -2.77555756156e-17 0.29125
184 0.26 -2.77555756156e-17 0.29025
185 0.26 0.05 0.29
186 0.26 0.1 0.287
187 0.26 0.1 0.282583333333
188 0.26 0.1 0.28175
189 0.26 0.1 0.281333333333
190 0.26 0.1 0.2815
191 0.26 0.1 0.280833333333
192 0.26 0.1 0.28075
193 0.26 0.1 0.281166666667
194 0.26 0.1 0.28125
195 0.26 0.1 0.280833333333
196 0.26 0.1 0.280666666667
197 0.26 0.1 0.281583333333
198 0.26 0.1 0.28325
199 0.26 0.1 0.285
200 0.26 0.1 0.28875
201 0.26 0.1 0.290666666667
202 0.26 0.1 0.29125
203 0.26 0.1 0.291583333333
204 0.26 0.1 0.291666666667
205 0.26 0.1 0.291666666667
206 0.26 0.1 0.291666666667
207 0.26 0.1 0.291666666667
208 0.26 0.1 0.291666666667
209 0.26 0.05 0.291666666667
210 0.26 -2.77555756156e-17 0.291666666667
211 0.26 -0.05 0.291666666667
212 0.26 -0.1 0.291666666667
213 0.26 -0.1 0.291666666667
214 0.26 -0.1 0.291666666667
215 0.26 -0.1 0.291666666667
216 0.26 -0.1 0.291666666667
217 0.26 -0.2 0.291666666667
218 0.26 -0.25 0.291416666667
219 0.26 -0.35 0.284416666667
220 0.26 -0.4 0.280083333333
221 0.26 -0.4 0.280166666667
222 0.26 -0.4 0.274583333333
223 0.26 -0.4 0.269166666667
224 0.26 -0.4 0.269416666667
225 0.26 -0.4 0.2695
226 0.26 -0.4 0.259666666667
227 0.26 -0.4 0.253583333333
228 0.26 -0.4 0.246416666667
229 0.26 -0.4 0.245666666667
230 0.26 -0.4 0.245
231 0.26 -0.4 0.244833333333
232 0.26 -0.4 0.254
233 0.26 -0.4 0.24725
234 0.26 -0.4 0.248833333333
235 0.26 -0.4 0.248083333333
236 0.26 -0.4 0.248083333333
237 0.26 -0.4 0.248166666667
238 0.26 -0.4 0.255
239 0.26 -0.4 0.264583333333
240 0.26 -0.4 0.264166666667
241 0.26 -0.4 0.264083333333
242 0.26 -0.4 0.254166666667
243 0.26 -0.4 0.24775
244 0.26 -0.4 0.240916666667
245 0.26 -0.45 0.249666666667
246 0.26 -0.5 0.265416666667
247 0.26 -0.6 0.265916666667
248 0.26 -0.65 0.265416666667
249 0.26 -0.7 0.263666666667
250 0.26 -0.7 0.24925
251 0.26 -0.7 0.23475
252 0.26 -0.7 0.252833333333
253 0.26 -0.7 0.260916666667
254 0.26 -0.7 0.260416666667
255 0.26 -0.7 0.258916666667
256 0.26 -0.7 0.25875
257 0.26 -0.7 0.273583333333
258 0.26 -0.7 0.278833333333
259 0.26 -0.7 0.291666666667
260 0.26 -0.7 0.291666666667
261 0.26 -0.7 0.291666666667
262 0.26 -0.65 0.291666666667
263 0.26 -0.6 0.291666666667
264 0.26 -0.55 0.2835
265 0.26 -0.5 0.278916666667
266 0.26 -0.45 0.278583333333
267 0.26 -0.4 0.277916666667
268 0.26 -0.3 0.26575
269 0.26 -0.3 0.25675
270 0.26 -0.25 0.254083333333
271 0.26 -0.2 0.252583333333
272 0.26 -0.1 0.249416666667
273 0.26 -0.1 0.245833333333
274 0.26 -0.05 0.242083333333
275 0.26 -2.77555756156e-17 0.24025
276 0.26 -2.77555756156e-17 0.239916666667
277 0.26 -2.77555756156e-17 0.241
278 0.26 -2.77555756156e-17 0.240833333333
279 0.26 -2.77555756156e-17 0.23975
280 0.26 -2.77555756156e-17 0.240583333333
281 0.26 -2.77555756156e-17 0.240416666667
282 0.26 -2.77555756156e-17 0.240583333333
283 0.26 -2.77555756156e-17 0.2405
284 0.26 -2.77555756156e-17 0.24075
285 0.26 -2.77555756156e-17 0.241416666667
286 0.26 -2.77555756156e-17 0.241166666667
287 0.26 -2.77555756156e-17 0.242166666667
288 0.26 -2.77555756156e-17 0.243583333333
289 0.26 -2.77555756156e-17 0.244
290 0.26 -2.77555756156e-17 0.244666666667
291 0.26 -2.77555756156e-17 0.246
292 0.26 -2.77555756156e-17 0.247583333333
293 0.26 -2.77555756156e-17 0.249583333333
294 0.26 -2.77555756156e-17 0.249166666667
295 0.26 -2.77555756156e-17 0.249083333333
296 0.26 -2.77555756156e-17 0.249166666667
297 0.26 -2.77555756156e-17 0.2475
298 0.26 -2.77555756156e-17 0.247
299 0.26 -2.77555756156e-17 0.246583333333
300 0.26 -2.77555756156e-17 0.244666666667
301 0.26 0.05 0.24225
302 0.26 0.1 0.2415
303 0.26 0.15 0.243916666667
304 0.26 0.2 0.245583333333
305 0.26 0.2 0.24675
306 0.26 0.2 0.247583333333
307 0.26 0.2 0.248333333333
308 0.26 0.2 0.252
309 0.26 0.2 0.25775
310 0.26 0.2 0.258666666667
311 0.26 0.2 0.26525
312 0.26 0.2 0.27125
313 0.26 0.2 0.278916666667
314 0.26 0.2 0.2875
315 0.26 0.2 0.291666666667
316 0.26 0.2 0.291666666667
317 0.26 0.2 0.291666666667
318 0.26 0.2 0.291666666667
319 0.26 0.2 0.289416666667
320 0.26 0.2 0.281916666667
321 0.26 0.2 0.28125
322 0.26 0.2 0.28075
323 0.26 0.2 0.281166666667
324 0.26 0.1 0.281
325 0.26 0.05 0.281083333333
326 0.26 -2.77555756156e-17 0.28075
327 0.26 -2.77555756156e-17 0.28025
328 0.26 -2.77555756156e-17 0.27875
329 0.26 -2.77555756156e-17 0.275333333333
330 0.26 -2.77555756156e-17 0.273916666667
331 0.26 -2.77555756156e-17 0.271583333333
332 0.26 -2.77555756156e-17 0.27025
333 0.26 -2.77555756156e-17 0.269833333333
334 0.26 -2.77555756156e-17 0.269333333333
335 0.26 -2.77555756156e-17 0.269666666667
336 0.26 -2.77555756156e-17 0.269666666667
337 0.26 -2.77555756156e-17 0.269
338 0.26 -2.77555756156e-17 0.269333333333
339 0.26 -2.77555756156e-17 0.269
340 0.26 -2.77555756156e-17 0.26925
341 0.26 -2.77555756156e-17 0.269166666667
342 0.26 0.05 0.268833333333
343 0.26 0.1 0.268833333333
344 0.26 0.1 0.268666666667
345 0.26 0.1 0.268583333333
346 0.26 0.1 0.268416666667
347 0.26 0.1 0.26825
348 0.26 0.1 0.268333333333
349 0.26 0.1 0.2685
350 0.26 0.1 0.269166666667
351 0.26 0.15 0.269166666667
352 0.26 0.2 0.269333333333
353 0.26 0.2 0.268583333333
354 0.26 0.2 0.269833333333
355 0.26 0.2 0.268583333333
356 0.26 0.2 0.264666666667
357 0.26 0.2 0.257416666667
358 0.26 0.2 0.2505
359 0.26 0.2 0.248833333333
360 0.26 0.2 0.249666666667
361 0.26 0.2 0.248916666667
362 0.26 0.2 0.249083333333
363 0.26 0.2 0.249583333333
364 0.26 0.3 0.250166666667
365 0.26 0.35 0.24925
366 0.26 0.4 0.250583333333
367 0.26 0.4 0.262166666667
368 0.26 0.4 0.2655
369 0.26 0.4 0.253916666667
370 0.26 0.4 0.253916666667
371 0.26 0.5 0.253833333333
372 0.26 0.55 0.253916666667
373 0.26 0.6 0.255
374 0.26 0.6 0.269333333333
375 0.26 0.6 0.265583333333
376 0.26 0.6 0.25375
377 0.26 0.6 0.248416666667
378 0.26 0.6 0.249333333333
379 0.26 0.6 0.263916666667
380 0.26 0.6 0.267
381 0.26 0.6 0.25525
382 0.26 0.6 0.248666666667
383 0.26 0.6 0.242666666667
384 0.26 0.6 0.25425
385 0.26 0.6 0.264666666667
386 0.26 0.6 0.267583333333
387 0.26 0.6 0.267666666667
388 0.26 0.6 0.26825
389 0.26 0.6 0.268166666667
390 0.26 0.6 0.278916666667
391 0.26 0.6 0.285666666667
392 0.26 0.6 0.291666666667
393 0.26 0.6 0.291666666667
394 0.26 0.6 0.291666666667
395 0.26 0.6 0.291666666667
396 0.26 0.6 0.291666666667
397 0.26 0.6 0.291666666667
398 0.26 0.6 0.291666666667
399 0.26 0.6 0.291666666667
400 0.26 0.6 0.291666666667
401 0.26 0.6 0.291666666667
402 0.26 0.55 0.291666666667
403 0.26 0.5 0.291666666667
404 0.26 0.45 0.291666666667
405 0.26 0.35 0.291666666667
406 0.26 0.3 0.291666666667
407 0.26 0.3 0.291666666667
408 0.26 0.3 0.291666666667
409 0.26 0.3 0.291666666667
410 0.26 0.3 0.291666666667
411 0.26 0.2 0.291666666667
412 0.26 0.2 0.291666666667
413 0.26 0.1 0.291666666667
414 0.26 0.1 0.291666666667
415 0.26 0.1 0.291666666667
416 0.26 0.05 0.291666666667
417 0.26 2.77555756156e-17 0.291666666667
418 0.26 2.77555756156e-17 0.291666666667
419 0.26 2.77555756156e-17 0.291666666667
420 0.26 2.77555756156e-17 0.291666666667
421 0.26 2.77555756156e-17 0.291666666667
422 0.26 2.77555756156e-17 0.291666666667
423 0.26 2.77555756156e-17 0.291666666667
424 0.26 2.77555756156e-17 0.291666666667
425 0.26 2.77555756156e-17 0.291666666667
426 0.26 2.77555756156e-17 0.291666666667
427 0.26 2.77555756156e-17 0.291666666667
428 0.26 2.77555756156e-17 0.291666666667
429 0.26 2.77555756156e-17 0.291666666667
430 0.26 2.77555756156e-17 0.291666666667
431 0.26 2.77555756156e-17 0.291666666667
432 0.26 2.77555756156e-17 0.291666666667
433 0.26 2.77555756156e-17 0.291666666667
434 0.26 2.77555756156e-17 0.291666666667
435 0.26 2.77555756156e-17 0.291666666667
436 0.26 2.77555756156e-17 0.291666666667
437 0.26 2.77555756156e-17 0.291666666667
438 0.26 2.77555756156e-17 0.291666666667
439 0.26 2.77555756156e-17 0.291666666667
440 0.26 2.77555756156e-17 0.291666666667
441 0.26 2.77555756156e-17 0.291666666667
442 0.26 2.77555756156e-17 0.291666666667
443 0.26 2.77555756156e-17 0.291666666667
444 0.26 2.77555756156e-17 0.291666666667
445 0.26 2.77555756156e-17 0.291666666667
446 0.26 2.77555756156e-17 0.291666666667
447 0.26 2.77555756156e-17 0.291666666667
448 0.26 2.77555756156e-17 0.291666666667
449 0.26 2.77555756156e-17 0.291666666667
450 0.26 2.77555756156e-17 0.291666666667
451 0.26 2.77555756156e-17 0.291666666667
452 0.26 2.77555756156e-17 0.291666666667
453 0.26 2.77555756156e-17 0.291666666667
454 0.26 2.77555756156e-17 0.291666666667
455 0.26 2.77555756156e-17 0.291666666667
456 0.26 2.77555756156e-17 0.291666666667
457 0.26 2.77555756156e-17 0.291666666667
458 0.26 2.77555756156e-17 0.291666666667
459 0.26 2.77555756156e-17 0.291666666667
460 0.26 -0.05 0.291666666667
461 0.26 -0.1 0.291666666667
462 0.26 -0.1 0.290916666667
463 0.26 -0.1 0.28975
464 0.26 -0.1 0.287833333333
465 0.26 -0.1 0.285916666667
466 0.26 -0.1 0.285916666667
467 0.26 -0.1 0.284
468 0.26 -0.1 0.282083333333
469 0.26 -0.1 0.282083333333
470 0.26 -0.1 0.280166666667
471 0.26 -0.1 0.280166666667
472 0.26 -0.1 0.27825
473 0.26 -0.1 0.27825
474 0.26 -0.1 0.27825
475 0.26 -0.1 0.276333333333
476 0.26 -0.1 0.276333333333
477 0.26 -0.1 0.276333333333
478 0.26 -0.1 0.276333333333
479 0.26 -0.1 0.274416666667
480 0.26 -0.1 0.274416666667
481 0.26 -0.1 0.274416666667
482 0.26 -0.1 0.274416666667
483 0.26 -0.1 0.274416666667
484 0.26 -0.1 0.274416666667
485 0.26 -0.1 0.274416666667
486 0.26 -0.1 0.274416666667
487 0.26 -0.1 0.274416666667
488 0.26 -0.1 0.274416666667
489 0.26 -0.1 0.274416666667
490 0.26 -0.1 0.274416666667
491 0.26 -0.1 0.274416666667
492 0.26 -0.1 0.274416666667
493 0.26 -0.2 0.274416666667
494 0.26 -0.2 0.276333333333
495 0.26 -0.25 0.280166666667
496 0.26 -0.3 0.282083333333
497 0.26 -0.3 0.285916666667
498 0.26 -0.35 0.291666666667
499 0.26 -0.4 0.291666666667
500 0.26 -0.4 0.291666666667
501 0.26 -0.4 0.291666666667
502 0.26 -0.4 0.291666666667
503 0.26 -0.4 0.291666666667
504 0.26 -0.4 0.291666666667
505 0.26 -0.35 0.291666666667
506 0.26 -0.3 0.291666666667
507 0.26 -0.2 0.291666666667
508 0.26 -0.15 0.291666666667
509 0.26 -0.1 0.291666666667
510 0.26 -0.1 0.291666666667
511 0.26 -0.1 0.291666666667
512 0.26 -0.1 0.291666666667
513 0.26 -0.1 0.291666666667
514 0.26 -0.1 0.291666666667
515 0.26 -2.77555756156e-17 0.291666666667
516 0.26 -2.77555756156e-17 0.291666666667
517 0.26 -2.77555756156e-17 0.291666666667
518 0.26 -2.77555756156e-17 0.291666666667
519 0.26 -2.77555756156e-17 0.291666666667
520 0.26 -2.77555756156e-17 0.291666666667
521 0.26 -2.77555756156e-17 0.291666666667
522 0.26 -2.77555756156e-17 0.291666666667
523 0.26 -2.77555756156e-17 0.291666666667
524 0.26 -2.77555756156e-17 0.291666666667
525 0.26 -2.77555756156e-17 0.291666666667
526 0.26 -2.77555756156e-17 0.291666666667
527 0.26 -0.1 0.291666666667
528 0.26 -0.1 0.291666666667
529 0.26 -0.1 0.291666666667
530 0.26 -0.1 0.291666666667
531 0.26 -0.1 0.291666666667
532 0.26 -0.1 0.291666666667
533 0.26 -0.1 0.291666666667
534 0.26 -0.1 0.291666666667
535 0.26 -0.1 0.291666666667
536 0.26 -0.1 0.291666666667
537 0.26 -0.1 0.291666666667
538 0.26 -0.1 0.291666666667
539 0.26 -0.1 0.291666666667
540 0.26 -0.1 0.291666666667
541 0.26 -0.1 0.291666666667
542 0.26 -0.1 0.291666666667
543 0.26 -0.1 0.291666666667
544 0.26 -0.1 0.291666666667
545 0.26 -0.1 0.291666666667
546 0.26 -0.1 0.291666666667
547 0.26 -0.1 0.291666666667
548 0.26 -0.1 0.291666666667
549 0.26 -0.1 0.291666666667
550 0.26 -0.05 0.291666666667
551 0.26 -2.77555756156e-17 0.291666666667
552 0.26 -2.77555756156e-17 0.291666666667
553 0.26 -2.77555756156e-17 0.291666666667
554 0.26 -0.05 0.291666666667
555 0.26 -0.1 0.291666666667
556 0.26 -0.1 0.291666666667
557 0.26 -0.1 0.291666666667
558 0.26 -0.1 0.291666666667
559 0.26 -0.1 0.291666666667
560 0.26 -0.1 0.291666666667
561 0.26 -0.1 0.291666666667
562 0.26 -0.1 0.291666666667
563 0.26 -0.1 0.291666666667
564 0.26 -0.1 0.291666666667
565 0.26 -0.1 0.291666666667
566 0.26 -0.1 0.291666666667
567 0.26 -0.1 0.291666666667
568 0.26 -0.1 0.291666666667
569 0.26 -0.1 0.291666666667
570 0.26 -0.1 0.291666666667
571 0.26 -0.1 0.291666666667
572 0.26 -0.05 0.291666666667
573 0.26 -2.77555756156e-17 0.291666666667
574 0.26 -2.77555756156e-17 0.291666666667
575 0.26 -2.77555756156e-17 0.291666666667
576 0.26 -0.05 0.291666666667
577 0.26 -0.1 0.291666666667
578 0.26 -0.15 0.291666666667
579 0.26 -0.2 0.291666666667
580 0.26 -0.2 0.291666666667
581 0.26 -0.2 0.291666666667
582 0.26 -0.2 0.291666666667
583 0.26 -0.2 0.291666666667
584 0.26 -0.2 0.291666666667
585 0.26 -0.2 0.291666666667
586 0.26 -0.2 0.291666666667
587 0.26 -0.15 0.291666666667
588 0.26 -0.1 0.291666666667
589 0.26 -2.77555756156e-17 0.291666666667
590 0.26 -2.77555756156e-17 0.291666666667
591 0.26 -2.77555756156e-17 0.291666666667
592 0.26 -2.77555756156e-17 0.291666666667
593 0.26 -2.77555756156e-17 0.291666666667
594 0.26 -2.77555756156e-17 0.291666666667
595 0.26 -2.77555756156e-17 0.291666666667
596 0.26 -2.77555756156e-17 0.291666666667
597 0.26 -2.77555756156e-17 0.291666666667
598 0.26 -2.77555756156e-17 0.291666666667
599 0.26 -2.77555756156e-17 0.291666666667
600 0.26 -2.77555756156e-17 0.291666666667
601 0.26 -2.77555756156e-17 0.291666666667
602 0.26 -2.77555756156e-17 0.291666666667
603 0.26 -2.77555756156e-17 0.291666666667
604 0.26 -2.77555756156e-17 0.291666666667
605 0.26 -2.77555756156e-17 0.291666666667
606 0.26 -2.77555756156e-17 0.291666666667
607 0.26 -2.77555756156e-17 0.291666666667
608 0.26 -2.77555756156e-17 0.291666666667
609 0.26 -2.77555756156e-17 0.291666666667
610 0.26 -2.77555756156e-17 0.291666666667
611 0.26 -2.77555756156e-17 0.291666666667
612 0.26 -2.77555756156e-17 0.291666666667
613 0.26 -2.77555756156e-17 0.291666666667
614 0.26 -2.77555756156e-17 0.291666666667
615 0.26 -2.77555756156e-17 0.291666666667
616 0.26 -2.77555756156e-17 0.291666666667
617 0.26 -2.77555756156e-17 0.291666666667
618 0.26 -2.77555756156e-17 0.291666666667
619 0.26 -2.77555756156e-17 0.291666666667
620 0.26 -2.77555756156e-17 0.291666666667
621 0.26 -2.77555756156e-17 0.291666666667
622 0.26 -2.77555756156e-17 0.291666666667
623 0.26 -2.77555756156e-17 0.291666666667
624 0.26 -2.77555756156e-17 0.291666666667
625 0.26 -2.77555756156e-17 0.291666666667
626 0.26 -2.77555756156e-17 0.291666666667
627 0.26 -2.77555756156e-17 0.291666666667
628 0.26 -2.77555756156e-17 0.291666666667
629 0.26 -2.77555756156e-17 0.291666666667
630 0.26 -2.77555756156e-17 0.291666666667
631 0.26 -2.77555756156e-17 0.291666666667
632 0.26 -2.77555756156e-17 0.291666666667
633 0.26 -2.77555756156e-17 0.291666666667
634 0.26 -2.77555756156e-17 0.291666666667
635 0.26 -2.77555756156e-17 0.291666666667
636 0.26 -2.77555756156e-17 0.291666666667
637 0.26 -2.77555756156e-17 0.291666666667
638 0.26 -2.77555756156e-17 0.291666666667
