0 0.26 0.0 0.0
1 0.26 0.0 0.0
2 0.26 0.0 0.0
3 0.26 0.05 0.0
4 0.26 0.1 0.0
5 0.26 0.15 0.0
6 0.26 0.2 0.0
7 0.26 0.3 0.0
8 0.26 0.35 0.0
9 0.26 0.4 0.0
10 0.26 0.4 0.0931666666667
11 0.26 0.4 0.2625
12 0.26 0.4 0.34375
13 0.26 0.4 0.53125
14 0.26 0.4 0.65625
15 0.26 0.4 0.6125
16 0.26 0.4 0.5
17 0.0 0.0 0.4125
18 0.0 0.0 0.25
19 0.0 0.0 0.10625
20 0.01 0.0 0.0921666666667
21 0.01 0.0 0.0875
22 0.01 0.0 0.0875
23 0.04 0.0 0.0815
24 0.075 0.0 0.08125
25 0.11 0.0 0.075
26 0.15 0.0 0.1
27 0.18 0.0 0.0859166666667
28 0.205 0.0 0.06875
29 0.23 0.0 0.05625
30 0.26 0.0 0.0455
31 0.26 0.0 0.01875
32 0.26 0.0 0.0
33 0.26 0.0 0.0
34 0.26 0.0 0.0
35 0.26 0.0 0.0
36 0.26 0.0 0.0
37 0.26 0.0 0.0
38 0.26 0.0 0.0
39 0.26 0.0 0.0
40 0.26 0.0 0.0
41 0.26 0.0 0.0
42 0.26 0.0 0.0
43 0.26 0.0 0.0
44 0.26 0.0 0.0
45 0.26 0.0 0.0
46 0.26 0.0 0.0
47 0.26 0.0 0.0
48 0.26 0.0 0.0
49 0.26 0.0 0.0
50 0.26 0.0 0.0
51 0.26 0.0 0.0
52 0.26 0.0 0.0
53 0.26 0.0 0.0
54 0.26 0.0 0.0
55 0.26 0.0 0.0
56 0.26 0.0 0.0
57 0.26 0.0 0.0
58 0.26 0.0 0.0
59 0.26 0.0 0.0
60 0.26 0.0 0.0
61 0.26 0.0 0.0
62 0.26 0.0 0.0
63 0.26 0.0 0.0
64 0.26 0.0 0.0
65 0.26 -0.05 0.0
66 0.26 -0.1 0.0
67 0.26 -0.1 0.0
68 0.26 -0.1 0.0
69 0.26 -0.1 0.0
70 0.26 -0.1 0.0
71 0.26 -0.1 0.0
72 0.26 -0.1 0.0
73 0.26 -0.1 0.0
74 0.26 -0.1 0.0
75 0.26 -0.1 0.0
76 0.26 -0.1 0.0
77 0.26 -0.1 0.0
78 0.26 -0.1 0.0
79 0.26 -0.1 0.0
80 0.26 -0.1 0.0
81 0.26 -0.1 0.0
82 0.26 -0.1 0.0
83 0.26 -0.1 0.0
84 0.26 -0.1 0.0
85 0.26 -0.1 0.0
86 0.26 -0.1 0.0
87 0.26 -0.1 0.0
88 0.26 -0.1 0.0
89 0.26 -0.1 0.0
90 0.26 -0.1 0.0
91 0.26 -0.1 0.0
92 0.26 -0.1 0.0
93 0.26 -0.1 0.0
94 0.26 -0.1 0.0
95 0.26 -0.1 0.0
96 0.26 -0.1 0.0
97 0.26 -0.1 0.0
98 0.26 -0.1 0.0
99 0.26 -0.1 0.0
100 0.26 -0.1 0.0
101 0.26 -0.1 0.0
102 0.26 -0.1 0.0
103 0.26 -0.1 0.0
104 0.26 -0.1 0.0
105 0.26 -0.1 0.0
106 0.26 -0.1 0.0
107 0.26 -0.1 0.0
108 0.26 -0.1 0.0
109 0.26 -0.1 0.0
110 0.26 -0.1 0.0
111 0.26 -0.1 0.0
112 0.26 -0.1 0.0
113 0.26 -0.1 0.0
114 0.26 -0.1 0.0
115 0.26 -0.1 0.0
116 0.26 -0.15 0.0
117 0.26 -0.2 0.0
118 0.26 -0.2 0.0
119 0.26 -0.2 0.0
120 0.26 -0.2 0.0
121 0.26 -0.2 0.0
122 0.26 -0.2 0.0
123 0.26 -0.2 0.0
124 0.26 -0.2 0.0
125 0.26 -0.2 0.0
126 0.26 -0.2 0.0
127 0.26 -0.3 0.0
128 0.26 -0.3 0.0
129 0.26 -0.3 0.0
130 0.26 -0.3 0.0
131 0.26 -0.3 0.0
132 0.26 -0.3 0.0
133 0.26 -0.3 0.0
134 0.26 -0.3 0.0
135 0.26 -0.3 0.0
136 0.26 -0.3 0.0
137 0.26 -0.3 0.0
138 0.26 -0.4 0.0
139 0.26 -0.4 0.0
140 0.26 -0.4 0.0625
141 0.26 -0.4 0.131583333333
142 0.26 -0.4 0.157916666667
143 0.26 -0.4 0.179333333333
144 0.26 -0.4 0.258416666667
145 0.26 -0.4 0.3505
146 0.26 -0.4 0.376
147 0.0 0.0 0.452166666667
148 0.0 0.0 0.347583333333
149 0.0 0.0 0.189416666667
150 0.01 0.0 0.152083333333
151 0.01 -0.1 0.09375
152 0.01 -0.1 0.0
153 0.01 -0.2 0.0
154 0.01 -0.55 0.0
155 0.01 -0.75 0.0
156 0.01 -1.05 0.0
157 0.01 -1.2 0.06875
158 0.01 -1.3 0.165
159 0.01 -1.4 0.358333333333
160 0.0 0.0 0.75
161 0.005 0.0 0.75
162 0.01 0.0 0.75
163 0.01 0.0 0.75
164 0.035 0.0 0.75
165 0.06 0.0 0.75
166 0.095 0.0 0.75
167 0.12 0.0 0.75
168 0.145 0.0 0.75
169 0.18 0.0 0.75
170 0.21 0.0 0.75
171 0.23 0.1 0.75
172 0.235 0.1 0.75
173 0.245 0.1 0.75
174 0.255 0.1 0.75
175 0.26 0.1 0.75
176 0.26 0.1 0.749916666667
177 0.26 0.1 0.675416666667
178 0.26 0.05 0.571
179 0.26 0.0 0.50325
180 0.26 0.0 0.404666666667
181 0.26 0.0 0.302833333333
182 0.26 0.0 0.236416666667
183 0.26 0.0 0.0904166666667
184 0.26 0.0 0.0
185 0.26 0.0 0.0
186 0.26 0.0 0.0
187 0.26 0.0 0.0
188 0.26 0.0 0.0
189 0.26 0.0 0.0
190 0.26 0.0 0.0
191 0.26 0.0 0.0
192 0.26 0.0 0.0
193 0.26 0.0 0.0
194 0.26 0.0 0.0
195 0.26 0.0 0.0
196 0.26 0.0 0.0
197 0.26 0.0 0.0
198 0.26 0.0 0.0
199 0.26 0.0 0.0
200 0.26 0.0 0.0
201 0.26 0.0 0.0
202 0.26 0.0 0.0
203 0.26 0.0 0.0
204 0.26 0.0 0.0
205 0.26 0.0 0.0
206 0.26 0.0 0.0
207 0.26 0.0 0.0
208 0.26 0.0 0.0
209 0.26 0.0 0.0
210 0.26 0.0 0.0
211 0.26 0.0 0.0
212 0.26 0.0 0.0
213 0.26 0.0 0.0
214 0.26 0.0 0.0
215 0.26 0.0 0.0
216 0.26 0.0 0.0
217 0.26 0.0 0.0
218 0.26 0.0 0.0
219 0.26 0.0 0.0
220 0.26 0.0 0.0
221 0.26 0.0 0.0
222 0.26 0.0 0.0
223 0.26 0.0 0.0
224 0.26 0.0 0.0
225 0.26 0.0 0.0
226 0.26 0.0 0.0
227 0.26 0.0 0.0
228 0.26 0.0 0.0
229 0.26 0.0 0.0
230 0.26 -0.05 0.0
231 0.26 -0.1 0.0
232 0.26 -0.1 0.0
233 0.26 -0.3 0.0
234 0.26 -0.6 0.0
235 0.26 -0.75 0.0
236 0.26 -0.85 0.0
237 0.26 -1.0 0.0
238 0.26 -1.05 0.0
239 0.26 -1.2 0.233083333333
240 0.0 0.0 0.541
241 0.0 0.0 0.643
242 0.0 0.0 0.625
243 0.0 0.1 0.61875
244 0.0 0.1 0.65
245 0.0 0.1 0.66875
246 0.0 0.45 0.70625
247 0.0 0.55 0.614916666667
248 0.0 0.0 0.61175
249 0.0 0.0 0.47975
250 0.01 0.0 0.456083333333
251 0.01 0.0 0.450583333333
252 0.01 0.0 0.44975
253 0.035 0.0 0.449666666667
254 0.07 0.0 0.437833333333
255 0.1 0.0 0.443416666667
256 0.13 0.0 0.468416666667
257 0.165 0.0 0.4685
258 0.195 0.0 0.465166666667
259 0.225 0.0 0.448583333333
260 0.26 0.0 0.448083333333
261 0.26 0.0 0.436083333333
262 0.26 0.0 0.421166666667
263 0.26 0.0 0.407666666667
264 0.26 0.0 0.3885
265 0.26 0.0 0.38675
266 0.26 0.0 0.373083333333
267 0.26 0.0 0.359
268 0.26 0.0 0.345083333333
269 0.26 0.0 0.3315
270 0.26 0.0 0.324333333333
271 0.26 0.0 0.320416666667
272 0.26 0.0 0.310583333333
273 0.26 0.0 0.303916666667
274 0.26 0.0 0.300916666667
275 0.26 0.0 0.29025
276 0.26 0.0 0.283583333333
277 0.26 0.0 0.27375
278 0.26 0.0 0.26425
279 0.26 0.0 0.2575
280 0.26 0.0 0.244666666667
281 0.26 0.0 0.2445
282 0.26 0.0 0.236916666667
283 0.26 0.0 0.21925
284 0.26 0.0 0.225083333333
285 0.26 0.0 0.206333333333
286 0.26 0.0 0.200083333333
287 0.26 0.0 0.19375
288 0.26 0.0 0.19375
289 0.26 0.0 0.19375
290 0.26 0.0 0.125833333333
291 0.26 0.0 0.0745833333333
292 0.26 0.0 0.0126666666667
293 0.26 0.0 0.0
294 0.26 0.0 0.0
295 0.26 0.0 0.0
296 0.26 0.0 0.0
297 0.26 0.0 0.0
298 0.26 0.0 0.0
299 0.26 0.0 0.0
300 0.26 0.0 0.0
301 0.26 0.0 0.0
302 0.26 0.0 0.0
