0 0.26 0.0 0.0
1 0.26 0.0 0.0
2 0.26 0.0 0.0
3 0.26 0.0 0.0
4 0.26 0.0 0.0
5 0.26 0.0 0.0
6 0.26 0.0 0.0
7 0.26 0.0 0.0
8 0.26 -0.1 0.0
9 0.26 -0.15 0.0
10 0.26 -0.2 0.0
11 0.26 -0.2 0.0
12 0.26 -0.3 0.0
13 0.26 -0.3 0.0
14 0.26 -0.4 0.0
15 0.26 -0.4 0.0
16 0.26 -0.4 0.05625
17 0.26 -0.4 0.16875
18 0.26 -0.4 0.2635
19 0.26 -0.4 0.275
20 0.26 -0.4 0.2875
21 0.26 -0.4 0.30625
22 0.26 -0.4 0.268083333333
23 0.0 0.0 0.13125
24 0.0 0.0 0.0
25 0.0 0.0 0.0
26 0.005 0.0 0.0
27 0.01 0.0 0.0
28 0.01 0.0 0.0
29 0.015 0.0 0.0
30 0.04 0.0 0.0
31 0.065 0.0 0.0
32 0.09 0.0 0.0
33 0.12 0.0 0.0
34 0.145 0.0 0.0
35 0.17 0.0 0.0
36 0.195 0.0 0.0
37 0.225 0.0 0.0
38 0.25 0.0 0.0
39 0.26 0.0 0.0
40 0.26 0.0 0.0
41 0.26 0.0 0.0
42 0.26 0.0 0.0
43 0.26 0.05 0.0
44 0.26 0.1 0.0
45 0.26 0.15 0.0
46 0.26 0.2 0.0
47 0.26 0.25 0.0
48 0.26 0.3 0.0
49 0.26 0.35 0.0
50 0.26 0.4 0.0
51 0.26 0.4 0.0
52 0.26 0.4 0.0
53 0.26 0.4 0.0
54 0.26 0.4 0.0
55 0.26 0.4 0.0
56 0.26 0.4 0.0
57 0.26 0.4 0.01875
58 0.26 0.4 0.133583333333
59 0.26 0.4 0.24375
60 0.26 0.4 0.336833333333
61 0.26 0.4 0.325
62 0.26 0.4 0.323916666667
63 0.26 0.4 0.3125
64 0.26 0.4 0.29375
65 0.26 0.4 0.18125
66 0.26 0.4 0.075
67 0.0 0.0 0.00591666666667
68 0.0 0.0 0.18125
69 0.0 0.0 0.45
70 0.01 0.0 0.46875
71 0.01 -0.05 0.325
72 0.01 -0.1 0.20625
73 0.01 -0.1 0.15
74 0.01 -0.15 0.15
75 0.01 -0.4 0.1875
76 0.01 -0.65 0.2725
77 0.01 -0.8 0.3625
78 0.01 -0.85 0.45625
79 0.01 -0.95 0.4375
80 0.0 0.0 0.1875
81 0.0 0.0 0.03125
82 0.005 0.0 0.03125
83 0.01 0.0 0.03125
84 0.01 0.0 0.03125
85 0.02 0.0 0.03125
86 0.045 0.0 0.03125
87 0.07 0.0 0.03125
88 0.095 0.0 0.025
89 0.125 0.0 0.025
90 0.15 0.0 0.025
91 0.175 0.0 0.0375
92 0.2 0.0 0.04375
93 0.225 0.0 0.03125
94 0.255 0.0 0.03125
95 0.26 0.0 0.025
96 0.26 0.0 0.01875
97 0.26 0.0 0.0151666666667
98 0.26 0.0 0.00625
99 0.26 0.0 0.0
100 0.26 0.0 0.0
101 0.26 0.0 0.0
102 0.26 0.0 0.0
103 0.26 0.0 0.0
104 0.26 0.0 0.0
105 0.26 0.0 0.0
106 0.26 0.0 0.0
107 0.26 0.0 0.0
108 0.26 0.0 0.0
109 0.26 0.0 0.0
110 0.26 0.0 0.0
111 0.26 0.0 0.0
112 0.26 0.0 0.0
113 0.26 0.0 0.0
114 0.26 0.0 0.0
115 0.26 0.0 0.0
116 0.26 0.0 0.0
117 0.26 0.0 0.0
118 0.26 0.0 0.0
119 0.26 0.0 0.0
120 0.26 0.0 0.0
121 0.26 0.0 0.0
122 0.26 0.0 0.0
123 0.26 0.0 0.0
124 0.26 0.0 0.0
125 0.26 0.0 0.0
126 0.26 0.0 0.0
127 0.26 0.0 0.0
128 0.26 0.0 0.0
129 0.26 0.0 0.0
130 0.26 0.0 0.0
131 0.26 0.0 0.0
132 0.26 0.0 0.0
133 0.26 0.1 0.0
134 0.26 0.1 0.0
135 0.26 0.15 0.0
136 0.26 0.2 0.0
137 0.26 0.2 0.0
138 0.26 0.3 0.0
139 0.26 0.3 0.0
140 0.26 0.35 0.0
141 0.26 0.4 0.0
142 0.26 0.4 0.0
143 0.26 0.4 0.0
144 0.26 0.4 0.0
145 0.26 0.4 0.0
146 0.26 0.4 0.0
147 0.26 0.4 0.0
148 0.26 0.4 0.0
149 0.0 0.0 0.0
150 0.0 0.0 0.0
151 0.0 0.0 0.0
152 0.0 0.0 0.0
153 0.005 0.0 0.0
154 0.01 0.0 0.0
155 0.01 0.0 0.0
156 0.02 0.0 0.0
157 0.045 0.0 0.0
158 0.075 0.0 0.0
159 0.1 0.0 0.0
160 0.125 0.0 0.0
161 0.15 0.0 0.0
162 0.18 0.0 0.0
163 0.205 0.0 0.0
164 0.23 0.0 0.0
165 0.235 0.0 0.0
166 0.245 -0.1 0.0
167 0.25 -0.1 0.0
168 0.26 -0.1 0.0
169 0.26 -0.1 0.0
170 0.26 -0.1 0.0
171 0.26 -0.1 0.0
172 0.26 -0.1 0.0
173 0.26 -0.1 0.0
174 0.26 -0.1 0.0
175 0.26 -0.1 0.0
176 0.26 -0.1 0.0
177 0.26 -0.1 0.0
178 0.26 -0.1 0.0
179 0.26 -0.2 0.0
180 0.26 -0.2 0.0
181 0.26 -0.2 0.0
182 0.26 -0.2 0.0
183 0.26 -0.2 0.0
184 0.26 -0.2 0.0
185 0.26 -0.2 0.0
186 0.26 -0.2 0.0
187 0.26 -0.2 0.0
188 0.26 -0.2 0.0
189 0.26 -0.2 0.0
190 0.26 -0.2 0.0
191 0.26 -0.2 0.0
192 0.26 -0.2 0.0
193 0.26 -0.2 0.0
194 0.26 -0.2 0.0
195 0.26 -0.2 0.0
196 0.26 -0.2 0.0
197 0.26 -0.2 0.0
198 0.26 -0.2 0.0
199 0.26 -0.2 0.0
200 0.26 -0.2 0.0
201 0.26 -0.2 0.0125
202 0.26 -0.2 0.0625
203 0.26 -0.2 0.11875
204 0.26 -0.2 0.16875
205 0.26 -0.2 0.21875
206 0.26 -0.2 0.275
207 0.26 -0.2 0.33125
208 0.26 -0.2 0.38125
209 0.26 -0.2 0.4375
210 0.26 -0.2 0.49375
211 0.26 -0.2 0.55
212 0.26 -0.2 0.6125
213 0.26 -0.2 0.66875
214 0.26 -0.2 0.73125
215 0.26 -0.2 0.75
216 0.26 -0.2 0.75
