0 0.26 0.0 0.0
1 0.26 0.0 0.0
2 0.26 0.0 0.0
3 0.26 0.0 0.0
4 0.26 0.0 0.0
5 0.26 0.1 0.0
6 0.26 0.2 0.0
7 0.26 0.3 0.0
8 0.26 0.3 0.0
9 0.26 0.3 0.0
10 0.26 0.3 0.05625
11 0.26 0.3 0.1625
12 0.26 0.3 0.25
13 0.26 0.3 0.325
14 0.26 0.3 0.4375
15 0.26 0.3 0.5125
16 0.26 0.3 0.60625
17 0.26 0.3 0.628166666667
18 0.26 0.3 0.585
19 0.26 0.3 0.46875
20 0.26 0.3 0.343166666667
21 0.26 0.3 0.19375
22 0.26 0.3 0.08125
23 0.26 0.25 0.0
24 0.26 0.2 0.0
25 0.26 0.2 0.0
26 0.26 0.15 0.0
27 0.26 0.1 0.0
28 0.26 0.1 0.0
29 0.26 0.1 0.0
30 0.26 0.1 0.0
31 0.26 0.1 0.0
32 0.26 0.1 0.0
33 0.26 0.1 0.0
34 0.26 0.1 0.0
35 0.26 0.1 0.0
36 0.26 0.1 0.0
37 0.26 0.1 0.0
38 0.26 0.1 0.0
39 0.26 0.1 0.0
40 0.26 0.05 0.0
41 0.26 2.77555756156e-17 0.0
42 0.26 2.77555756156e-17 0.0
43 0.26 2.77555756156e-17 0.0
44 0.26 2.77555756156e-17 0.0
45 0.26 2.77555756156e-17 0.0
46 0.26 -0.05 0.0
47 0.26 -0.1 0.0
48 0.26 -0.1 0.0
49 0.26 -0.1 0.0
50 0.26 -0.1 0.0
51 0.26 -0.1 0.0
52 0.26 -0.1 0.0
53 0.26 -0.1 0.0
54 0.26 -0.1 0.0
55 0.26 -0.1 0.0
56 0.26 -0.1 0.0
57 0.26 -0.1 0.0
58 0.26 -0.1 0.0
59 0.26 -0.1 0.0
60 0.26 -0.1 0.0
61 0.26 -0.1 0.0
62 0.26 -0.1 0.0
63 0.26 -0.1 0.0
64 0.26 -0.1 0.0
65 0.26 -0.1 0.0
66 0.26 -0.1 0.0
67 0.26 -0.1 0.0
68 0.26 -0.1 0.0
69 0.26 -0.1 0.0
70 0.26 -0.1 0.0
71 0.26 -0.1 0.0
72 0.26 -0.1 0.0
73 0.26 -0.2 0.0
74 0.26 -0.2 0.0
75 0.26 -0.2 0.0
76 0.26 -0.2 0.0
77 0.26 -0.2 0.0
78 0.26 -0.2 0.0
79 0.26 -0.2 0.0
80 0.26 -0.2 0.0
81 0.26 -0.3 0.0
82 0.26 -0.3 0.0
83 0.26 -0.3 0.0
84 0.26 -0.3 0.0
85 0.26 -0.3 0.0
86 0.26 -0.3 0.0
87 0.26 -0.3 0.0
88 0.26 -0.3 0.0
89 0.26 -0.3 0.0
90 0.26 -0.3 0.0
91 0.26 -0.3 0.0
92 0.26 -0.3 0.0
93 0.26 -0.3 0.0
94 0.26 -0.3 0.0
95 0.26 -0.3 0.0
96 0.26 -0.3 0.0
97 0.26 -0.3 0.0
98 0.26 -0.3 0.0
99 0.26 -0.3 0.0
100 0.26 -0.3 0.0
101 0.26 -0.3 0.00075
102 0.26 -0.3 0.00383333333333
103 0.26 -0.3 0.00766666666667
104 0.26 -0.3 0.0160833333333
105 0.26 -0.3 0.0241666666667
106 0.26 -0.3 0.0745
107 0.26 -0.3 0.146666666667
108 0.26 -0.3 0.2305
109 0.26 -0.3 0.277333333333
110 0.26 -0.3 0.277
111 0.26 -0.3 0.279833333333
112 0.26 -0.25 0.2755
113 0.26 -0.2 0.26875
114 0.26 -0.2 0.1875
115 0.26 0.15 0.11875
116 0.26 0.45 0.14375
117 0.26 0.7 0.250583333333
118 0.26 0.85 0.257583333333
119 0.0 0.0 0.163333333333
120 0.0 0.0 0.0
121 0.005 0.0 0.0
122 0.01 0.0 0.0
123 0.035 0.0 0.00625
124 0.07 0.0 0.03125
125 0.1 0.0 0.04375
126 0.135 0.0 0.0625
127 0.17 0.0 0.0588333333333
128 0.205 0.0 0.05625
129 0.24 0.0 0.05625
130 0.26 0.0 0.04775
131 0.26 0.0 0.025
132 0.26 0.0 0.00625
133 0.26 0.0 0.0
134 0.26 0.0 0.0
135 0.26 0.0 0.0
136 0.26 0.0 0.0
137 0.26 0.0 0.0
138 0.26 0.0 0.0
139 0.26 0.0 0.0
140 0.26 0.0 0.0
141 0.26 0.0 0.0
142 0.26 0.0 0.0
143 0.26 -0.05 0.0
144 0.26 -0.15 0.0
145 0.26 -0.2 0.0
146 0.26 -0.3 0.0
147 0.26 -0.35 0.0
148 0.26 -0.4 0.0928333333333
149 0.26 -0.5 0.11625
150 0.26 -0.5 0.121666666667
151 0.26 -0.5 0.115833333333
152 0.26 -0.5 0.117333333333
153 0.26 -0.5 0.1555
154 0.0 0.0 0.11525
155 0.0 0.0 0.00633333333333
156 0.01 0.0 0.0
157 0.01 0.0 0.0
158 0.015 0.0 0.0
159 0.045 0.0 0.0
160 0.085 0.0 0.0
161 0.12 0.0 0.0
162 0.15 0.0 0.0
163 0.175 0.0 0.0
164 0.205 0.0 0.0
165 0.24 0.0 0.0
166 0.26 0.0 0.0
167 0.26 0.0 0.0
168 0.26 0.0 0.0
169 0.26 0.0 0.0
170 0.26 0.0 0.0
171 0.26 0.0 0.0
172 0.26 0.0 0.0
173 0.26 0.0 0.0
174 0.26 0.0 0.0
175 0.26 0.0 0.0
176 0.26 0.0 0.0
177 0.26 0.0 0.0
178 0.26 0.0 0.0
179 0.26 0.0 0.0
180 0.26 0.0 0.0
181 0.26 0.0 0.0
182 0.26 0.0 0.0
183 0.26 0.0 0.0
184 0.26 0.0 0.0
185 0.26 0.0 0.0
186 0.26 0.0 0.0
187 0.26 0.0 0.0
188 0.26 0.0 0.0
189 0.26 0.0 0.0
190 0.26 0.0 0.0
191 0.26 0.0 0.0
192 0.26 0.0 0.0
193 0.26 0.0 0.0
194 0.26 0.0 0.0
195 0.26 0.0 0.0
196 0.26 0.0 0.0
197 0.26 0.0 0.0
198 0.26 0.0 0.0
199 0.26 0.0 0.0
200 0.26 0.0 0.0
201 0.26 0.0 0.0
202 0.26 -0.1 0.0
203 0.26 -0.1 0.0
204 0.26 -0.35 0.0
205 0.26 -0.45 0.0
206 0.26 -0.55 0.0
207 0.26 -0.6 0.0
208 0.26 -0.7 0.0
209 0.26 -0.7 0.0
210 0.26 -0.7 0.0
211 0.26 -0.7 0.0625
212 0.26 -0.7 0.209916666667
213 0.26 -0.7 0.323583333333
214 0.0 0.0 0.510583333333
215 0.0 0.0 0.564416666667
216 0.0 0.0 0.59
217 0.0 0.0 0.587166666667
218 0.005 0.0 0.58725
219 0.01 0.0 0.59275
220 0.01 0.0 0.588416666667
221 0.03 0.0 0.5885
222 0.06 0.0 0.5885
223 0.09 0.0 0.5935
224 0.12 0.0 0.592166666667
225 0.15 0.0 0.588666666667
226 0.18 0.0 0.582666666667
227 0.21 0.0 0.58375
228 0.245 0.0 0.585416666667
229 0.26 0.0 0.581166666667
230 0.26 0.0 0.581
231 0.26 0.0 0.584666666667
232 0.26 0.0 0.58425
233 0.26 0.0 0.589083333333
234 0.26 0.0 0.589083333333
235 0.26 0.0 0.5945
236 0.26 0.0 0.6
237 0.26 0.0 0.60425
238 0.26 0.0 0.609666666667
239 0.26 0.0 0.61425
240 0.26 0.0 0.62
241 0.26 0.0 0.624666666667
242 0.26 0.0 0.6365
243 0.26 0.0 0.64075
244 0.26 0.0 0.6475
245 0.26 0.0 0.647583333333
246 0.26 0.0 0.658583333333
247 0.26 0.0 0.664916666667
248 0.26 0.0 0.669916666667
249 0.26 0.0 0.676166666667
250 0.26 0.0 0.42025
251 0.26 0.0 0.214083333333
252 0.26 0.0 0.0
253 0.26 0.0 0.0
254 0.26 0.0 0.0
255 0.26 0.0 0.0
256 0.26 0.0 0.0
257 0.26 0.0 0.0
258 0.26 0.0 0.0
259 0.26 0.0 0.0
260 0.26 0.0 0.0
261 0.26 0.0 0.0
262 0.26 0.0 0.0
263 0.26 0.0 0.0
264 0.26 0.0 0.0
265 0.26 0.0 0.0
266 0.26 0.0 0.0
267 0.26 0.0 0.0
268 0.26 0.0 0.0
269 0.26 0.0 0.0
270 0.26 0.0 0.0
271 0.26 0.0 0.0
272 0.26 0.0 0.0
273 0.26 0.0 0.0
274 0.26 0.0 0.0
275 0.26 0.0 0.0
276 0.26 0.0 0.0
277 0.26 0.0 0.0
278 0.26 0.0 0.0
279 0.26 0.0 0.0
280 0.26 0.0 0.0
281 0.26 0.0 0.0
282 0.26 0.0 0.0
283 0.26 0.0 0.0
284 0.26 0.0 0.0
285 0.26 0.0 0.0
286 0.26 0.0 0.0
287 0.26 0.0 0.0
288 0.26 0.0 0.0
289 0.26 0.0 0.0
290 0.26 0.0 0.0
291 0.26 0.0 0.0
