0 0.26 0.0 0.0
1 0.26 0.0 0.0
2 0.26 0.0 0.0
3 0.26 0.0 0.0
4 0.26 0.0 0.0
5 0.26 0.0 0.0
6 0.26 0.0 0.0
7 0.26 0.05 0.0
8 0.26 0.1 0.0
9 0.26 0.1 0.0
10 0.26 0.2 0.0
11 0.26 0.2 0.0
12 0.26 0.25 0.0
13 0.26 0.3 0.0
14 0.26 0.4 0.0
15 0.26 0.45 0.0
16 0.26 0.55 0.0
17 0.26 0.6 0.0
18 0.26 0.6 0.0
19 0.26 0.7 0.0
20 0.26 0.7 0.0
21 0.26 0.7 0.0
22 0.26 0.7 0.0
23 0.26 0.7 0.0
24 0.0 0.0 0.0
25 0.0 0.0 0.0
26 0.0 0.0 0.0
27 0.005 0.0 0.0
28 0.01 0.0 0.0
29 0.01 0.0 0.0
30 0.025 0.0 0.0
31 0.055 0.0 0.0
32 0.085 0.0 0.0
33 0.115 0.0 0.0
34 0.145 0.0 0.0
35 0.175 0.0 0.0
36 0.2 0.0 0.0
37 0.23 0.0 0.0
38 0.26 0.0 0.0
39 0.26 0.0 0.0
40 0.26 0.0 0.0
41 0.26 0.0 0.0
42 0.26 0.0 0.0
43 0.26 0.0 0.0
44 0.26 0.0 0.0
45 0.26 0.0 0.0
46 0.26 0.0 0.0
47 0.26 0.0 0.0
48 0.26 0.0 0.0
49 0.26 0.0 0.0
50 0.26 0.0 0.0
51 0.26 0.0 0.0
52 0.26 0.0 0.0
53 0.26 0.0 0.0
54 0.26 -0.1 0.0
55 0.26 -0.15 0.0
56 0.26 -0.2 0.0
57 0.26 -0.3 0.0
58 0.26 -0.4 0.0
59 0.26 -0.45 0.0
60 0.26 -0.5 0.0
61 0.26 -0.5 0.0
62 0.26 -0.5 0.0
63 0.26 -0.5 0.0
64 0.26 -0.5 0.0
65 0.26 -0.5 0.0
66 0.26 -0.5 0.0
67 0.26 -0.5 0.0
68 0.26 -0.5 0.0
69 0.26 -0.5 0.08125
70 0.26 -0.5 0.20625
71 0.26 -0.5 0.36875
72 0.26 -0.5 0.49375
73 0.0 0.0 0.6375
74 0.0 0.0 0.56875
75 0.01 0.0 0.39375
76 0.01 0.0 0.225
77 0.01 0.0 0.1275
78 0.035 0.0 0.08125
79 0.065 0.0 0.0875
80 0.095 0.0 0.0875
81 0.125 0.0 0.0875
82 0.155 0.0 0.075
83 0.185 0.0 0.0625
84 0.205 0.0 0.06875
85 0.215 -0.05 0.06875
86 0.23 -0.15 0.075
87 0.235 -0.2 0.1
88 0.245 -0.2 0.1625
89 0.255 -0.2 0.20625
90 0.26 -0.2 0.26875
91 0.26 -0.2 0.33125
92 0.26 -0.15 0.38125
93 0.26 -0.1 0.4375
94 0.26 0.0 0.46875
95 0.26 0.0 0.475
96 0.26 0.0 0.475
97 0.26 0.0 0.475
98 0.26 0.0 0.48125
99 0.26 0.0 0.48125
100 0.26 0.0 0.48125
101 0.26 0.0 0.48125
102 0.26 0.0 0.48125
103 0.26 0.0 0.48125
104 0.26 0.0 0.48125
105 0.26 0.0 0.48125
106 0.26 0.0 0.48125
107 0.26 0.0 0.48125
108 0.26 0.0 0.4875
109 0.26 0.0 0.4875
110 0.26 0.0 0.4875
111 0.26 0.0 0.4875
112 0.26 0.0 0.4875
113 0.26 0.0 0.4875
114 0.26 0.0 0.4875
115 0.26 0.0 0.49375
116 0.26 0.0 0.49375
117 0.26 0.0 0.49375
118 0.26 0.0 0.49375
119 0.26 0.0 0.49375
120 0.26 0.0 0.49375
121 0.26 0.0 0.49375
122 0.26 0.0 0.49375
123 0.26 0.0 0.49375
124 0.26 0.0 0.5
125 0.26 0.0 0.5
126 0.26 0.0 0.5
127 0.26 0.0 0.5
128 0.26 0.0 0.5
129 0.26 0.0 0.5
130 0.26 0.0 0.50625
131 0.26 0.0 0.50625
132 0.26 0.0 0.50625
133 0.26 0.0 0.50625
134 0.26 0.0 0.50625
135 0.26 0.0 0.50625
136 0.26 0.0 0.50625
137 0.26 0.0 0.50625
138 0.26 0.0 0.50625
139 0.26 0.0 0.5125
140 0.26 0.0 0.5125
141 0.26 0.0 0.5125
142 0.26 0.0 0.5125
143 0.26 0.0 0.5125
144 0.26 0.0 0.5125
145 0.26 0.0 0.5125
146 0.26 0.0 0.51875
147 0.26 0.0 0.51875
148 0.26 0.0 0.51875
149 0.26 0.0 0.51875
150 0.26 0.0 0.51875
151 0.26 0.0 0.51875
152 0.26 0.0 0.51875
153 0.26 0.0 0.525
154 0.26 0.0 0.525
155 0.26 0.0 0.525
156 0.26 0.0 0.525
157 0.26 0.0 0.525
158 0.26 0.0 0.525
159 0.26 0.0 0.525
160 0.26 0.0 0.53125
161 0.26 0.0 0.53125
162 0.26 0.0 0.53125
163 0.26 0.0 0.53125
164 0.26 0.0 0.533666666667
165 0.26 0.0 0.5375
166 0.26 0.0 0.5375
167 0.26 0.0 0.54375
168 0.26 0.0 0.54375
169 0.26 0.0 0.55
170 0.26 0.0 0.55625
171 0.26 0.0 0.55625
172 0.26 0.0 0.5625
173 0.26 0.0 0.5625
174 0.26 0.0 0.56875
175 0.26 0.0 0.56875
176 0.26 0.0 0.575
177 0.26 0.0 0.575
178 0.26 0.0 0.58125
179 0.26 0.0 0.5875
180 0.26 0.0 0.5875
181 0.26 0.0 0.59375
182 0.26 0.0 0.6
183 0.26 0.0 0.6
184 0.26 0.0 0.60625
185 0.26 0.0 0.607833333333
186 0.26 0.0 0.6125
187 0.26 0.0 0.61875
188 0.26 0.0 0.625
189 0.26 0.0 0.625
190 0.26 0.0 0.63125
191 0.26 0.0 0.6375
192 0.26 0.0 0.64375
193 0.26 0.0 0.644833333333
194 0.26 0.0 0.65
195 0.26 0.0 0.65625
196 0.26 0.0 0.6625
197 0.26 0.0 0.66875
198 0.26 0.0 0.675
