0 0.26 0.0 0.75
1 0.26 0.0 0.0
2 0.26 0.0 0.0
3 0.26 0.0 0.0
4 0.26 0.0 0.0
5 0.26 0.0 0.0
6 0.26 0.0 0.0
7 0.26 0.0 0.0
8 0.26 0.0 0.0
9 0.26 0.0 0.0
10 0.26 0.0 0.0
11 0.26 0.0 0.0
12 0.26 0.0 0.0
13 0.26 0.0 0.0
14 0.26 0.0 0.0
15 0.26 0.0 0.0
16 0.26 0.0 0.0
17 0.26 0.0 0.0
18 0.26 0.0 0.0
19 0.26 0.0 0.0
20 0.26 0.0 0.0
21 0.26 0.0 0.0
22 0.26 0.0 0.0
23 0.26 0.0 0.0
24 0.26 0.0 0.0
25 0.26 0.0 0.0
26 0.26 0.0 0.0
27 0.26 0.0 0.0
28 0.26 0.0 0.0
29 0.26 0.0 0.0
30 0.26 0.0 0.0
31 0.26 0.0 0.0
32 0.26 0.0 0.0
33 0.26 0.0 0.0
34 0.26 0.0 0.0
35 0.26 0.0 0.0
36 0.26 0.0 0.0
37 0.26 0.0 0.0
38 0.26 0.0 0.0
39 0.26 0.0 0.0
40 0.26 0.0 0.0
41 0.26 0.0 0.0
42 0.26 0.0 0.0
43 0.26 0.0 0.0
44 0.26 0.0 0.0
45 0.26 0.0 0.0
46 0.26 0.05 0.0
47 0.26 0.1 0.0
48 0.26 0.1 0.0
49 0.26 0.1 0.0
50 0.26 0.1 0.0
51 0.26 0.1 0.0
52 0.26 0.3 0.0
53 0.26 0.45 0.0
54 0.26 0.6 0.0
55 0.26 0.75 0.0
56 0.26 0.85 0.0
57 0.26 0.9 0.0
58 0.26 0.95 0.0
59 0.26 1.0 0.0
60 0.26 1.05 0.0
61 0.26 1.1 0.0
62 0.26 1.15 0.11875
63 0.0 0.0 0.30625
64 0.0 0.0 0.425
65 0.0 0.0 0.4375
66 0.0 0.0 0.43125
67 0.0 0.0 0.38125
68 0.005 0.0 0.38125
69 0.01 0.0 0.43125
70 0.01 0.0 0.45625
71 0.01 0.0 0.458333333333
72 0.01 0.0 0.457833333333
73 0.01 0.0 0.45625
74 0.01 0.0 0.45625
75 0.01 0.05 0.45625
76 0.01 0.1 0.458083333333
77 0.01 0.1 0.45625
78 0.01 0.1 0.4625
79 0.01 0.1 0.45625
80 0.01 0.1 0.45625
81 0.01 0.1 0.4625
82 0.0 0.0 0.4625
83 0.0 0.0 0.4625
84 0.0 0.0 0.4625
85 0.005 0.0 0.4625
86 0.01 0.0 0.46875
87 0.01 0.0 0.46875
88 0.01 0.0 0.46875
89 0.01 0.0 0.46525
90 0.02 0.0 0.4625
91 0.035 0.0 0.4625
92 0.055 0.0 0.46875
93 0.07 0.0 0.466666666667
94 0.09 0.0 0.46875
95 0.105 0.0 0.46875
96 0.12 0.0 0.475
97 0.135 0.0 0.475
98 0.155 0.0 0.475
99 0.17 0.0 0.4875
100 0.185 0.0 0.49375
101 0.2 0.0 0.4875
102 0.215 0.0 0.4875
103 0.23 0.0 0.4875
104 0.245 0.0 0.49375
105 0.26 0.0 0.50625
106 0.26 0.0 0.50625
107 0.26 0.0 0.50625
108 0.26 0.0 0.5125
109 0.26 0.0 0.51875
110 0.26 0.0 0.51875
111 0.26 0.0 0.525
112 0.26 0.0 0.53125
113 0.26 0.0 0.53125
114 0.26 0.0 0.5375
115 0.26 0.0 0.54375
116 0.26 0.0 0.55
117 0.26 0.0 0.55625
118 0.26 0.0 0.5625
119 0.26 0.0 0.568333333333
120 0.26 0.0 0.56875
121 0.26 0.0 0.575
122 0.26 0.0 0.58125
123 0.26 0.0 0.59375
124 0.26 0.0 0.59375
125 0.26 0.0 0.60625
126 0.26 0.0 0.6125
127 0.26 0.0 0.61875
128 0.26 0.0 0.625
129 0.26 0.0 0.6375
130 0.26 0.0 0.64375
131 0.26 0.0 0.65625
132 0.26 0.0 0.6625
133 0.26 0.0 0.675
134 0.26 0.0 0.685083333333
135 0.26 0.0 0.69375
136 0.26 0.0 0.70625
137 0.26 -0.05 0.71875
138 0.26 -0.05 0.73125
139 0.26 -0.1 0.75
140 0.26 -0.1 0.75
141 0.26 -0.1 0.75
142 0.26 -0.1 0.75
143 0.26 -0.25 0.75
144 0.26 -0.4 0.75
145 0.26 -0.55 0.75
146 0.26 -0.7 0.75
147 0.26 -0.9 0.75
148 0.26 -1.05 0.75
149 0.26 -1.15 0.75
150 0.26 -1.2 0.75
151 0.26 -1.25 0.75
152 0.26 -1.3 0.75
153 0.26 -1.35 0.75
154 0.0 0.0 0.75
155 0.0 0.0 0.75
156 0.0 0.0 0.75
157 0.005 0.0 0.75
158 0.01 0.0 0.75
159 0.01 0.0 0.75
160 0.01 0.0 0.75
161 0.015 0.0 0.75
162 0.03 0.0 0.75
163 0.045 0.0 0.75
164 0.065 0.0 0.75
165 0.08 0.0 0.75
166 0.1 0.0 0.75
167 0.115 0.0 0.75
168 0.13 0.0 0.75
169 0.145 0.0 0.75
170 0.165 0.0 0.75
171 0.18 0.0 0.75
172 0.195 0.0 0.75
173 0.2 0.0 0.75
174 0.205 0.0 0.75
175 0.21 0.0 0.75
176 0.215 0.0 0.75
177 0.225 0.0 0.75
178 0.23 0.0 0.75
179 0.235 0.0 0.75
180 0.235 0.0 0.75
181 0.245 0.0 0.75
182 0.25 0.0 0.75
