0 0.26 0.0 0.0
1 0.26 0.0 0.0
2 0.26 0.0 0.0
3 0.26 0.0 0.0
4 0.26 0.0 0.0
5 0.26 0.0 0.0
6 0.26 0.0 0.0
7 0.26 -0.05 0.0
8 0.26 -0.1 0.0
9 0.26 -0.1 0.0
10 0.26 -0.15 0.0
11 0.26 -0.2 0.0
12 0.26 -0.2 0.0
13 0.26 -0.25 0.0
14 0.26 -0.3 0.0
15 0.26 -0.3 0.0
16 0.26 -0.35 0.0
17 0.26 -0.4 0.0
18 0.26 -0.4 0.05
19 0.26 -0.4 0.1625
20 0.26 -0.4 0.201833333333
21 0.26 -0.4 0.2125
22 0.26 -0.4 0.225
23 0.26 -0.4 0.24375
24 0.26 -0.4 0.16875
25 0.0 0.0 0.0215
26 0.0 0.0 0.0
27 0.0 0.0 0.0
28 0.005 0.0 0.0
29 0.01 0.0 0.0
30 0.01 0.0 0.0
31 0.015 0.0 0.0
32 0.04 0.0 0.0
33 0.07 0.0 0.0
34 0.095 0.05 0.0
35 0.105 0.1 0.0
36 0.115 0.1 0.0
37 0.125 0.1 0.0
38 0.13 0.1 0.0
39 0.145 0.1 0.0
40 0.175 0.1 0.0
41 0.2 0.1 0.0
42 0.23 0.1 0.0
43 0.26 0.1 0.0
44 0.26 0.15 0.0
45 0.26 0.2 0.0
46 0.26 0.2 0.0
47 0.26 0.2 0.0
48 0.26 0.2 0.0
49 0.26 0.2 0.0
50 0.26 0.2 0.0
51 0.26 0.2 0.0
52 0.26 0.2 0.0
53 0.26 0.2 0.0
54 0.26 0.2 0.0
55 0.26 0.2 0.0
56 0.26 0.2 0.0
57 0.26 0.2 0.0
58 0.26 0.2 0.0
59 0.26 0.2 0.0
60 0.26 0.2 0.0
61 0.26 0.2 0.0
62 0.26 0.2 0.0
63 0.26 0.2 0.01875
64 0.26 0.2 0.0689166666667
65 0.26 0.2 0.11875
66 0.26 0.2 0.175
67 0.26 0.2 0.225
68 0.26 0.2 0.275
69 0.26 0.2 0.31875
70 0.26 0.2 0.31875
71 0.26 0.2 0.31875
72 0.26 0.2 0.3125
73 0.26 0.2 0.3105
74 0.26 0.2 0.30625
75 0.26 0.2 0.3
76 0.26 0.15 0.3
77 0.26 0.1 0.3
78 0.26 0.05 0.3
79 0.26 0.0 0.29375
80 0.26 0.0 0.29375
81 0.26 0.0 0.2875
82 0.26 0.0 0.2875
83 0.26 0.0 0.29375
84 0.26 0.0 0.2875
85 0.26 0.0 0.2875
86 0.26 0.0 0.28125
87 0.26 0.0 0.28125
88 0.26 0.0 0.28125
89 0.26 0.0 0.275
90 0.26 0.0 0.28125
91 0.26 0.0 0.278916666667
92 0.26 0.0 0.275
93 0.26 0.0 0.275
94 0.26 0.0 0.275
95 0.26 0.0 0.275
96 0.26 0.0 0.274666666667
97 0.26 0.0 0.26875
98 0.26 0.0 0.26875
99 0.26 0.0 0.2625
100 0.26 0.0 0.26875
101 0.26 0.0 0.2625
102 0.26 0.0 0.2625
103 0.26 0.0 0.26875
104 0.26 0.0 0.2625
105 0.26 0.0 0.2625
106 0.26 0.0 0.261666666667
107 0.26 0.0 0.2625
108 0.26 0.0 0.2625
109 0.26 0.0 0.25625
110 0.26 0.0 0.2625
111 0.26 0.0 0.2625
112 0.26 0.0 0.25625
113 0.26 -0.05 0.2625
114 0.26 -0.1 0.2625
115 0.26 -0.15 0.25625
116 0.26 -0.2 0.2625
117 0.26 -0.2 0.26625
118 0.26 -0.2 0.26875
119 0.26 -0.2 0.275
120 0.26 -0.2 0.285
121 0.26 -0.2 0.289083333333
122 0.26 -0.15 0.2375
123 0.26 -0.05 0.1875
124 0.26 0.0 0.15625
125 0.26 0.0 0.15
126 0.26 0.0 0.14375
127 0.26 0.0 0.1375
128 0.26 0.0 0.13125
129 0.26 0.0 0.125
130 0.26 0.0 0.11875
131 0.26 0.0 0.109083333333
132 0.26 0.0 0.10625
133 0.26 0.0 0.0960833333333
134 0.26 0.1 0.09375
135 0.26 0.1 0.1125
136 0.26 0.1 0.1375
137 0.26 0.1 0.1625
138 0.26 0.1 0.18125
139 0.26 0.1 0.20625
140 0.26 0.1 0.23125
141 0.26 0.1 0.25
142 0.26 0.1 0.275
143 0.26 0.1 0.3
144 0.26 0.1 0.31875
145 0.26 0.1 0.34375
146 0.26 0.1 0.36875
147 0.26 0.1 0.39375
148 0.26 0.1 0.41875
149 0.26 0.1 0.44375
150 0.26 0.1 0.475
151 0.26 0.1 0.5
152 0.26 0.1 0.525
153 0.26 0.1 0.55625
154 0.26 0.1 0.58125
155 0.26 0.1 0.60625
156 0.26 0.1 0.6375
157 0.26 0.1 0.66875
158 0.26 0.1 0.7
159 0.26 0.1 0.725
160 0.26 0.1 0.75
161 0.26 0.1 0.75
162 0.26 0.1 0.75
163 0.26 0.1 0.75
164 0.26 0.1 0.75
165 0.26 0.1 0.75
166 0.26 0.05 0.75
167 0.26 0.0 0.75
168 0.26 0.0 0.75
169 0.26 0.0 0.75
170 0.26 0.0 0.75
171 0.26 0.0 0.75
172 0.26 0.0 0.75
173 0.26 0.1 0.75
174 0.26 0.1 0.75
175 0.26 0.1 0.75
176 0.26 0.05 0.75
177 0.26 0.0 0.75
178 0.26 0.0 0.75
179 0.26 0.0 0.75
180 0.26 0.0 0.75
181 0.26 0.0 0.75
182 0.26 0.0 0.75
183 0.26 0.0 0.75
184 0.26 0.0 0.75
185 0.26 0.0 0.75
186 0.26 0.0 0.75
187 0.26 0.0 0.75
188 0.26 0.0 0.75
189 0.26 0.0 0.75
190 0.26 0.0 0.75
191 0.26 0.0 0.75
192 0.26 0.0 0.75
193 0.26 0.0 0.75
194 0.26 0.0 0.75
195 0.26 0.0 0.75
196 0.26 0.0 0.75
197 0.26 0.0 0.75
198 0.26 0.0 0.75
199 0.26 0.0 0.75
200 0.26 0.0 0.75
201 0.26 0.0 0.75
202 0.26 0.0 0.75
203 0.26 0.0 0.75
204 0.26 0.0 0.75
205 0.26 0.0 0.75
206 0.26 0.0 0.75
207 0.26 0.0 0.75
208 0.26 0.0 0.75
209 0.26 0.0 0.75
210 0.26 0.0 0.75
211 0.26 0.0 0.75
212 0.26 0.0 0.75
213 0.26 0.0 0.75
214 0.26 0.0 0.75
