0 0.26 0.0 0.0
1 0.26 0.0 0.0
2 0.26 0.0 0.0
3 0.26 0.05 0.0
4 0.26 0.15 0.0
5 0.26 0.2 0.0
6 0.26 0.3 0.0
7 0.26 0.3 0.00625
8 0.26 0.3 0.0875
9 0.26 0.3 0.16875
10 0.26 0.3 0.25
11 0.26 0.3 0.33125
12 0.26 0.3 0.4125
13 0.26 0.3 0.49375
14 0.26 0.3 0.56875
15 0.26 0.3 0.65625
16 0.26 0.3 0.66875
17 0.26 0.3 0.6
18 0.26 0.3 0.517166666667
19 0.26 0.3 0.425
20 0.26 0.3 0.33125
21 0.26 0.3 0.23125
22 0.26 0.3 0.11875
23 0.26 0.3 0.00283333333333
24 0.26 0.3 0.0
25 0.26 0.3 0.0
26 0.26 0.3 0.0
27 0.26 0.3 0.0
28 0.26 0.25 0.0
29 0.26 0.2 0.0
30 0.26 0.15 0.0
31 0.26 0.1 0.0
32 0.26 0.1 0.0
33 0.26 0.1 0.0
34 0.26 0.1 0.0
35 0.26 0.1 0.0
36 0.26 0.05 0.0
37 0.26 2.77555756156e-17 0.0
38 0.26 2.77555756156e-17 0.0
39 0.26 2.77555756156e-17 0.0
40 0.0 0.0 0.0
41 0.0 0.0 0.0
42 0.0 0.0 0.0
43 0.0 0.0 0.0
44 0.0 0.0 0.0
45 0.0 0.0 0.0
46 0.005 0.0 0.0
47 0.01 0.0 0.0
48 0.01 0.0 0.0
49 0.015 0.0 0.0
50 0.045 0.0 0.0
51 0.075 0.0 0.0
52 0.1 0.0 0.0
53 0.13 0.0 0.0
54 0.155 0.0 0.0
55 0.18 0.0 0.0
56 0.19 -0.05 0.0
57 0.2 -0.1 0.0
58 0.21 -0.1 0.0
59 0.215 -0.1 0.0
60 0.225 -0.1 0.0
61 0.235 -0.1 0.0
62 0.24 -0.1 0.0
63 0.25 -0.1 0.0
64 0.26 -0.1 0.0
65 0.26 -0.1 0.0
66 0.26 -0.1 0.0
67 0.26 -0.1 0.0
68 0.26 -0.1 0.0
69 0.26 -0.1 0.0
70 0.26 -0.1 0.0
71 0.26 -0.1 0.0
72 0.26 -0.1 0.0
73 0.26 -0.1 0.0
74 0.26 -0.1 0.0
75 0.26 -0.2 0.0
76 0.26 -0.2 0.0
77 0.26 -0.2 0.0
78 0.26 -0.2 0.0
79 0.26 -0.2 0.0
80 0.26 -0.2 0.0
81 0.26 -0.2 0.0
82 0.26 -0.2 0.0
83 0.26 -0.2 0.0
84 0.26 -0.2 0.0
85 0.26 -0.2 0.0
86 0.26 -0.2 0.0
87 0.26 -0.2 0.0
88 0.26 -0.2 0.0
89 0.26 -0.2 0.00625
90 0.26 -0.2 0.05625
91 0.26 -0.2 0.1125
92 0.26 -0.2 0.1625
93 0.26 -0.2 0.21875
94 0.26 -0.2 0.26875
95 0.26 -0.2 0.325
96 0.26 -0.2 0.334666666667
97 0.26 -0.2 0.256666666667
98 0.26 -0.2 0.0901666666667
99 0.26 -0.2 0.0
100 0.26 -0.2 0.0
101 0.26 -0.2 0.0
102 0.26 -0.2 0.0
103 0.0 0.0 0.0
104 0.0 0.0 0.0
105 0.0 0.0 0.0
106 0.0 0.0 0.0
107 0.005 0.0 0.0
108 0.01 0.0 0.0
109 0.01 0.0 0.0
110 0.03 0.0 0.0
111 0.06 0.0 0.0
112 0.09 0.0 0.0
113 0.115 0.0 0.0
114 0.145 0.0 0.0
115 0.175 0.0 0.0
116 0.205 0.0 0.0
117 0.23 0.0 0.0
118 0.26 0.0 0.0
119 0.26 0.0 0.0
120 0.26 0.0 0.0
121 0.26 0.0 0.0
122 0.26 0.0 0.0
123 0.26 0.0 0.0
124 0.26 0.0 0.0
125 0.26 0.0 0.0
126 0.26 0.0 0.0
127 0.26 0.0 0.0
128 0.26 0.0 0.0
129 0.26 0.0 0.0
130 0.26 0.0 0.0
131 0.26 0.0 0.0
132 0.26 0.0 0.0
133 0.26 0.0 0.0
134 0.26 0.0 0.0
135 0.26 0.0 0.0
136 0.26 0.0 0.0
137 0.26 0.0 0.0
138 0.26 0.0 0.0
139 0.26 0.0 0.0
140 0.26 0.0 0.0
141 0.26 0.0 0.0
142 0.26 0.0 0.0
143 0.26 0.0 0.0
144 0.26 0.0 0.0
145 0.26 0.0 0.0
146 0.26 0.0 0.0
147 0.26 0.0 0.0
148 0.26 0.0 0.0
149 0.26 0.0 0.0
150 0.26 0.0 0.0
151 0.26 0.0 0.0
152 0.26 0.0 0.0
153 0.26 0.0 0.0
154 0.26 0.0 0.0
155 0.26 0.0 0.0
156 0.26 0.0 0.0
157 0.26 0.0 0.0
158 0.26 -0.1 0.0
159 0.26 -0.1 0.0
160 0.26 -0.2 0.0
161 0.26 -0.2 0.0
162 0.26 -0.25 0.0
163 0.26 -0.3 0.0
164 0.26 -0.3 0.0
165 0.26 -0.4 0.0
166 0.26 -0.4 0.0
167 0.26 -0.4 0.0
168 0.26 -0.4 0.0
169 0.26 -0.4 0.0
170 0.26 -0.4 0.0
171 0.26 -0.4 0.0
172 0.26 -0.4 0.0
173 0.26 -0.4 0.0
174 0.26 -0.4 0.05625
175 0.26 -0.4 0.09025
176 0.26 -0.4 0.100083333333
177 0.26 -0.4 0.103333333333
178 0.26 -0.4 0.0900833333333
179 0.26 -0.4 0.0854166666667
180 0.26 -0.4 0.114916666667
181 0.26 -0.4 0.0584166666667
182 0.0 0.0 0.009
183 0.0 0.0 0.0
184 0.0 0.0 0.0571666666667
185 0.005 0.0 0.243916666667
186 0.01 0.0 0.247583333333
187 0.01 0.0 0.246083333333
188 0.02 0.0 0.24425
189 0.045 0.0 0.24075
190 0.075 0.0 0.230166666667
191 0.1 0.0 0.218333333333
192 0.125 0.0 0.195833333333
193 0.155 0.0 0.170666666667
194 0.18 0.0 0.143
195 0.205 0.0 0.10225
196 0.235 0.0 0.0586666666667
197 0.26 0.0 0.0095
198 0.26 0.0 0.0
199 0.26 0.0 0.0
200 0.26 0.0 0.0
201 0.26 0.0 0.0
202 0.26 0.0 0.0
203 0.26 0.0 0.0
204 0.26 0.0 0.0
205 0.26 0.0 0.0
206 0.26 0.0 0.0
207 0.26 0.0 0.0
208 0.26 0.0 0.0
209 0.26 0.0 0.0
210 0.26 0.0 0.0
211 0.26 0.0 0.0
212 0.26 0.0 0.0
213 0.26 0.0 0.0
214 0.26 0.0 0.0
215 0.26 0.0 0.0
216 0.26 0.0 0.0
217 0.26 0.0 0.0
218 0.26 0.0 0.0
219 0.26 0.0 0.0
220 0.26 0.0 0.0
221 0.26 0.0 0.0
222 0.26 0.0 0.0
223 0.26 0.0 0.0
224 0.26 0.0 0.0
225 0.26 0.0 0.0
226 0.26 0.0 0.0
227 0.26 0.0 0.0
228 0.26 0.0 0.0
229 0.26 0.0 0.0
230 0.26 0.0 0.0
231 0.26 0.0 0.0
232 0.26 0.0 0.0
233 0.26 0.0 0.0
234 0.26 0.0 0.0
235 0.26 0.0 0.0
236 0.26 0.0 0.0
237 0.26 0.0 0.0
238 0.26 0.0 0.0
239 0.26 0.0 0.0
240 0.26 0.0 0.0
241 0.26 0.0 0.0
242 0.26 0.0 0.0
243 0.26 0.0 0.0
244 0.26 0.0 0.0
245 0.26 0.0 0.0
246 0.26 0.0 0.0
247 0.26 0.0 0.0
248 0.26 -0.05 0.0
249 0.26 -0.1 0.0
250 0.26 -0.1 0.0
251 0.26 -0.1 0.0
252 0.26 -0.2 0.0
253 0.26 -0.2 0.0
254 0.26 -0.2 0.0
255 0.26 -0.25 0.0
256 0.26 -0.3 0.0
257 0.26 -0.3 0.0
258 0.26 -0.3 0.0
259 0.26 -0.4 0.0
260 0.26 -0.4 0.0
261 0.26 -0.4 0.0
262 0.26 -0.4 0.0
263 0.26 -0.4 0.0
264 0.26 -0.4 0.0
265 0.26 -0.4 0.0
266 0.26 -0.4 0.0
267 0.26 -0.4 0.09375
268 0.26 -0.4 0.184333333333
269 0.26 -0.4 0.185416666667
270 0.26 -0.4 0.257666666667
271 0.26 -0.4 0.35625
272 0.26 -0.4 0.44325
273 0.26 -0.4 0.535666666667
274 0.26 -0.4 0.55025
275 0.26 -0.4 0.581583333333
276 0.0 0.0 0.61225
277 0.0 0.0 0.576916666667
278 0.0 0.0 0.558
279 0.0 0.0 0.558
280 0.01 0.0 0.558083333333
281 0.01 0.0 0.558
282 0.01 0.0 0.558
283 0.035 0.0 0.558
284 0.065 0.0 0.55775
285 0.09 0.0 0.557416666667
286 0.12 0.0 0.552416666667
287 0.15 0.0 0.538083333333
288 0.175 0.0 0.537
289 0.195 0.0 0.545083333333
290 0.205 0.0 0.544
291 0.215 0.0 0.537833333333
292 0.22 0.0 0.53675
293 0.23 0.0 0.535333333333
294 0.235 0.0 0.528666666667
295 0.245 0.0 0.5275
296 0.255 0.0 0.522166666667
297 0.26 0.0 0.518833333333
298 0.26 0.0 0.511916666667
299 0.26 0.0 0.509916666667
300 0.26 0.0 0.507833333333
301 0.26 0.0 0.505166666667
302 0.26 0.0 0.503083333333
303 0.26 0.0 0.500666666667
304 0.26 0.0 0.494083333333
305 0.26 0.0 0.491333333333
306 0.26 0.0 0.48875
307 0.26 0.0 0.486583333333
308 0.26 0.0 0.483416666667
309 0.26 0.0 0.47675
310 0.26 0.0 0.388
311 0.26 0.0 0.300416666667
312 0.26 0.0 0.207666666667
313 0.26 0.0 0.118583333333
314 0.26 0.0 0.0310833333333
315 0.26 0.0 0.00808333333333
316 0.26 0.0 0.00458333333333
317 0.26 0.0 0.00141666666667
318 0.26 0.0 0.0
319 0.26 0.0 0.0
320 0.26 0.0 0.0
321 0.26 0.0 0.0
322 0.26 0.0 0.0
323 0.26 0.0 0.0
324 0.26 0.0 0.0
325 0.26 0.0 0.0
326 0.26 0.0 0.0
327 0.26 0.0 0.0
328 0.26 0.0 0.0
329 0.26 0.0 0.0
330 0.26 0.0 0.0
331 0.26 0.0 0.0
332 0.26 0.0 0.0
333 0.26 0.0 0.0
334 0.26 0.0 0.0
335 0.26 0.0 0.0
336 0.26 0.0 0.0
337 0.26 0.0 0.0
338 0.26 0.0 0.0
339 0.26 0.0 0.0
340 0.26 0.0 0.0
341 0.26 0.0 0.0
342 0.26 0.0 0.0
343 0.26 0.0 0.0
344 0.26 0.0 0.0
345 0.26 0.0 0.0
346 0.26 0.0 0.0
347 0.26 0.0 0.0
348 0.26 0.0 0.0
349 0.26 0.0 0.0
350 0.26 0.0 0.0
351 0.26 0.0 0.0
352 0.26 0.0 0.0
353 0.26 0.0 0.0
354 0.26 0.0 0.0
355 0.26 0.0 0.0
356 0.26 0.0 0.0
