0 0.26 0.0 0.0
1 0.26 0.0 0.0
2 0.26 0.0 0.0
3 0.26 0.0 0.0
4 0.26 0.0 0.0
5 0.26 0.0 0.0
6 0.26 0.0 0.0
7 0.26 0.0 0.0
8 0.26 0.0 0.0
9 0.26 0.0 0.0
10 0.26 0.0 0.0
11 0.26 0.0 0.0
12 0.26 0.0 0.0
13 0.26 0.0 0.0
14 0.26 0.0 0.0
15 0.26 0.0 0.0
16 0.26 0.0 0.0
17 0.26 0.0 0.0
18 0.26 0.0 0.0
19 0.26 0.0 0.0
20 0.26 0.0 0.0
21 0.26 0.0 0.0
22 0.26 0.0 0.0
23 0.26 0.0 0.0
24 0.26 0.0 0.0
25 0.26 0.0 0.0
26 0.26 0.0 0.0
27 0.26 0.0 0.0
28 0.26 0.0 0.0
29 0.26 0.0 0.0
30 0.26 0.0 0.0
31 0.26 0.0 0.0
32 0.26 0.0 0.0
33 0.26 0.0 0.0
34 0.26 0.0 0.0
35 0.26 0.0 0.0
36 0.26 0.0 0.0
37 0.26 0.0 0.0
38 0.26 0.0 0.0
39 0.26 0.0 0.0
40 0.26 0.0 0.0
41 0.26 0.0 0.0
42 0.26 0.0 0.0
43 0.26 0.0 0.0
44 0.26 0.05 0.0
45 0.26 0.1 0.0
46 0.26 0.1 0.0
47 0.26 0.1 0.0
48 0.26 0.1 0.0
49 0.26 0.15 0.0
50 0.26 0.3 0.0
51 0.26 0.45 0.0
52 0.26 0.6 0.0
53 0.26 0.75 0.0
54 0.26 0.8 0.0
55 0.26 0.85 0.0
56 0.26 0.9 0.0
57 0.26 0.9 0.0
58 0.26 0.95 0.0
59 0.26 1.0 0.0
60 0.26 1.05 0.0
61 0.26 1.1 0.0625
62 0.26 1.15 0.24375
63 0.26 1.2 0.425
64 0.0 0.0 0.43125
65 0.0 0.0 0.35
66 0.0 0.0 0.15
67 0.0 0.0 0.0
68 0.005 0.0 0.0
69 0.01 0.0 0.0
70 0.01 0.0 0.0
71 0.01 0.0 0.0
72 0.01 -0.05 0.0
73 0.01 -0.1 0.0
74 0.01 -0.1 0.0
75 0.01 -0.1 0.0
76 0.01 -0.1 0.0
77 0.01 -0.1 0.0
78 0.01 -0.25 0.0
79 0.01 -0.4 0.0
80 0.01 -0.6 0.0
81 0.01 -0.75 0.0
82 0.01 -0.8 0.0
83 0.01 -0.85 0.0
84 0.0 0.0 0.0
85 0.0 0.0 0.0
86 0.0 0.0 0.0
87 0.005 0.0 0.0
88 0.01 0.0 0.0
89 0.01 0.0 0.0
90 0.01 0.0 0.0
91 0.01 0.0 0.0
92 0.015 0.0 0.0
93 0.03 0.0 0.0
94 0.05 0.0 0.0
95 0.065 0.0 0.0
96 0.08 0.0 0.0
97 0.095 0.0 0.0
98 0.11 0.0 0.0
99 0.125 0.0 0.0
100 0.145 0.0 0.0
101 0.16 0.0 0.0
102 0.175 0.0 0.0
103 0.19 0.0 0.0
104 0.205 0.0 0.0
105 0.22 0.0 0.0
106 0.24 0.0 0.0
107 0.255 0.0 0.0
108 0.26 0.0 0.0
109 0.26 0.0 0.0
110 0.26 0.0 0.0
111 0.26 0.0 0.0
112 0.26 0.0 0.0
113 0.26 0.0 0.0
114 0.26 0.0 0.0
115 0.26 0.0 0.0
116 0.26 0.0 0.0
117 0.26 0.0 0.0
118 0.26 0.0 0.0
119 0.26 0.0 0.0
120 0.26 0.0 0.0
121 0.26 0.0 0.0
122 0.26 0.0 0.0
123 0.26 0.0 0.0
124 0.26 0.0 0.0
125 0.26 0.0 0.0
126 0.26 0.0 0.0
127 0.26 0.0 0.0
128 0.26 0.0 0.0
129 0.26 0.0 0.0
130 0.26 0.0 0.0
131 0.26 0.0 0.0
132 0.26 0.0 0.0
133 0.26 0.0 0.0
134 0.26 -0.05 0.0
135 0.26 -0.1 0.0
136 0.26 -0.1 0.0
137 0.26 -0.1 0.0
138 0.26 -0.1 0.0
139 0.26 -0.25 0.0
140 0.26 -0.4 0.0
141 0.26 -0.6 0.0
142 0.26 -0.75 0.0
143 0.26 -0.95 0.0
144 0.26 -1.0 0.0
145 0.26 -1.05 0.10625
146 0.26 -1.1 0.275
147 0.26 -1.15 0.45
148 0.26 -1.2 0.6625
149 0.26 -1.25 0.75
150 0.26 -1.3 0.75
151 0.0 0.0 0.75
152 0.0 0.0 0.75
153 0.0 0.0 0.75
154 0.0 0.0 0.75
155 0.005 0.0 0.75
156 0.01 0.0 0.75
157 0.01 0.0 0.75
158 0.01 0.0 0.75
159 0.01 0.0 0.75
160 0.025 0.0 0.75
161 0.04 0.0 0.75
162 0.055 0.0 0.75
163 0.07 0.0 0.75
164 0.09 0.0 0.75
165 0.105 0.0 0.75
166 0.12 0.0 0.75
167 0.135 0.0 0.75
168 0.145 0.0 0.75
169 0.15 0.0 0.75
170 0.155 0.0 0.75
171 0.16 0.0 0.75
172 0.165 0.0 0.75
173 0.17 0.0 0.75
174 0.175 0.0 0.75
175 0.18 0.0 0.75
176 0.185 0.0 0.75
177 0.19 0.0 0.75
178 0.195 0.0 0.75
179 0.2 0.0 0.75
180 0.205 0.0 0.75
181 0.21 0.0 0.75
182 0.215 0.0 0.75
183 0.22 0.0 0.75
