0 0.26 0.0 0.0
1 0.26 0.0 0.0
2 0.26 0.0 0.0
3 0.26 0.1 0.0
4 0.26 0.2 0.0
5 0.26 0.3 0.0
6 0.26 0.35 0.0
7 0.26 0.4 0.0
8 0.26 0.4 0.0
9 0.26 0.4 0.125
10 0.26 0.4 0.23125
11 0.26 0.4 0.325
12 0.26 0.4 0.44375
13 0.26 0.4 0.56875
14 0.26 0.4 0.6625
15 0.26 0.4 0.59375
16 0.26 0.4 0.45625
17 0.0 0.0 0.328833333333
18 0.0 0.0 0.15625
19 0.0 0.0 0.0254166666667
20 0.01 0.0 0.0
21 0.01 0.0 0.04375
22 0.03 0.0 0.1875
23 0.06 0.0 0.29375
24 0.09 0.0 0.302
25 0.12 0.0 0.2925
26 0.15 0.0 0.283416666667
27 0.175 0.0 0.275
28 0.205 0.0 0.26875
29 0.235 0.0 0.25
30 0.24 0.0 0.2375
31 0.25 0.0 0.225
32 0.26 0.0 0.20625
33 0.26 0.0 0.192916666667
34 0.26 0.0 0.166166666667
35 0.26 0.0 0.150833333333
36 0.26 0.0 0.132083333333
37 0.26 0.0 0.11875
38 0.26 0.0 0.0945833333333
39 0.26 0.0 0.08125
40 0.26 0.0 0.0625
41 0.26 0.0 0.05
42 0.26 0.0 0.0325833333333
43 0.26 0.0 0.0175833333333
44 0.26 0.0 0.0045
45 0.26 0.0 0.0
46 0.26 0.0 0.0
47 0.26 0.0 0.0
48 0.26 0.0 0.0
49 0.26 0.0 0.0
50 0.26 0.0 0.0
51 0.26 0.0 0.0
52 0.26 0.0 0.0
53 0.26 0.0 0.0
54 0.26 0.0 0.0
55 0.26 0.0 0.0
56 0.26 0.0 0.0
57 0.26 0.0 0.0
58 0.26 0.0 0.0
59 0.26 0.0 0.0
60 0.26 0.0 0.0
61 0.26 0.0 0.0
62 0.26 0.0 0.0
63 0.26 0.0 0.0
64 0.26 0.0 0.0
65 0.26 0.0 0.0
66 0.26 0.0 0.0
67 0.26 0.0 0.0
68 0.26 0.0 0.0
69 0.26 0.0 0.0
70 0.26 0.0 0.0
71 0.26 0.0 0.0
72 0.26 0.0 0.0
73 0.26 0.0 0.0
74 0.26 0.0 0.0
75 0.26 0.0 0.0
76 0.26 0.0 0.0
77 0.26 0.0 0.0
78 0.26 0.0 0.0
79 0.26 0.0 0.0
80 0.26 0.0 0.0
81 0.26 -0.05 0.0
82 0.26 -0.1 0.0
83 0.26 -0.1 0.0
84 0.26 -0.1 0.0
85 0.26 -0.1 0.0
86 0.26 -0.1 0.0
87 0.26 -0.1 0.0
88 0.26 -0.1 0.0
89 0.26 -0.1 0.0
90 0.26 -0.1 0.0
91 0.26 -0.1 0.0
92 0.26 -0.1 0.0
93 0.26 -0.1 0.0
94 0.26 -0.1 0.0
95 0.26 -0.1 0.0
96 0.26 -0.1 0.0
97 0.26 -0.1 0.0
98 0.26 -0.1 0.0
99 0.26 -0.1 0.0
100 0.26 -0.1 0.0
101 0.26 -0.1 0.0
102 0.26 -0.1 0.0
103 0.26 -0.1 0.0
104 0.26 -0.1 0.0
105 0.26 -0.1 0.0
106 0.26 -0.1 0.0
107 0.26 -0.15 0.0
108 0.26 -0.2 0.0
109 0.26 -0.3 0.0
110 0.26 -0.3 0.0
111 0.26 -0.3 0.0
112 0.26 -0.3 0.0
113 0.26 -0.3 0.0
114 0.26 -0.3 0.0
115 0.26 -0.3 0.0
116 0.26 -0.3 0.0
117 0.26 -0.3 0.0
118 0.26 -0.3 0.0
119 0.26 -0.3 0.0
120 0.26 -0.3 0.0
121 0.26 -0.3 0.0
122 0.26 -0.3 0.0
123 0.26 -0.3 0.0
124 0.26 -0.3 0.0
125 0.26 -0.3 0.0
126 0.26 -0.3 0.0
127 0.26 -0.2 0.0
128 0.26 -0.2 0.0
129 0.26 -0.2 0.0
130 0.26 -0.15 0.0
131 0.26 -0.1 0.0
132 0.26 -0.1 0.0
133 0.26 -0.1 0.0
134 0.26 -0.1 0.0
135 0.26 -0.1 0.01875
136 0.26 -0.2 0.05625
137 0.26 -0.25 0.11875
138 0.26 -0.3 0.154416666667
139 0.26 -0.3 0.1725
140 0.26 -0.3 0.187833333333
141 0.26 -0.3 0.190083333333
142 0.26 -0.3 0.20375
143 0.26 -0.3 0.24225
144 0.0 0.0 0.321833333333
145 0.0 0.0 0.34375
146 0.005 0.0 0.513583333333
147 0.01 0.0 0.628833333333
148 0.01 0.0 0.645
149 0.04 0.0 0.645
150 0.065 0.0 0.644666666667
151 0.1 0.0 0.644333333333
152 0.135 0.0 0.649
153 0.165 0.0 0.649
154 0.195 0.0 0.663833333333
155 0.225 0.0 0.684833333333
156 0.25 0.0 0.68425
157 0.26 0.0 0.688916666667
158 0.26 0.0 0.6935
159 0.26 0.0 0.698166666667
160 0.26 0.0 0.702916666667
161 0.26 0.0 0.702916666667
162 0.26 0.0 0.70775
163 0.26 0.0 0.675166666667
164 0.26 0.0 0.466583333333
165 0.26 0.0 0.28225
166 0.26 0.0 0.139166666667
167 0.26 0.0 0.0
168 0.26 0.0 0.0
169 0.26 0.0 0.0
170 0.26 0.0 0.0
171 0.26 0.0 0.0
172 0.26 0.0 0.0
173 0.26 0.0 0.0
174 0.26 0.0 0.0
175 0.26 0.0 0.0
176 0.26 0.0 0.0
177 0.26 0.0 0.0
178 0.26 0.0 0.0
179 0.26 0.0 0.0
180 0.26 0.0 0.0
181 0.26 0.0 0.0
182 0.26 0.0 0.0
183 0.26 0.0 0.0
184 0.26 0.0 0.0
185 0.26 0.0 0.0
186 0.26 0.0 0.0
187 0.26 0.0 0.0
188 0.26 0.0 0.0
189 0.26 0.0 0.0
190 0.26 0.0 0.0
191 0.26 0.0 0.0
192 0.26 0.0 0.0
193 0.26 0.0 0.0
194 0.26 0.0 0.0
195 0.26 0.0 0.0
196 0.26 0.0 0.0
197 0.26 0.0 0.0
198 0.26 0.0 0.0
199 0.26 0.0 0.0
200 0.26 0.0 0.0
201 0.26 0.0 0.0
202 0.26 0.0 0.0
203 0.26 0.0 0.0
204 0.26 0.0 0.0
205 0.26 0.0 0.0
206 0.26 0.0 0.0
207 0.26 0.0 0.0
208 0.26 0.0 0.0
209 0.26 0.0 0.0
210 0.26 0.0 0.0
211 0.26 0.0 0.0
212 0.26 0.0 0.0
213 0.26 0.0 0.0
214 0.26 0.0 0.0
215 0.26 0.0 0.0
216 0.26 0.0 0.0
217 0.26 0.0 0.0
218 0.26 0.0 0.0
219 0.26 0.0 0.0
220 0.26 0.0 0.0
221 0.26 0.0 0.0
222 0.26 0.0 0.0
223 0.26 0.0 0.0
224 0.26 0.0 0.0
225 0.26 0.0 0.0
226 0.26 0.0 0.0
227 0.26 0.0 0.0
228 0.26 0.0 0.0
229 0.26 0.0 0.0
230 0.26 0.0 0.0
231 0.26 0.0 0.0
232 0.26 0.0 0.0
233 0.26 0.0 0.0
234 0.26 -0.05 0.0
235 0.26 -0.1 0.0
236 0.26 -0.1 0.0
237 0.26 -0.45 0.0
238 0.26 -0.75 0.0
239 0.26 -0.8 0.0
240 0.26 -0.9 0.0
241 0.26 -1.0 0.0
242 0.26 -1.1 0.0
243 0.26 -1.2 0.0
244 0.26 -1.25 0.0
245 0.0 0.0 0.196166666667
246 0.0 0.0 0.506666666667
247 0.0 0.0 0.591333333333
248 0.0 0.0 0.614916666667
249 0.01 0.0 0.614833333333
250 0.01 0.0 0.614833333333
251 0.02 0.0 0.61475
252 0.06 0.0 0.614583333333
253 0.1 0.0 0.617333333333
254 0.135 0.0 0.625
255 0.165 0.0 0.632916666667
256 0.2 0.0 0.67825
257 0.24 0.0 0.683333333333
258 0.26 0.0 0.674083333333
259 0.26 0.0 0.710666666667
260 0.26 0.0 0.675416666667
261 0.26 0.0 0.615583333333
262 0.26 0.0 0.609333333333
263 0.26 0.0 0.607916666667
264 0.26 0.0 0.6025
265 0.26 0.0 0.596833333333
266 0.26 0.0 0.595333333333
267 0.26 0.0 0.58875
268 0.26 0.0 0.583083333333
269 0.26 0.0 0.58125
270 0.26 0.0 0.57525
271 0.26 0.0 0.569
272 0.26 0.0 0.567333333333
273 0.26 0.0 0.561833333333
274 0.26 0.0 0.55975
275 0.26 0.0 0.554
276 0.26 0.0 0.552416666667
277 0.26 0.0 0.550583333333
278 0.26 0.0 0.548
279 0.26 0.0 0.546083333333
280 0.26 0.0 0.544166666667
281 0.26 0.0 0.542333333333
282 0.26 0.0 0.541083333333
283 0.26 0.0 0.49475
284 0.26 0.0 0.4365
285 0.26 0.0 0.381833333333
286 0.26 0.0 0.271916666667
287 0.26 0.0 0.216333333333
288 0.26 0.0 0.144333333333
289 0.26 0.0 0.0796666666667
290 0.26 0.0 0.0155833333333
291 0.26 0.0 0.0055
292 0.26 0.0 0.00225
293 0.26 0.0 0.000416666666667
294 0.26 0.0 0.0
295 0.26 0.0 0.0
296 0.26 0.0 0.0
297 0.26 0.0 0.0
298 0.26 0.0 0.0
299 0.26 0.0 0.0
300 0.26 0.0 0.0
301 0.26 0.0 0.0
302 0.26 0.0 0.0
303 0.26 0.0 0.0
