0 0.26 0.0 0.0705833333333
1 0.26 0.0 0.0375
2 0.26 0.0 0.0
3 0.26 0.0 0.0
4 0.26 0.0 0.0
5 0.26 0.0 0.0
6 0.26 0.0 0.0
7 0.26 0.0 0.0
8 0.26 0.0 0.0
9 0.26 0.0 0.0
10 0.26 0.0 0.0
11 0.26 0.0 0.0
12 0.26 0.0 0.0
13 0.26 0.0 0.0
14 0.26 0.0 0.0
15 0.26 -0.05 0.0
16 0.26 -0.1 0.0
17 0.26 -0.15 0.0
18 0.26 -0.25 0.0
19 0.26 -0.3 0.0
20 0.26 -0.3 0.0
21 0.26 -0.3 0.0
22 0.26 -0.3 0.01875
23 0.26 -0.3 0.1
24 0.26 -0.3 0.18125
25 0.26 -0.3 0.2625
26 0.26 -0.3 0.35625
27 0.26 -0.3 0.44375
28 0.26 -0.3 0.54375
29 0.26 -0.3 0.59375
30 0.0 0.0 0.618
31 0.0 0.0 0.53125
32 0.0 0.0 0.4
33 0.0 0.0 0.225
34 0.005 0.0 0.125
35 0.01 0.0 0.109083333333
36 0.01 0.0 0.10625
37 0.01 0.0 0.10625
38 0.04 0.0 0.10625
39 0.065 0.0 0.1
40 0.095 0.0 0.11875
41 0.12 0.0 0.16875
42 0.15 0.0 0.18125
43 0.175 0.0 0.175
44 0.205 0.0 0.1625
45 0.235 0.0 0.16875
46 0.245 0.0 0.1625
47 0.255 0.0 0.15
48 0.26 0.0 0.14375
49 0.26 0.0 0.1375
50 0.26 0.0 0.13125
51 0.26 0.0 0.1125
52 0.26 0.05 0.09375
53 0.26 0.1 0.0875
54 0.26 0.1 0.101666666667
55 0.26 0.15 0.11875
56 0.26 0.2 0.15625
57 0.26 0.25 0.20625
58 0.26 0.3 0.2625
59 0.26 0.3 0.333416666667
60 0.26 0.3 0.40625
61 0.26 0.3 0.48125
62 0.26 0.3 0.55
63 0.26 0.3 0.61875
64 0.26 0.3 0.6875
65 0.26 0.3 0.75
66 0.26 0.3 0.75
67 0.26 0.3 0.75
68 0.26 0.3 0.75
69 0.26 0.3 0.75
70 0.26 0.3 0.75
71 0.26 0.3 0.75
72 0.0 0.0 0.75
73 0.0 0.0 0.75
74 0.0 0.0 0.75
75 0.005 0.0 0.75
76 0.01 0.0 0.75
77 0.01 0.0 0.75
78 0.01 0.0 0.75
79 0.04 0.0 0.75
80 0.065 0.0 0.75
81 0.095 0.0 0.75
82 0.12 0.0 0.75
83 0.15 0.0 0.75
84 0.175 0.0 0.75
85 0.205 0.0 0.75
86 0.235 0.0 0.75
87 0.26 0.0 0.75
88 0.26 0.0 0.75
89 0.26 0.0 0.75
90 0.26 0.0 0.75
91 0.26 0.0 0.75
92 0.26 0.0 0.75
93 0.26 0.0 0.75
94 0.26 0.0 0.75
95 0.26 0.0 0.75
96 0.26 0.0 0.75
97 0.26 0.0 0.75
98 0.26 0.0 0.75
99 0.26 0.0 0.75
100 0.26 0.0 0.75
101 0.26 0.0 0.75
102 0.26 0.0 0.75
103 0.26 0.0 0.75
104 0.26 0.0 0.75
105 0.26 0.0 0.75
106 0.26 0.0 0.75
107 0.26 0.0 0.75
108 0.26 0.0 0.75
109 0.26 0.0 0.75
