0 0.12 0.0 0.269083333333
1 0.145 0.0 0.269166666667
2 0.17 0.0 0.2685
3 0.185 0.0 0.26875
4 0.19 0.0 0.268333333333
5 0.2 0.0 0.267583333333
6 0.205 0.0 0.26675
7 0.215 0.0 0.265166666667
8 0.22 0.0 0.264
9 0.225 0.0 0.26375
10 0.235 0.0 0.263083333333
11 0.24 0.0 0.262333333333
12 0.245 0.0 0.261416666667
13 0.255 0.0 0.260416666667
14 0.26 0.0 0.26
15 0.26 0.0 0.259083333333
16 0.26 0.0 0.2585
17 0.26 -0.1 0.257833333333
18 0.26 -0.1 0.256666666667
19 0.26 -0.1 0.256416666667
20 0.26 -0.1 0.256666666667
21 0.26 -0.2 0.2555
22 0.26 -0.2 0.256083333333
23 0.26 -0.2 0.2545
24 0.26 -0.3 0.25475
25 0.26 -0.3 0.257666666667
26 0.26 -0.3 0.2615
27 0.26 -0.3 0.259083333333
28 0.26 -0.3 0.2575
29 0.26 -0.3 0.2565
30 0.26 -0.35 0.258583333333
31 0.26 -0.4 0.258666666667
32 0.26 -0.4 0.255583333333
33 0.26 -0.4 0.256416666667
34 0.26 -0.4 0.259416666667
35 0.26 -0.4 0.259333333333
36 0.26 -0.4 0.250416666667
37 0.26 -0.4 0.248916666667
38 0.26 -0.4 0.248
39 0.26 -0.4 0.247666666667
40 0.26 -0.4 0.251916666667
41 0.26 -0.4 0.256083333333
42 0.26 -0.4 0.261083333333
43 0.26 -0.4 0.256416666667
44 0.26 -0.4 0.249666666667
45 0.26 -0.4 0.249416666667
46 0.26 -0.4 0.249166666667
47 0.26 -0.4 0.258916666667
48 0.26 -0.4 0.261333333333
49 0.26 -0.4 0.27225
50 0.26 -0.4 0.270583333333
51 0.26 -0.35 0.270833333333
52 0.26 -0.3 0.270916666667
53 0.26 -0.3 0.269833333333
54 0.26 -0.3 0.279416666667
55 0.26 -0.3 0.279333333333
56 0.26 -0.3 0.2815
57 0.26 -0.3 0.291333333333
58 0.26 -0.3 0.291666666667
59 0.26 -0.3 0.291666666667
60 0.26 -0.3 0.291666666667
61 0.26 -0.2 0.291666666667
62 0.26 -0.2 0.291666666667
63 0.26 -0.1 0.291666666667
64 0.26 -0.05 0.291666666667
65 0.26 -2.77555756156e-17 0.291666666667
66 0.26 -2.77555756156e-17 0.291666666667
67 0.26 -2.77555756156e-17 0.291666666667
68 0.26 -2.77555756156e-17 0.291666666667
69 0.26 -2.77555756156e-17 0.291666666667
70 0.26 -2.77555756156e-17 0.291666666667
71 0.26 -2.77555756156e-17 0.291666666667
72 0.26 -2.77555756156e-17 0.291666666667
73 0.26 -2.77555756156e-17 0.291666666667
74 0.26 -2.77555756156e-17 0.291666666667
75 0.26 -2.77555756156e-17 0.291666666667
76 0.26 -2.77555756156e-17 0.291666666667
77 0.26 -2.77555756156e-17 0.291666666667
78 0.26 -2.77555756156e-17 0.291666666667
79 0.26 -2.77555756156e-17 0.291666666667
80 0.26 -2.77555756156e-17 0.291666666667
81 0.26 -2.77555756156e-17 0.291666666667
82 0.26 -2.77555756156e-17 0.291666666667
83 0.26 -2.77555756156e-17 0.291666666667
84 0.26 -2.77555756156e-17 0.291666666667
85 0.26 -2.77555756156e-17 0.291666666667
86 0.26 -2.77555756156e-17 0.291666666667
87 0.26 -2.77555756156e-17 0.291666666667
88 0.26 -2.77555756156e-17 0.291666666667
89 0.26 -2.77555756156e-17 0.291666666667
90 0.26 -2.77555756156e-17 0.291666666667
91 0.26 -2.77555756156e-17 0.291666666667
92 0.26 -2.77555756156e-17 0.291666666667
93 0.26 -2.77555756156e-17 0.291666666667
94 0.26 -2.77555756156e-17 0.291666666667
95 0.26 -2.77555756156e-17 0.291666666667
96 0.26 -2.77555756156e-17 0.291666666667
97 0.26 -2.77555756156e-17 0.291666666667
98 0.26 -2.77555756156e-17 0.291666666667
99 0.26 -2.77555756156e-17 0.291666666667
100 0.26 -2.77555756156e-17 0.291666666667
101 0.26 -2.77555756156e-17 0.291666666667
102 0.26 -2.77555756156e-17 0.291666666667
103 0.26 -2.77555756156e-17 0.291666666667
104 0.26 -2.77555756156e-17 0.291666666667
105 0.26 -2.77555756156e-17 0.291666666667
106 0.26 -2.77555756156e-17 0.291666666667
107 0.26 -2.77555756156e-17 0.291666666667
108 0.26 -2.77555756156e-17 0.291666666667
109 0.26 -2.77555756156e-17 0.291666666667
110 0.26 -2.77555756156e-17 0.291666666667
111 0.26 -2.77555756156e-17 0.291666666667
112 0.26 -2.77555756156e-17 0.291666666667
113 0.26 -2.77555756156e-17 0.291666666667
114 0.26 -2.77555756156e-17 0.291666666667
115 0.26 -2.77555756156e-17 0.291666666667
116 0.26 -2.77555756156e-17 0.291666666667
117 0.26 -2.77555756156e-17 0.291666666667
118 0.26 -2.77555756156e-17 0.291666666667
119 0.26 -2.77555756156e-17 0.291666666667
120 0.26 -2.77555756156e-17 0.291666666667
121 0.26 -2.77555756156e-17 0.291666666667
122 0.26 -2.77555756156e-17 0.291666666667
123 0.26 -2.77555756156e-17 0.291666666667
124 0.26 -2.77555756156e-17 0.291666666667
125 0.26 -2.77555756156e-17 0.291666666667
126 0.26 -2.77555756156e-17 0.291666666667
127 0.26 -2.77555756156e-17 0.291666666667
128 0.26 -2.77555756156e-17 0.291666666667
129 0.26 -2.77555756156e-17 0.291666666667
130 0.26 -2.77555756156e-17 0.291666666667
131 0.26 -2.77555756156e-17 0.291666666667
132 0.26 -2.77555756156e-17 0.291666666667
133 0.26 -2.77555756156e-17 0.291666666667
134 0.26 -2.77555756156e-17 0.291666666667
135 0.26 -2.77555756156e-17 0.291666666667
136 0.26 0.05 0.291666666667
137 0.26 0.1 0.291666666667
138 0.26 0.1 0.291666666667
139 0.26 0.1 0.291666666667
140 0.26 0.1 0.291666666667
141 0.26 0.1 0.291666666667
142 0.26 0.1 0.291666666667
143 0.26 0.1 0.291666666667
144 0.26 0.15 0.291666666667
145 0.26 0.2 0.29125
146 0.26 0.2 0.288916666667
147 0.26 0.2 0.283
148 0.26 0.2 0.2815
149 0.26 0.2 0.281416666667
150 0.26 0.2 0.28175
151 0.26 0.2 0.282
152 0.26 0.2 0.28225
153 0.26 0.2 0.282333333333
154 0.26 0.2 0.282083333333
155 0.26 0.2 0.282083333333
156 0.26 0.2 0.281
157 0.26 0.2 0.27475
158 0.26 0.2 0.269333333333
159 0.26 0.2 0.265083333333
160 0.26 0.2 0.26475
161 0.26 0.2 0.2655
162 0.26 0.2 0.26625
163 0.26 0.2 0.266166666667
164 0.26 0.2 0.266416666667
165 0.26 0.2 0.266083333333
166 0.26 0.2 0.26675
167 0.26 0.2 0.266416666667
168 0.26 0.2 0.26825
169 0.26 0.2 0.266833333333
170 0.26 0.2 0.267333333333
171 0.26 0.2 0.266
172 0.26 0.1 0.257166666667
173 0.26 0.1 0.254416666667
174 0.26 0.1 0.255833333333
175 0.26 0.1 0.258416666667
176 0.26 0.1 0.260166666667
177 0.26 0.1 0.26075
178 0.26 0.1 0.260083333333
179 0.26 0.1 0.2605
180 0.26 0.1 0.2605
181 0.26 0.1 0.26
182 0.26 0.1 0.259166666667
183 0.26 0.1 0.2595
184 0.26 0.1 0.25875
185 0.26 0.1 0.2565
186 0.26 0.1 0.256666666667
187 0.26 0.1 0.255333333333
188 0.26 0.1 0.255333333333
189 0.26 0.1 0.254416666667
190 0.26 0.05 0.253833333333
191 0.26 -2.77555756156e-17 0.25275
192 0.26 -2.77555756156e-17 0.25225
193 0.26 -2.77555756156e-17 0.251916666667
194 0.26 -2.77555756156e-17 0.252083333333
195 0.26 -2.77555756156e-17 0.251083333333
196 0.26 -2.77555756156e-17 0.250583333333
197 0.26 -2.77555756156e-17 0.250416666667
198 0.26 -2.77555756156e-17 0.249916666667
199 0.26 -2.77555756156e-17 0.250333333333
200 0.26 -2.77555756156e-17 0.251083333333
201 0.26 -2.77555756156e-17 0.25
202 0.26 -2.77555756156e-17 0.249583333333
203 0.26 -2.77555756156e-17 0.2505
204 0.26 0.05 0.250916666667
205 0.26 0.1 0.25275
206 0.26 0.1 0.255916666667
207 0.26 0.1 0.25675
208 0.26 0.1 0.256
209 0.26 0.1 0.255583333333
210 0.26 0.1 0.256
211 0.26 0.1 0.2595
212 0.26 0.1 0.263833333333
213 0.26 0.1 0.265916666667
214 0.26 0.1 0.2675
215 0.26 0.1 0.2665
216 0.26 0.2 0.266833333333
217 0.26 0.2 0.267083333333
218 0.26 0.2 0.266333333333
219 0.26 0.2 0.267
220 0.26 0.2 0.266583333333
221 0.26 0.25 0.26625
222 0.26 0.3 0.26325
223 0.26 0.3 0.25225
224 0.26 0.3 0.24325
225 0.26 0.3 0.24675
226 0.26 0.3 0.247666666667
227 0.26 0.3 0.257666666667
228 0.26 0.35 0.263666666667
229 0.26 0.4 0.27325
230 0.26 0.4 0.27325
231 0.26 0.4 0.273916666667
232 0.26 0.4 0.274
233 0.26 0.4 0.273916666667
234 0.26 0.4 0.273916666667
235 0.26 0.4 0.274083333333
236 0.26 0.4 0.273916666667
237 0.26 0.4 0.274083333333
238 0.26 0.4 0.283416666667
239 0.26 0.4 0.291666666667
240 0.26 0.4 0.291666666667
241 0.26 0.4 0.291666666667
242 0.26 0.4 0.291666666667
243 0.26 0.4 0.291666666667
244 0.26 0.4 0.291666666667
245 0.26 0.4 0.291666666667
246 0.26 0.3 0.291666666667
247 0.26 0.3 0.291666666667
248 0.26 0.3 0.291666666667
249 0.26 0.25 0.291666666667
250 0.26 0.2 0.291666666667
251 0.26 0.2 0.291666666667
252 0.26 0.2 0.291666666667
253 0.26 0.15 0.291666666667
254 0.26 0.1 0.291666666667
255 0.26 0.1 0.291666666667
256 0.26 0.1 0.291666666667
257 0.26 0.1 0.291666666667
258 0.26 0.1 0.291666666667
259 0.26 0.15 0.291666666667
260 0.26 0.2 0.291666666667
261 0.26 0.25 0.291666666667
262 0.26 0.3 0.29075
263 0.26 0.3 0.285583333333
264 0.26 0.3 0.280416666667
265 0.26 0.3 0.2695
266 0.26 0.3 0.265666666667
267 0.26 0.3 0.265083333333
268 0.26 0.3 0.256333333333
269 0.26 0.3 0.25425
270 0.26 0.25 0.254916666667
271 0.26 0.15 0.25425
272 0.26 0.1 0.252583333333
273 0.26 0.1 0.25075
274 0.26 2.77555756156e-17 0.249333333333
275 0.26 2.77555756156e-17 0.249166666667
276 0.26 2.77555756156e-17 0.248916666667
277 0.26 2.77555756156e-17 0.249333333333
278 0.26 2.77555756156e-17 0.25025
279 0.26 2.77555756156e-17 0.249583333333
280 0.26 2.77555756156e-17 0.25
281 0.26 2.77555756156e-17 0.247833333333
282 0.26 2.77555756156e-17 0.2445
283 0.26 2.77555756156e-17 0.2405
284 0.26 2.77555756156e-17 0.237416666667
285 0.26 2.77555756156e-17 0.233916666667
286 0.26 2.77555756156e-17 0.231333333333
287 0.26 2.77555756156e-17 0.229166666667
288 0.26 2.77555756156e-17 0.228583333333
289 0.26 2.77555756156e-17 0.2305
290 0.26 2.77555756156e-17 0.233333333333
291 0.26 2.77555756156e-17 0.238833333333
292 0.26 2.77555756156e-17 0.241916666667
293 0.26 2.77555756156e-17 0.24275
294 0.26 2.77555756156e-17 0.245833333333
295 0.26 2.77555756156e-17 0.249583333333
296 0.26 2.77555756156e-17 0.252583333333
297 0.26 2.77555756156e-17 0.253333333333
298 0.26 2.77555756156e-17 0.253083333333
299 0.26 2.77555756156e-17 0.25275
300 0.26 2.77555756156e-17 0.25275
301 0.26 2.77555756156e-17 0.252416666667
302 0.26 2.77555756156e-17 0.251916666667
303 0.26 2.77555756156e-17 0.251666666667
304 0.26 2.77555756156e-17 0.251166666667
305 0.26 2.77555756156e-17 0.250833333333
306 0.26 2.77555756156e-17 0.25075
307 0.26 2.77555756156e-17 0.25025
308 0.26 2.77555756156e-17 0.250166666667
309 0.26 2.77555756156e-17 0.249916666667
310 0.26 2.77555756156e-17 0.249333333333
311 0.26 2.77555756156e-17 0.249083333333
312 0.26 2.77555756156e-17 0.249583333333
313 0.26 2.77555756156e-17 0.24925
314 0.26 2.77555756156e-17 0.249083333333
315 0.26 2.77555756156e-17 0.249083333333
316 0.26 2.77555756156e-17 0.249333333333
317 0.26 2.77555756156e-17 0.2495
318 0.26 2.77555756156e-17 0.25
319 0.26 2.77555756156e-17 0.251416666667
320 0.26 2.77555756156e-17 0.252
321 0.26 2.77555756156e-17 0.25325
322 0.26 2.77555756156e-17 0.254833333333
323 0.26 2.77555756156e-17 0.25625
324 0.26 2.77555756156e-17 0.2585
325 0.26 2.77555756156e-17 0.26075
326 0.26 2.77555756156e-17 0.262583333333
327 0.26 2.77555756156e-17 0.265
328 0.26 2.77555756156e-17 0.267416666667
329 0.26 2.77555756156e-17 0.27075
330 0.26 2.77555756156e-17 0.273833333333
331 0.26 2.77555756156e-17 0.278666666667
332 0.26 2.77555756156e-17 0.2825
333 0.26 2.77555756156e-17 0.284666666667
334 0.26 2.77555756156e-17 0.287333333333
335 0.26 2.77555756156e-17 0.289833333333
336 0.26 2.77555756156e-17 0.291583333333
337 0.26 2.77555756156e-17 0.291666666667
338 0.26 2.77555756156e-17 0.291666666667
339 0.26 2.77555756156e-17 0.291666666667
340 0.26 2.77555756156e-17 0.291666666667
341 0.26 2.77555756156e-17 0.291666666667
342 0.26 2.77555756156e-17 0.291666666667
343 0.26 2.77555756156e-17 0.291666666667
344 0.26 2.77555756156e-17 0.291666666667
345 0.26 2.77555756156e-17 0.291666666667
346 0.26 2.77555756156e-17 0.291666666667
347 0.26 2.77555756156e-17 0.291666666667
348 0.26 2.77555756156e-17 0.291666666667
349 0.26 2.77555756156e-17 0.291666666667
350 0.26 2.77555756156e-17 0.291666666667
351 0.26 2.77555756156e-17 0.291666666667
352 0.26 2.77555756156e-17 0.291666666667
353 0.26 2.77555756156e-17 0.291666666667
354 0.26 2.77555756156e-17 0.291666666667
355 0.26 2.77555756156e-17 0.291666666667
356 0.26 2.77555756156e-17 0.291666666667
357 0.26 2.77555756156e-17 0.291666666667
358 0.26 2.77555756156e-17 0.291666666667
359 0.26 2.77555756156e-17 0.291666666667
360 0.26 2.77555756156e-17 0.291666666667
361 0.26 2.77555756156e-17 0.291666666667
362 0.26 2.77555756156e-17 0.291666666667
363 0.26 2.77555756156e-17 0.291666666667
364 0.26 2.77555756156e-17 0.291666666667
365 0.26 2.77555756156e-17 0.291666666667
366 0.26 2.77555756156e-17 0.291666666667
367 0.26 2.77555756156e-17 0.291666666667
368 0.26 2.77555756156e-17 0.291666666667
369 0.26 2.77555756156e-17 0.291666666667
370 0.26 2.77555756156e-17 0.291666666667
371 0.26 2.77555756156e-17 0.291666666667
372 0.26 2.77555756156e-17 0.291666666667
373 0.26 2.77555756156e-17 0.291666666667
374 0.26 2.77555756156e-17 0.291666666667
375 0.26 2.77555756156e-17 0.291666666667
376 0.26 2.77555756156e-17 0.291666666667
377 0.26 0.05 0.291666666667
378 0.26 0.1 0.291666666667
379 0.26 0.1 0.291666666667
380 0.26 0.15 0.291666666667
381 0.26 0.2 0.291666666667
382 0.26 0.2 0.291666666667
383 0.26 0.2 0.291666666667
384 0.26 0.2 0.291666666667
385 0.26 0.2 0.291666666667
386 0.26 0.2 0.291666666667
387 0.26 0.2 0.291666666667
388 0.26 0.2 0.291666666667
389 0.26 0.2 0.291666666667
390 0.26 0.2 0.291666666667
391 0.26 0.2 0.291666666667
392 0.26 0.2 0.291666666667
393 0.26 0.2 0.291666666667
394 0.26 0.2 0.291666666667
395 0.26 0.15 0.291666666667
396 0.26 0.1 0.291666666667
397 0.26 0.05 0.291666666667
398 0.26 2.77555756156e-17 0.291666666667
399 0.26 2.77555756156e-17 0.291666666667
400 0.26 2.77555756156e-17 0.291666666667
401 0.26 2.77555756156e-17 0.291666666667
402 0.26 2.77555756156e-17 0.291666666667
403 0.26 2.77555756156e-17 0.291666666667
404 0.26 2.77555756156e-17 0.291666666667
405 0.26 2.77555756156e-17 0.291666666667
406 0.26 2.77555756156e-17 0.291666666667
407 0.26 2.77555756156e-17 0.291666666667
408 0.26 2.77555756156e-17 0.291666666667
409 0.26 2.77555756156e-17 0.291666666667
410 0.26 2.77555756156e-17 0.291666666667
411 0.26 2.77555756156e-17 0.291666666667
412 0.26 2.77555756156e-17 0.291666666667
413 0.26 2.77555756156e-17 0.291666666667
414 0.26 2.77555756156e-17 0.291666666667
415 0.26 2.77555756156e-17 0.291666666667
416 0.26 2.77555756156e-17 0.291666666667
417 0.26 2.77555756156e-17 0.291666666667
418 0.26 2.77555756156e-17 0.291666666667
419 0.26 2.77555756156e-17 0.291666666667
420 0.26 2.77555756156e-17 0.291666666667
421 0.26 2.77555756156e-17 0.291666666667
422 0.26 2.77555756156e-17 0.291666666667
423 0.26 2.77555756156e-17 0.291666666667
424 0.26 2.77555756156e-17 0.291666666667
425 0.26 2.77555756156e-17 0.291666666667
426 0.26 2.77555756156e-17 0.291666666667
427 0.26 2.77555756156e-17 0.291666666667
428 0.26 2.77555756156e-17 0.291666666667
429 0.26 2.77555756156e-17 0.291666666667
430 0.26 2.77555756156e-17 0.291666666667
431 0.26 2.77555756156e-17 0.291666666667
432 0.26 2.77555756156e-17 0.291666666667
433 0.26 2.77555756156e-17 0.291666666667
434 0.26 2.77555756156e-17 0.291666666667
435 0.26 2.77555756156e-17 0.291666666667
436 0.26 2.77555756156e-17 0.291666666667
437 0.26 2.77555756156e-17 0.291666666667
438 0.26 2.77555756156e-17 0.291666666667
439 0.26 2.77555756156e-17 0.291666666667
440 0.26 2.77555756156e-17 0.291666666667
441 0.26 2.77555756156e-17 0.291666666667
442 0.26 2.77555756156e-17 0.291666666667
443 0.26 2.77555756156e-17 0.291666666667
444 0.26 2.77555756156e-17 0.291666666667
445 0.26 2.77555756156e-17 0.291666666667
446 0.26 2.77555756156e-17 0.291666666667
447 0.26 2.77555756156e-17 0.291666666667
448 0.26 2.77555756156e-17 0.291666666667
449 0.26 2.77555756156e-17 0.291666666667
450 0.26 2.77555756156e-17 0.291666666667
451 0.26 2.77555756156e-17 0.291666666667
452 0.26 2.77555756156e-17 0.291666666667
453 0.26 2.77555756156e-17 0.291666666667
454 0.26 2.77555756156e-17 0.291666666667
455 0.26 2.77555756156e-17 0.291666666667
456 0.26 2.77555756156e-17 0.291666666667
457 0.26 2.77555756156e-17 0.291666666667
458 0.26 2.77555756156e-17 0.291666666667
459 0.26 2.77555756156e-17 0.291666666667
460 0.26 2.77555756156e-17 0.291666666667
461 0.26 2.77555756156e-17 0.291666666667
462 0.26 2.77555756156e-17 0.291666666667
463 0.26 2.77555756156e-17 0.291666666667
464 0.26 2.77555756156e-17 0.291666666667
465 0.26 2.77555756156e-17 0.291666666667
466 0.26 2.77555756156e-17 0.291666666667
467 0.26 2.77555756156e-17 0.291666666667
468 0.26 2.77555756156e-17 0.291666666667
469 0.26 2.77555756156e-17 0.291666666667
470 0.26 2.77555756156e-17 0.291666666667
471 0.26 2.77555756156e-17 0.291666666667
472 0.26 2.77555756156e-17 0.291666666667
473 0.26 2.77555756156e-17 0.291666666667
474 0.26 2.77555756156e-17 0.291666666667
475 0.26 2.77555756156e-17 0.291666666667
476 0.26 2.77555756156e-17 0.291666666667
477 0.26 0.1 0.291666666667
478 0.26 0.1 0.291666666667
479 0.26 0.1 0.291666666667
480 0.26 0.25 0.291666666667
481 0.26 0.35 0.291666666667
482 0.26 0.45 0.291666666667
483 0.26 0.5 0.291666666667
484 0.26 0.6 0.291666666667
485 0.26 0.55 0.291666666667
486 0.26 0.5 0.291666666667
487 0.26 0.5 0.291666666667
488 0.26 0.5 0.291666666667
489 0.26 0.5 0.291666666667
490 0.26 0.5 0.291666666667
491 0.26 0.5 0.291666666667
492 0.26 0.5 0.291666666667
493 0.26 0.5 0.291666666667
494 0.26 0.45 0.291666666667
495 0.26 0.4 0.291666666667
496 0.26 0.35 0.291666666667
497 0.26 0.3 0.291666666667
498 0.26 0.25 0.291666666667
499 0.26 0.15 0.291666666667
500 0.26 0.1 0.291666666667
501 0.26 0.1 0.291666666667
502 0.26 0.1 0.291666666667
503 0.26 0.05 0.291666666667
504 0.26 2.77555756156e-17 0.291666666667
505 0.26 2.77555756156e-17 0.291666666667
506 0.26 2.77555756156e-17 0.291666666667
507 0.26 2.77555756156e-17 0.291666666667
508 0.26 2.77555756156e-17 0.291666666667
509 0.26 2.77555756156e-17 0.291666666667
510 0.26 2.77555756156e-17 0.291666666667
511 0.26 2.77555756156e-17 0.291666666667
512 0.26 2.77555756156e-17 0.291666666667
513 0.26 2.77555756156e-17 0.291666666667
514 0.26 2.77555756156e-17 0.291666666667
515 0.26 2.77555756156e-17 0.291666666667
516 0.26 2.77555756156e-17 0.291666666667
517 0.26 2.77555756156e-17 0.291666666667
518 0.26 2.77555756156e-17 0.291666666667
519 0.26 2.77555756156e-17 0.291666666667
520 0.26 2.77555756156e-17 0.291666666667
521 0.26 2.77555756156e-17 0.291666666667
522 0.26 2.77555756156e-17 0.291666666667
523 0.26 2.77555756156e-17 0.291666666667
524 0.26 2.77555756156e-17 0.291666666667
525 0.26 2.77555756156e-17 0.291666666667
526 0.26 2.77555756156e-17 0.291666666667
527 0.26 2.77555756156e-17 0.291666666667
528 0.26 2.77555756156e-17 0.291666666667
529 0.26 2.77555756156e-17 0.291666666667
530 0.26 2.77555756156e-17 0.291666666667
531 0.26 2.77555756156e-17 0.291666666667
532 0.26 2.77555756156e-17 0.291666666667
533 0.26 2.77555756156e-17 0.1
534 0.26 2.77555756156e-17 0.1
535 0.26 2.77555756156e-17 0.1
536 0.26 2.77555756156e-17 0.1
537 0.26 2.77555756156e-17 0.1
538 0.26 2.77555756156e-17 0.1
539 0.26 2.77555756156e-17 0.1
540 0.26 2.77555756156e-17 0.1
541 0.26 2.77555756156e-17 0.1
542 0.26 2.77555756156e-17 0.1
543 0.26 2.77555756156e-17 0.1
544 0.26 2.77555756156e-17 0.1
545 0.26 2.77555756156e-17 0.1
546 0.26 2.77555756156e-17 0.1
547 0.26 2.77555756156e-17 0.1
548 0.26 2.77555756156e-17 0.1
549 0.26 2.77555756156e-17 0.1
550 0.26 2.77555756156e-17 0.1
551 0.26 2.77555756156e-17 0.1
552 0.26 2.77555756156e-17 0.1
553 0.26 2.77555756156e-17 0.1
554 0.26 2.77555756156e-17 0.1
555 0.26 2.77555756156e-17 0.1
556 0.26 2.77555756156e-17 0.1
557 0.26 2.77555756156e-17 0.1
558 0.26 2.77555756156e-17 0.1
559 0.26 2.77555756156e-17 0.1
560 0.26 2.77555756156e-17 0.1
561 0.26 2.77555756156e-17 0.1
562 0.26 2.77555756156e-17 0.1
563 0.26 2.77555756156e-17 0.1
564 0.26 2.77555756156e-17 0.1
565 0.26 2.77555756156e-17 0.1
566 0.26 2.77555756156e-17 0.1
567 0.26 2.77555756156e-17 0.1
568 0.26 2.77555756156e-17 0.1
569 0.26 2.77555756156e-17 0.1
570 0.26 2.77555756156e-17 0.1
571 0.26 2.77555756156e-17 0.1
572 0.26 2.77555756156e-17 0.1
573 0.26 2.77555756156e-17 0.1
574 0.26 2.77555756156e-17 0.1
575 0.26 2.77555756156e-17 0.1
576 0.26 2.77555756156e-17 0.1
577 0.26 2.77555756156e-17 0.1
578 0.26 2.77555756156e-17 0.1
579 0.26 2.77555756156e-17 0.1
580 0.26 2.77555756156e-17 0.1
581 0.26 2.77555756156e-17 0.1
582 0.26 2.77555756156e-17 0.1
583 0.26 2.77555756156e-17 0.1
584 0.26 2.77555756156e-17 0.1
585 0.26 2.77555756156e-17 0.1
