0 0.26 0.0 0.077
1 0.26 0.0 0.11875
2 0.26 0.0 0.075
3 0.26 0.0 0.08125
4 0.26 0.0 0.075
5 0.26 0.0 0.0625
6 0.26 0.0 0.05
7 0.26 0.0 0.0375
8 0.26 0.0 0.03125
9 0.26 0.0 0.0125
10 0.26 0.0 0.002
11 0.26 0.1 0.0
12 0.26 0.15 0.0
13 0.26 0.2 0.0125
14 0.26 0.25 0.0625
15 0.26 0.3 0.1125
16 0.26 0.35 0.2
17 0.26 0.4 0.29375
18 0.26 0.4 0.4
19 0.26 0.4 0.5125
20 0.26 0.4 0.625
21 0.26 0.4 0.708666666667
22 0.26 0.4 0.59375
23 0.26 0.4 0.4875
24 0.26 0.4 0.375
25 0.26 0.4 0.26875
26 0.26 0.4 0.15625
27 0.0 0.0 0.04375
28 0.0 0.0 0.0
29 0.0 0.0 0.0
30 0.0 0.0 0.0
31 0.01 0.0 0.0
32 0.01 0.0 0.0
33 0.01 0.0 0.0
34 0.03 0.0 0.0
35 0.055 0.0 0.0
36 0.085 0.0 0.0
37 0.11 0.0 0.0
38 0.135 0.0 0.0
39 0.16 0.0 0.0
40 0.19 0.0 0.0
41 0.215 0.0 0.0
42 0.245 0.0 0.0
43 0.26 0.0 0.0
44 0.26 0.0 0.0
45 0.26 0.0 0.0
46 0.26 0.0 0.0
47 0.26 0.0 0.0
48 0.26 0.0 0.0
49 0.26 -0.05 0.0
50 0.26 -0.1 0.0
51 0.26 -0.1 0.0
52 0.26 -0.15 0.0
53 0.26 -0.2 0.0
54 0.26 -0.2 0.0
55 0.26 -0.2 0.0
56 0.26 -0.2 0.0
57 0.26 -0.2 0.0
58 0.26 -0.2 0.0228333333333
59 0.26 -0.25 0.06875
60 0.26 -0.3 0.125
61 0.26 -0.3 0.19375
62 0.26 -0.35 0.26875
63 0.26 -0.4 0.34375
64 0.26 -0.4 0.4375
65 0.26 -0.45 0.53125
66 0.26 -0.5 0.63125
67 0.26 -0.5 0.74375
68 0.26 -0.5 0.75
69 0.26 -0.5 0.75
70 0.26 -0.5 0.75
71 0.26 -0.5 0.75
72 0.0 0.0 0.75
73 0.0 0.0 0.75
74 0.0 0.0 0.75
75 0.0 0.0 0.75
76 0.0 0.1 0.75
77 0.0 0.1 0.75
78 0.0 0.1 0.75
79 0.0 0.35 0.75
80 0.0 0.6 0.75
81 0.0 0.8 0.725
82 0.0 0.9 0.75
83 0.0 1.0 0.75
84 0.0 1.05 0.75
85 0.0 0.0 0.75
86 0.0 0.0 0.75
87 0.005 0.0 0.75
88 0.01 0.0 0.75
89 0.01 0.0 0.75
90 0.02 0.0 0.75
91 0.045 0.0 0.75
92 0.075 0.0 0.75
93 0.1 0.0 0.75
94 0.13 0.0 0.75
95 0.155 0.0 0.75
96 0.185 0.0 0.75
97 0.21 0.0 0.75
98 0.235 0.0 0.75
99 0.26 0.0 0.75
100 0.26 0.0 0.75
101 0.26 0.0 0.75
102 0.26 0.0 0.75
103 0.26 0.0 0.75
104 0.26 0.0 0.75
105 0.26 0.0 0.75
106 0.26 0.0 0.75
107 0.26 0.0 0.75
108 0.26 0.0 0.75
