0 0.26 0.0 0.057
1 0.26 0.0 0.06875
2 0.26 0.0 0.0875
3 0.26 0.05 0.06875
4 0.26 0.1 0.08125
5 0.26 0.1 0.1
6 0.26 0.1 0.11875
7 0.26 0.1 0.1375
8 0.26 0.1 0.15625
9 0.26 0.1 0.18125
10 0.26 0.1 0.2
11 0.26 0.1 0.21875
12 0.26 0.1 0.24375
13 0.26 0.1 0.2625
14 0.26 0.1 0.2875
15 0.26 0.1 0.30625
16 0.26 0.1 0.33125
17 0.26 0.15 0.35625
18 0.26 0.2 0.38125
19 0.26 0.2 0.4375
20 0.26 0.2 0.49375
21 0.26 0.3 0.55625
22 0.26 0.3 0.6375
23 0.26 0.4 0.73125
24 0.26 0.4 0.68125
25 0.26 0.5 0.56875
26 0.26 0.5 0.44375
27 0.26 0.5 0.30625
28 0.26 0.5 0.175
29 0.26 0.5 0.03125
30 0.26 0.5 0.0
31 0.26 0.5 0.0
32 0.0 0.0 0.0
33 0.0 0.0 0.0
34 0.0 0.0 0.0
35 0.005 0.0 0.0
36 0.01 0.0 0.0
37 0.01 0.0 0.0
38 0.025 0.0 0.0
39 0.05 0.0 0.0
40 0.075 0.0 0.0
41 0.1 0.0 0.0
42 0.13 0.0 0.0
43 0.155 0.0 0.0
44 0.185 0.0 0.0
45 0.21 0.0 0.0
46 0.24 0.0 0.0
47 0.26 0.0 0.0
48 0.26 0.0 0.0
49 0.26 0.0 0.0
50 0.26 -0.05 0.0
51 0.26 -0.1 0.0
52 0.26 -0.15 0.0
53 0.26 -0.2 0.0
54 0.26 -0.25 0.0
55 0.26 -0.3 0.0
56 0.26 -0.35 0.0
57 0.26 -0.4 0.0
58 0.26 -0.45 0.0
59 0.26 -0.5 0.0
60 0.26 -0.5 0.0
61 0.26 -0.5 0.0
62 0.26 -0.5 0.10625
63 0.26 -0.5 0.24375
64 0.26 -0.5 0.38125
65 0.26 -0.5 0.53125
66 0.26 -0.5 0.66875
67 0.26 -0.5 0.75
68 0.26 -0.5 0.75
69 0.26 -0.5 0.75
70 0.0 0.0 0.75
71 0.0 0.0 0.75
72 0.0 0.0 0.75
73 0.0 0.0 0.75
74 0.01 0.0 0.75
75 0.01 0.0 0.75
76 0.01 0.0 0.75
77 0.03 0.0 0.75
78 0.055 0.0 0.75
79 0.08 0.0 0.75
80 0.105 0.0 0.75
81 0.135 0.0 0.75
82 0.16 0.0 0.75
83 0.185 0.0 0.75
84 0.19 0.0 0.75
85 0.2 0.0 0.75
86 0.205 0.0 0.75
87 0.215 0.0 0.75
88 0.225 0.0 0.75
89 0.23 0.0 0.75
90 0.24 0.0 0.75
91 0.245 0.0 0.75
92 0.255 0.0 0.75
93 0.26 0.0 0.75
94 0.26 0.0 0.75
95 0.26 0.0 0.75
96 0.26 0.0 0.75
97 0.26 0.0 0.75
98 0.26 0.0 0.75
99 0.26 0.0 0.75
100 0.26 0.0 0.75
101 0.26 0.0 0.75
102 0.26 0.0 0.75
103 0.26 0.0 0.75
104 0.26 0.0 0.75
105 0.26 0.0 0.75
106 0.26 0.0 0.75
107 0.26 0.0 0.75
108 0.26 0.0 0.75
109 0.26 0.0 0.75
110 0.26 0.0 0.75
