0 0.26 0.0 0.0
1 0.26 0.0 0.0
2 0.26 0.0 0.0
3 0.26 0.0 0.0
4 0.26 0.0 0.0
5 0.26 0.0 0.0
6 0.26 0.0 0.0
7 0.26 0.0 0.0
8 0.26 -0.05 0.0
9 0.26 -0.1 0.0
10 0.26 -0.1 0.0
11 0.26 -0.2 0.0
12 0.26 -0.25 0.0
13 0.26 -0.3 0.0
14 0.26 -0.4 0.0
15 0.26 -0.45 0.08125
16 0.26 -0.5 0.2375
17 0.26 -0.6 0.30875
18 0.26 -0.6 0.33525
19 0.26 -0.6 0.35625
20 0.0 0.0 0.163166666667
21 0.0 0.0 0.0
22 0.005 0.0 0.0
23 0.01 0.0 0.0
24 0.01 0.0 0.0
25 0.02 0.0 0.0
26 0.05 0.0 0.0
27 0.075 0.0 0.0
28 0.105 0.0 0.0
29 0.135 0.0 0.0
30 0.165 0.0 0.0
31 0.19 0.0 0.0
32 0.22 0.0 0.0
33 0.25 0.0 0.0
34 0.26 0.0 0.0
35 0.26 0.0 0.0
36 0.26 0.0 0.0
37 0.26 0.0 0.0
38 0.26 0.0 0.0
39 0.26 0.0 0.0
40 0.26 0.05 0.0
41 0.26 0.1 0.0
42 0.26 0.1 0.0
43 0.26 0.15 0.0
44 0.26 0.2 0.0
45 0.26 0.25 0.0
46 0.26 0.3 0.0
47 0.26 0.35 0.0
48 0.26 0.4 0.0
49 0.26 0.45 0.0
50 0.26 0.5 0.0
51 0.26 0.5 0.0
52 0.26 0.5 0.0
53 0.26 0.5 0.11875
54 0.26 0.5 0.25625
55 0.26 0.5 0.33125
56 0.26 0.5 0.325
57 0.26 0.5 0.31875
58 0.26 0.5 0.2875
59 0.26 0.5 0.15
60 0.0 0.0 0.025
61 0.0 0.0 0.11875
62 0.0 0.0 0.33125
63 0.0 0.0 0.4625
64 0.01 0.0 0.46875
65 0.01 0.0 0.4625
66 0.01 0.0 0.4625
67 0.035 0.0 0.4625
68 0.06 0.0 0.4625
69 0.09 0.0 0.4625
70 0.115 0.0 0.4625
71 0.14 0.0 0.457
72 0.165 0.0 0.4625
73 0.195 0.0 0.459666666667
74 0.225 0.0 0.45625
75 0.25 0.0 0.45
76 0.26 0.0 0.45
77 0.26 0.0 0.44375
78 0.26 0.0 0.4375
79 0.26 0.0 0.43125
80 0.26 0.0 0.425
81 0.26 0.0 0.425
82 0.26 0.0 0.41875
83 0.26 0.0 0.41875
84 0.26 0.0 0.4125
85 0.26 0.0 0.40625
86 0.26 0.0 0.40625
87 0.26 0.0 0.397333333333
88 0.26 0.0 0.39375
89 0.26 0.0 0.39375
90 0.26 0.0 0.38125
91 0.26 0.0 0.38125
92 0.26 0.0 0.38125
93 0.26 0.0 0.375
94 0.26 0.0 0.36875
95 0.26 0.0 0.3625
96 0.26 0.0 0.3625
97 0.26 0.0 0.35625
98 0.26 0.0 0.35
99 0.26 0.0 0.35
100 0.26 0.0 0.35
101 0.26 0.0 0.34375
102 0.26 0.0 0.3375
103 0.26 0.0 0.3375
104 0.26 0.0 0.3375
105 0.26 0.0 0.33125
106 0.26 0.0 0.325
107 0.26 0.0 0.325
108 0.26 0.0 0.31875
109 0.26 0.0 0.31875
110 0.26 0.0 0.3125
111 0.26 0.0 0.30625
112 0.26 0.0 0.30625
113 0.26 0.0 0.30625
114 0.26 0.0 0.3
115 0.26 0.0 0.29375
116 0.26 0.0 0.2875
117 0.26 0.0 0.29375
118 0.26 0.0 0.2875
119 0.26 0.0 0.28125
120 0.26 0.0 0.28125
121 0.26 0.0 0.275
122 0.26 0.0 0.269833333333
123 0.26 0.0 0.275
124 0.26 0.0 0.26875
125 0.26 0.0 0.26875
126 0.26 0.0 0.2625
127 0.26 0.0 0.266333333333
128 0.26 0.05 0.2625
129 0.26 0.1 0.2625
130 0.26 0.15 0.2625
131 0.26 0.2 0.2625
132 0.26 0.3 0.275
133 0.26 0.35 0.19375
134 0.26 0.4 0.1
135 0.26 0.4 0.0
136 0.26 0.4 0.0
137 0.26 0.4 0.0
138 0.0 0.0 0.0
139 0.0 0.0 0.0
140 0.005 0.0 0.0
141 0.01 0.0 0.0
142 0.01 0.0 0.0
143 0.015 0.0 0.0
144 0.045 0.0 0.0
145 0.07 0.0 0.0
146 0.095 0.0 0.0
147 0.125 0.0 0.0
148 0.155 0.0 0.0
149 0.18 0.0 0.0
150 0.21 0.0 0.0
151 0.235 0.0 0.0
152 0.26 0.0 0.0
153 0.26 0.0 0.0
154 0.26 0.0 0.0
155 0.26 0.0 0.0
156 0.26 0.0 0.0
157 0.26 0.0 0.0
158 0.26 -0.05 0.0
159 0.26 -0.1 0.0
160 0.26 -0.2 0.0
161 0.26 -0.25 0.0
162 0.26 -0.3 0.0
163 0.26 -0.4 0.0
164 0.26 -0.45 0.0
165 0.26 -0.5 0.0
166 0.26 -0.5 0.0
167 0.26 -0.5 0.0
168 0.26 -0.5 0.0
169 0.26 -0.5 0.15
170 0.0 0.0 0.2875
171 0.0 0.0 0.40625
172 0.0 0.0 0.53125
173 0.005 0.0 0.699833333333
174 0.01 0.0 0.75
175 0.01 0.0 0.75
176 0.025 0.0 0.75
177 0.05 0.0 0.75
178 0.08 0.0 0.75
179 0.11 0.0 0.75
180 0.14 0.0 0.75
181 0.16 0.0 0.75
182 0.17 0.0 0.75
183 0.18 0.0 0.75
184 0.185 0.0 0.75
185 0.195 0.0 0.75
186 0.2 0.0 0.75
187 0.21 0.0 0.75
188 0.22 0.0 0.75
189 0.225 0.0 0.75
190 0.235 0.0 0.75
191 0.245 0.0 0.75
192 0.255 0.0 0.75
193 0.26 0.0 0.75
194 0.26 0.0 0.75
195 0.26 0.0 0.75
196 0.26 0.0 0.75
197 0.26 0.0 0.75
198 0.26 0.0 0.75
199 0.26 0.0 0.75
200 0.26 0.0 0.75
201 0.26 0.0 0.75
202 0.26 0.0 0.75
203 0.26 0.0 0.75
