0 0.26 0.0 0.0
1 0.26 0.0 0.0
2 0.26 0.05 0.0
3 0.26 0.1 0.0
4 0.26 0.2 0.0
5 0.26 0.2 0.0
6 0.26 0.3 0.0
7 0.26 0.3 0.0
8 0.26 0.3 0.0
9 0.26 0.3 0.03125
10 0.26 0.3 0.13125
11 0.26 0.3 0.2125
12 0.26 0.3 0.29375
13 0.26 0.3 0.36875
14 0.26 0.3 0.45
15 0.26 0.3 0.53125
16 0.26 0.3 0.6125
17 0.26 0.3 0.65
18 0.26 0.3 0.61875
19 0.26 0.3 0.54075
20 0.0 0.0 0.45625
21 0.0 0.0 0.36875
22 0.0 0.0 0.29375
23 0.0 0.0 0.19375
24 0.005 0.0 0.14375
25 0.01 0.0 0.14375
26 0.01 0.0 0.14275
27 0.02 0.0 0.140916666667
28 0.045 0.0 0.139083333333
29 0.075 0.0 0.1375
30 0.1 0.0 0.15
31 0.13 0.0 0.1375
32 0.16 0.0 0.127
33 0.185 0.0 0.1125
34 0.215 0.0 0.104
35 0.245 0.0 0.0830833333333
36 0.26 0.0 0.06875
37 0.26 0.0 0.05
38 0.26 0.0 0.03125
39 0.26 0.0 0.0125
40 0.26 0.0 0.0
41 0.26 0.0 0.0
42 0.26 0.0 0.0
43 0.26 0.0 0.0
44 0.26 0.0 0.0
45 0.26 0.0 0.0
46 0.26 0.0 0.0
47 0.26 0.0 0.0
48 0.26 0.0 0.0
49 0.26 0.0 0.0
50 0.26 0.0 0.0
51 0.26 0.0 0.0
52 0.26 0.0 0.0
53 0.26 0.0 0.0
54 0.26 0.0 0.0
55 0.26 0.0 0.0
56 0.26 0.0 0.0
57 0.26 0.0 0.0
58 0.26 0.0 0.0
59 0.26 0.0 0.0
60 0.26 0.0 0.0
61 0.26 0.0 0.0
62 0.26 0.0 0.0
63 0.26 0.0 0.0
64 0.26 0.0 0.0
65 0.26 0.0 0.0
66 0.26 0.0 0.0
67 0.26 0.0 0.0
68 0.26 0.0 0.0
69 0.26 0.0 0.0
70 0.26 0.0 0.0
71 0.26 0.0 0.0
72 0.26 0.0 0.0
73 0.26 0.0 0.0
74 0.26 0.0 0.0
75 0.26 0.0 0.0
76 0.26 0.0 0.0
77 0.26 0.0 0.0
78 0.26 0.0 0.0
79 0.26 0.0 0.0
80 0.26 0.0 0.0
81 0.26 0.0 0.0
82 0.26 0.0 0.0
83 0.26 0.0 0.0
84 0.26 0.0 0.0
85 0.26 0.0 0.0
86 0.26 0.0 0.0
87 0.26 0.0 0.0
88 0.26 0.0 0.0
89 0.26 0.0 0.0
90 0.26 -0.05 0.0
91 0.26 -0.1 0.0
92 0.26 -0.1 0.0
93 0.26 -0.2 0.0
94 0.26 -0.2 0.0
95 0.26 -0.25 0.0
96 0.26 -0.3 0.0
97 0.26 -0.3 0.0
98 0.26 -0.3 0.0
99 0.26 -0.3 0.0
100 0.26 -0.3 0.0
101 0.26 -0.3 0.0
102 0.26 -0.3 0.0
103 0.26 -0.3 0.0
104 0.26 -0.3 0.0
105 0.26 -0.3 0.0
106 0.26 -0.3 0.0
107 0.26 -0.3 0.0
108 0.26 -0.3 0.0
109 0.26 -0.3 0.0
110 0.26 -0.3 0.0
111 0.26 -0.3 0.0
112 0.26 -0.3 0.0
113 0.26 -0.3 0.0
114 0.0 0.0 0.0
115 0.0 0.0 0.0
116 0.0 0.0 0.0
117 0.005 0.0 0.0
118 0.01 0.0 0.0
119 0.01 0.0 0.0
120 0.025 0.0 0.0
121 0.05 0.0 0.00483333333333
122 0.08 0.0 0.078
123 0.11 0.0 0.0961666666667
124 0.14 0.0 0.0893333333333
125 0.165 0.0 0.08825
126 0.19 0.0 0.08725
127 0.22 0.0 0.0865833333333
128 0.25 0.0 0.0849166666667
129 0.26 0.0 0.078
130 0.26 0.0 0.0769166666667
131 0.26 0.0 0.0758333333333
132 0.26 0.0 0.0691666666667
133 0.26 0.0 0.0688333333333
134 0.26 0.0 0.06875
135 0.26 0.0 0.0625
136 0.26 0.0 0.0625
137 0.26 0.0 0.0604166666667
138 0.26 0.0 0.05625
139 0.26 0.0 0.05625
140 0.26 0.0 0.05
141 0.26 0.0 0.0415
142 0.26 0.0 0.025
143 0.26 0.0 0.00625
144 0.26 0.0 0.0
145 0.26 0.0 0.0
146 0.26 0.0 0.0
147 0.26 0.0 0.0
148 0.26 0.0 0.0
149 0.26 0.0 0.0
150 0.26 0.0 0.0
151 0.26 0.0 0.0
152 0.26 0.0 0.0
153 0.26 0.0 0.0
154 0.26 0.0 0.0
155 0.26 0.0 0.0
156 0.26 0.0 0.0
157 0.26 0.0 0.0
158 0.26 0.0 0.0
159 0.26 0.0 0.0
160 0.26 0.0 0.0
161 0.26 0.0 0.0
162 0.26 0.0 0.0
163 0.26 -0.1 0.0
164 0.26 -0.1 0.0
165 0.26 -0.15 0.0
166 0.26 -0.2 0.0
167 0.26 -0.2 0.0
168 0.26 -0.2 0.0
169 0.26 -0.2 0.0
170 0.26 -0.2 0.0
171 0.26 -0.2 0.00183333333333
172 0.26 -0.2 0.00808333333333
173 0.26 -0.2 0.0116666666667
174 0.26 -0.2 0.0138333333333
175 0.26 -0.2 0.0133333333333
176 0.26 -0.2 0.0100833333333
177 0.26 -0.2 0.007
178 0.26 -0.2 0.00441666666667
179 0.26 -0.25 0.002
180 0.26 -0.3 0.0
181 0.26 -0.3 0.0
182 0.26 -0.3 0.0
183 0.26 -0.3 0.0
184 0.26 -0.3 0.0
185 0.26 -0.3 0.0
186 0.26 -0.3 0.0
187 0.0 0.0 0.0
188 0.0 0.0 0.0
189 0.005 0.0 0.0
190 0.01 0.0 0.0
191 0.01 0.0 0.0
192 0.02 0.0 0.0
193 0.05 0.0 0.0
194 0.075 0.0 0.0
195 0.1 0.0 0.0
196 0.125 0.0 0.0
197 0.155 0.0 0.0
198 0.185 0.0 0.0
199 0.21 0.0 0.0
200 0.24 0.0 0.0
201 0.26 0.0 0.0
202 0.26 0.0 0.0
203 0.26 0.0 0.0
204 0.26 0.0 0.0
205 0.26 0.0 0.0
206 0.26 0.0 0.0
207 0.26 0.0 0.0
208 0.26 0.0 0.0
209 0.26 0.0 0.0
210 0.26 0.0 0.0
211 0.26 0.0 0.0
212 0.26 0.0 0.0
213 0.26 0.0 0.0
214 0.26 0.0 0.0
215 0.26 0.0 0.0
216 0.26 0.0 0.0
217 0.26 0.0 0.0
218 0.26 0.0 0.0
219 0.26 0.0 0.0
220 0.26 0.0 0.0
221 0.26 0.0 0.0
222 0.26 0.0 0.0
223 0.26 0.0 0.0
224 0.26 0.0 0.0
225 0.26 0.0 0.0
226 0.26 0.0 0.0
227 0.26 0.0 0.0
228 0.26 0.0 0.0
229 0.26 0.0 0.0
230 0.26 0.0 0.0
231 0.26 0.0 0.0
232 0.26 0.0 0.0
233 0.26 0.0 0.0
234 0.26 0.0 0.0
235 0.26 0.0 0.0
236 0.26 0.0 0.0
237 0.26 0.0 0.0
238 0.26 -0.05 0.0
239 0.26 -0.1 0.0
240 0.26 -0.2 0.0
241 0.26 -0.2 0.0
242 0.26 -0.3 0.0
243 0.26 -0.3 0.0
244 0.26 -0.3 0.0
245 0.26 -0.3 0.0
246 0.26 -0.3 0.0
247 0.26 -0.3 0.0
248 0.26 -0.3 0.0
249 0.26 -0.3 0.0
250 0.26 -0.3 0.0
251 0.26 -0.3 0.0
252 0.26 -0.3 0.0
253 0.26 -0.3 0.0
254 0.26 -0.3 0.0
255 0.26 -0.3 0.0
256 0.26 -0.3 0.0
257 0.26 -0.35 0.0
258 0.26 -0.4 0.0625
259 0.26 -0.4 0.16875
260 0.26 -0.4 0.200916666667
261 0.26 -0.4 0.222
262 0.26 -0.4 0.3215
263 0.26 -0.4 0.413916666667
264 0.26 -0.4 0.512833333333
265 0.26 -0.4 0.577583333333
266 0.26 -0.4 0.57725
267 0.0 0.0 0.602416666667
268 0.0 0.0 0.58725
269 0.0 0.0 0.617666666667
270 0.0 0.0 0.57475
271 0.005 0.0 0.54975
272 0.01 0.0 0.555333333333
273 0.01 0.0 0.549833333333
274 0.03 0.0 0.549833333333
275 0.055 0.0 0.555583333333
276 0.085 0.0 0.547333333333
277 0.11 0.0 0.547083333333
278 0.14 0.0 0.541416666667
279 0.17 0.0 0.541166666667
280 0.2 0.0 0.535166666667
281 0.23 0.0 0.540833333333
282 0.26 0.0 0.534833333333
283 0.26 0.0 0.528166666667
284 0.26 0.0 0.5275
285 0.26 0.0 0.52725
286 0.26 0.0 0.521
287 0.26 0.0 0.51475
288 0.26 0.0 0.513166666667
289 0.26 0.0 0.507666666667
290 0.26 0.0 0.50125
291 0.26 0.0 0.500916666667
292 0.26 0.0 0.500666666667
293 0.26 0.0 0.494416666667
294 0.26 0.0 0.494416666667
295 0.26 0.0 0.50025
296 0.26 0.0 0.500333333333
297 0.26 0.0 0.50025
298 0.26 0.0 0.506333333333
299 0.26 0.0 0.50625
300 0.26 0.0 0.50625
301 0.26 0.0 0.5125
302 0.26 0.0 0.5125
303 0.26 0.0 0.51875
304 0.26 0.0 0.51875
305 0.26 0.0 0.35725
306 0.26 0.0 0.0
307 0.26 0.0 0.0
308 0.26 0.0 0.0
309 0.26 0.0 0.0
310 0.26 0.0 0.0
311 0.26 0.0 0.0
312 0.26 0.0 0.0
313 0.26 0.0 0.0
314 0.26 0.0 0.0
315 0.26 0.0 0.0
316 0.26 0.0 0.0
317 0.26 0.0 0.0
318 0.26 0.0 0.0
319 0.26 0.0 0.0
320 0.26 0.0 0.0
321 0.26 0.0 0.0
322 0.26 0.0 0.0
323 0.26 0.0 0.0
324 0.26 0.0 0.0
325 0.26 0.0 0.0
326 0.26 0.0 0.0
327 0.26 0.0 0.0
328 0.26 0.0 0.0
329 0.26 0.0 0.0
330 0.26 0.0 0.0
331 0.26 0.0 0.0
332 0.26 0.0 0.0
333 0.26 0.0 0.0
334 0.26 0.0 0.0
335 0.26 0.0 0.0
336 0.26 0.0 0.0
337 0.26 0.0 0.0
338 0.26 0.0 0.0
339 0.26 0.0 0.0
340 0.26 0.0 0.0
341 0.26 0.0 0.0
342 0.26 0.0 0.0
343 0.26 0.0 0.0
344 0.26 0.0 0.0
345 0.26 0.0 0.0
346 0.26 0.0 0.0
347 0.26 0.0 0.0
348 0.26 0.0 0.0
349 0.26 0.0 0.0
350 0.26 0.0 0.0
351 0.26 0.0 0.0
352 0.26 0.0 0.0
353 0.26 0.0 0.0
