0 0.26 0.0 0.0
1 0.26 0.0 0.0
2 0.26 0.0 0.0
3 0.26 0.0 0.0
4 0.26 0.0 0.0
5 0.26 0.0 0.0
6 0.26 0.1 0.0
7 0.26 0.2 0.0
8 0.26 0.3 0.0
9 0.26 0.4 0.0
10 0.26 0.4 0.0
11 0.26 0.4 0.1
12 0.26 0.4 0.24375
13 0.26 0.4 0.33125
14 0.26 0.4 0.46875
15 0.26 0.4 0.575
16 0.26 0.4 0.63125
17 0.26 0.4 0.54375
18 0.26 0.4 0.39375
19 0.0 0.0 0.225
20 0.0 0.0 0.19375
21 0.0 0.0 0.2375
22 0.01 0.0 0.314666666667
23 0.01 0.0 0.320416666667
24 0.02 0.0 0.325166666667
25 0.05 0.0 0.325
26 0.085 0.0 0.308
27 0.125 0.0 0.26875
28 0.16 0.0 0.2375
29 0.2 0.0 0.23125
30 0.24 0.0 0.2125
31 0.26 0.0 0.216166666667
32 0.26 0.0 0.194666666667
33 0.26 0.0 0.170583333333
34 0.26 0.0 0.158
35 0.26 0.0 0.138333333333
36 0.26 0.0 0.121916666667
37 0.26 0.0 0.10625
38 0.26 0.0 0.0875
39 0.26 0.0 0.06875
40 0.26 0.0 0.04375
41 0.26 0.0 0.025
42 0.26 0.0 0.0125
43 0.26 0.0 0.0
44 0.26 0.0 0.0
45 0.26 0.0 0.0
46 0.26 0.0 0.0
47 0.26 0.0 0.0
48 0.26 0.0 0.0
49 0.26 0.0 0.0
50 0.26 0.0 0.0
51 0.26 0.0 0.0
52 0.26 0.0 0.0
53 0.26 0.0 0.0
54 0.26 0.0 0.0
55 0.26 0.0 0.0
56 0.26 0.0 0.0
57 0.26 0.0 0.0
58 0.26 -0.05 0.0
59 0.26 -0.15 0.0
60 0.26 -0.2 0.0
61 0.26 -0.25 0.0
62 0.26 -0.3 0.0
63 0.26 -0.3 0.0
64 0.26 -0.3 0.0
65 0.26 -0.3 0.0
66 0.26 -0.2 0.06875
67 0.26 -0.2 0.13125
68 0.26 -0.2 0.20625
69 0.26 -0.15 0.259916666667
70 0.26 -0.1 0.234166666667
71 0.26 -0.1 0.19275
72 0.26 -0.1 0.134416666667
73 0.26 -0.1 0.0598333333333
74 0.26 -0.1 0.0
75 0.26 -0.1 0.0
76 0.26 -0.1 0.0
77 0.26 -0.1 0.0
78 0.26 -0.1 0.0
79 0.26 -0.1 0.0
80 0.26 -0.1 0.0
81 0.26 -0.1 0.0
82 0.26 -0.05 0.0
83 0.26 -2.77555756156e-17 0.0
84 0.26 -2.77555756156e-17 0.0
85 0.26 -2.77555756156e-17 0.0
86 0.26 -2.77555756156e-17 0.0
87 0.26 -2.77555756156e-17 0.0
88 0.26 0.05 0.0
89 0.26 0.1 0.0
90 0.26 0.1 0.0
91 0.26 0.1 0.0
92 0.26 0.1 0.0
93 0.26 0.1 0.0
94 0.26 0.1 0.0
95 0.26 0.1 0.0
96 0.26 0.1 0.0
97 0.26 0.1 0.0
98 0.26 0.1 0.0
99 0.26 0.1 0.0
100 0.26 0.1 0.0
101 0.26 0.1 0.0
102 0.26 0.1 0.0
103 0.26 0.1 0.0
104 0.26 0.1 0.0
105 0.26 0.05 0.0
106 0.26 -2.77555756156e-17 0.0
107 0.26 -0.1 0.0
108 0.26 -0.2 0.0
109 0.26 -0.25 0.0
110 0.26 -0.3 0.0
111 0.26 -0.3 0.0
112 0.26 -0.3 0.0
113 0.26 -0.3 0.0
114 0.26 -0.3 0.0
115 0.26 -0.3 0.0
116 0.26 -0.3 0.0
117 0.26 -0.3 0.0
118 0.26 -0.3 0.0
119 0.26 -0.3 0.0
120 0.26 -0.3 0.0
121 0.26 -0.3 0.0
122 0.26 -0.3 0.0
123 0.26 -0.3 0.0
124 0.26 -0.3 0.0
125 0.26 -0.3 0.0
126 0.26 -0.3 0.0
127 0.26 -0.3 0.0
128 0.26 -0.3 0.0
129 0.26 -0.3 0.0
130 0.26 -0.3 0.0
131 0.26 -0.3 0.0
132 0.26 -0.3 0.0
133 0.26 -0.3 0.0
134 0.26 -0.3 0.0
135 0.26 -0.3 0.0
136 0.26 -0.3 0.03475
137 0.26 -0.3 0.0488333333333
138 0.26 -0.3 0.0728333333333
139 0.26 -0.3 0.0763333333333
140 0.26 -0.3 0.0925
141 0.26 -0.3 0.126833333333
142 0.26 -0.3 0.029
143 0.26 -0.3 0.0
144 0.26 -0.3 0.0
145 0.0 0.0 0.0
146 0.0 0.0 0.0541666666667
147 0.005 0.0 0.35
148 0.01 0.0 0.439166666667
149 0.01 0.0 0.498916666667
150 0.02 0.0 0.51875
151 0.065 0.0 0.5125
152 0.1 0.0 0.50625
153 0.13 0.0 0.488916666667
154 0.175 0.0 0.48125
155 0.21 0.0 0.461333333333
156 0.24 0.0 0.457583333333
157 0.26 0.0 0.436916666667
158 0.26 0.0 0.401166666667
159 0.26 0.0 0.38025
160 0.26 0.0 0.34375
161 0.26 0.0 0.316
162 0.26 0.0 0.2625
163 0.26 0.0 0.208416666667
164 0.26 0.0 0.157916666667
165 0.26 0.0 0.1325
166 0.26 0.0 0.100333333333
167 0.26 0.0 0.075
168 0.26 0.1 0.0500833333333
169 0.26 0.1 0.0
170 0.26 0.1 0.0
171 0.26 0.1 0.0
172 0.26 0.1 0.0
173 0.26 0.05 0.0
174 0.26 0.0 0.0
175 0.26 0.0 0.0
176 0.26 0.0 0.0
177 0.26 0.0 0.0
178 0.26 0.0 0.0
179 0.26 0.0 0.0
180 0.26 0.0 0.0
181 0.26 0.0 0.0
182 0.26 0.0 0.0
183 0.26 0.0 0.0
184 0.26 0.0 0.0
185 0.26 0.0 0.0
186 0.26 0.0 0.0
187 0.26 0.0 0.0
188 0.26 0.0 0.0
189 0.26 0.0 0.0
190 0.26 0.0 0.0
191 0.26 0.0 0.0
192 0.26 0.0 0.0
193 0.26 0.0 0.0
194 0.26 0.0 0.0
195 0.26 0.0 0.0
196 0.26 0.0 0.0
197 0.26 0.0 0.0
198 0.26 0.0 0.0
199 0.26 0.0 0.0
200 0.26 0.0 0.0
201 0.26 -0.1 0.0
202 0.26 -0.1 0.0
203 0.26 -0.15 0.0
204 0.26 -0.2 0.0
205 0.26 -0.2 0.0
206 0.26 -0.2 0.0
207 0.26 -0.2 0.0
208 0.26 -0.2 0.0
209 0.26 -0.2 0.0
210 0.26 -0.2 0.0
211 0.26 -0.2 0.0
212 0.26 -0.2 0.0
213 0.26 -0.2 0.0
214 0.26 -0.2 0.0
215 0.26 -0.2 0.0
216 0.26 -0.2 0.0
217 0.26 -0.2 0.0
218 0.26 -0.2 0.0
219 0.26 -0.2 0.0179166666667
220 0.26 -0.2 0.09375
221 0.26 -0.2 0.1405
222 0.26 -0.2 0.137583333333
223 0.26 -0.2 0.125
224 0.26 -0.2 0.126166666667
225 0.26 -0.2 0.146583333333
226 0.26 -0.2 0.209416666667
227 0.26 -0.2 0.265166666667
228 0.26 -0.2 0.327083333333
229 0.26 -0.2 0.377
230 0.0 0.0 0.445083333333
231 0.0 0.0 0.426083333333
232 0.01 0.0 0.394666666667
233 0.01 0.0 0.39475
234 0.01 0.0 0.3885
235 0.04 0.0 0.394833333333
236 0.065 0.0 0.394916666667
237 0.1 0.0 0.394916666667
238 0.13 0.0 0.388416666667
239 0.16 0.0 0.363416666667
240 0.195 0.0 0.3755
241 0.23 0.0 0.36925
242 0.26 0.0 0.3565
243 0.26 0.0 0.344
244 0.26 0.0 0.343833333333
245 0.26 0.0 0.3375
246 0.26 0.0 0.325
247 0.26 0.0 0.31875
248 0.26 0.0 0.249
249 0.26 0.0 0.155833333333
250 0.26 0.0 0.00416666666667
251 0.26 0.0 0.0
252 0.26 0.0 0.0
253 0.26 0.0 0.0
254 0.26 0.0 0.0
255 0.26 0.0 0.0
256 0.26 0.0 0.0
257 0.26 0.0 0.0
258 0.26 0.0 0.0
259 0.26 0.0 0.0
260 0.26 0.0 0.0
261 0.26 0.0 0.0
262 0.26 0.0 0.0
263 0.26 0.0 0.0
264 0.26 0.0 0.0
265 0.26 0.0 0.0
266 0.26 0.0 0.0
267 0.26 0.0 0.0
268 0.26 0.0 0.0
269 0.26 0.0 0.0
270 0.26 0.0 0.0
271 0.26 0.0 0.0
272 0.26 0.0 0.0
273 0.26 0.0 0.0
274 0.26 0.0 0.0
275 0.26 0.0 0.0
276 0.26 0.0 0.0
277 0.26 0.0 0.0
278 0.26 0.0 0.0
279 0.26 0.0 0.0
280 0.26 0.0 0.0
281 0.26 0.0 0.0
282 0.26 0.0 0.0
283 0.26 0.0 0.0
284 0.26 0.0 0.0
285 0.26 0.0 0.0
286 0.26 0.0 0.0
287 0.26 0.0 0.0
288 0.26 0.0 0.0
289 0.26 0.0 0.0
