0 0.26 0.0 0.0
1 0.26 0.0 0.0
2 0.26 0.05 0.0
3 0.26 0.1 0.0
4 0.26 0.15 0.0
5 0.26 0.2 0.0
6 0.26 0.25 0.0
7 0.26 0.3 0.0
8 0.26 0.35 0.0
9 0.26 0.4 0.08125
10 0.26 0.4 0.1875
11 0.26 0.4 0.29375
12 0.26 0.4 0.4
13 0.26 0.4 0.5125
14 0.26 0.4 0.61875
15 0.26 0.4 0.6625
16 0.26 0.4 0.575
17 0.0 0.0 0.437583333333
18 0.0 0.0 0.325
19 0.0 0.0 0.193416666667
20 0.0 0.0 0.126333333333
21 0.01 0.0 0.126
22 0.01 0.0 0.125
23 0.01 0.0 0.125
24 0.04 0.0 0.125
25 0.07 0.0 0.12075
26 0.1 0.0 0.11875
27 0.13 0.0 0.1125
28 0.16 0.0 0.101583333333
29 0.185 0.0 0.0875
30 0.215 0.0 0.08125
31 0.24 0.0 0.0658333333333
32 0.26 0.0 0.04375
33 0.26 0.0 0.0231666666667
34 0.26 0.0 0.00366666666667
35 0.26 0.0 0.0
36 0.26 0.0 0.0
37 0.26 0.0 0.0
38 0.26 0.0 0.0
39 0.26 0.0 0.0
40 0.26 0.0 0.0
41 0.26 0.0 0.0
42 0.26 0.0 0.0
43 0.26 0.0 0.0
44 0.26 0.0 0.0
45 0.26 0.0 0.0
46 0.26 0.0 0.0
47 0.26 0.0 0.0
48 0.26 0.0 0.0
49 0.26 0.0 0.0
50 0.26 0.0 0.0
51 0.26 0.0 0.0
52 0.26 0.0 0.0
53 0.26 0.0 0.0
54 0.26 0.0 0.0
55 0.26 0.0 0.0
56 0.26 0.0 0.0
57 0.26 0.0 0.0
58 0.26 0.0 0.0
59 0.26 0.0 0.0
60 0.26 0.0 0.0
61 0.26 0.0 0.0
62 0.26 0.0 0.0
63 0.26 0.0 0.0
64 0.26 0.0 0.0
65 0.26 0.0 0.0
66 0.26 0.0 0.0
67 0.26 0.0 0.0
68 0.26 0.0 0.0
69 0.26 0.0 0.0
70 0.26 0.0 0.0
71 0.26 0.0 0.0
72 0.26 0.0 0.0
73 0.26 0.0 0.0
74 0.26 0.0 0.0
75 0.26 0.0 0.0
76 0.26 0.0 0.0
77 0.26 0.0 0.0
78 0.26 0.0 0.0
79 0.26 0.0 0.0
80 0.26 0.0 0.0
81 0.26 -0.05 0.0
82 0.26 -0.1 0.0
83 0.26 -0.1 0.0
84 0.26 -0.1 0.0
85 0.26 -0.1 0.0
86 0.26 -0.1 0.0
87 0.26 -0.2 0.0
88 0.26 -0.2 0.0
89 0.26 -0.25 0.0
90 0.26 -0.3 0.0
91 0.26 -0.3 0.0
92 0.26 -0.3 0.0
93 0.26 -0.3 0.0
94 0.26 -0.3 0.0
95 0.26 -0.3 0.0
96 0.26 -0.3 0.0
97 0.26 -0.3 0.0
98 0.26 -0.3 0.0
99 0.26 -0.3 0.0
100 0.26 -0.4 0.0
101 0.26 -0.4 0.0
102 0.26 -0.4 0.0
103 0.26 -0.4 0.0
104 0.26 -0.4 0.0
105 0.26 -0.4 0.0
106 0.0 0.0 0.0
107 0.0 0.0 0.0
108 0.005 0.0 0.0
109 0.01 0.0 0.0
110 0.01 0.0 0.0
111 0.03 0.0 0.0
112 0.055 0.0 0.0
113 0.08 0.0 0.0
114 0.11 0.0 0.0
115 0.14 0.0 0.0
116 0.17 0.0 0.0
117 0.195 0.0 0.0
118 0.225 0.0 0.0
119 0.255 0.0 0.0
120 0.26 0.0 0.0
121 0.26 0.0 0.0
122 0.26 0.0 0.0
123 0.26 0.0 0.0
124 0.26 0.0 0.0
125 0.26 0.0 0.0
126 0.26 0.0 0.0
127 0.26 0.0 0.0
128 0.26 0.0 0.0
129 0.26 0.0 0.0
130 0.26 0.0 0.0
131 0.26 0.0 0.0
132 0.26 0.0 0.0
133 0.26 0.0 0.0
134 0.26 0.0 0.0
135 0.26 0.0 0.0
136 0.26 0.0 0.0
137 0.26 0.0 0.0
138 0.26 0.0 0.0
139 0.26 0.0 0.0
140 0.26 0.0 0.0
141 0.26 0.0 0.0
142 0.26 0.0 0.0
143 0.26 0.0 0.0
144 0.26 0.0 0.0
145 0.26 0.0 0.0
146 0.26 0.0 0.0
147 0.26 0.0 0.0
148 0.26 0.0 0.0
149 0.26 0.0 0.0
150 0.26 0.0 0.0
151 0.26 -0.05 0.0
152 0.26 -0.1 0.0
153 0.26 -0.15 0.0
154 0.26 -0.2 0.0
155 0.26 -0.2 0.0
156 0.26 -0.3 0.0
157 0.26 -0.3 0.0
158 0.26 -0.3 0.0
159 0.26 -0.3 0.0
160 0.26 -0.3 0.0
161 0.26 -0.35 0.0
162 0.26 -0.4 0.0
163 0.26 -0.4 0.0
164 0.26 -0.4 0.0
165 0.26 -0.4 0.0
166 0.26 -0.4 0.0
167 0.26 -0.4 0.0
168 0.26 -0.4 0.0783333333333
169 0.26 -0.4 0.09975
170 0.26 -0.4 0.11375
171 0.26 -0.4 0.130166666667
172 0.26 -0.4 0.136666666667
173 0.26 -0.4 0.184833333333
174 0.26 -0.4 0.247166666667
175 0.26 -0.4 0.33
176 0.26 -0.4 0.4415
177 0.26 -0.4 0.531916666667
178 0.0 0.0 0.457083333333
179 0.0 0.0 0.421166666667
180 0.0 0.0 0.32775
181 0.0 0.0 0.209416666667
182 0.0 0.0 0.0703333333333
183 0.0 0.05 0.05125
184 0.0 0.1 0.0375
185 0.0 0.1 0.03125
186 0.0 0.15 0.025
187 0.0 0.4 0.025
188 0.0 0.7 0.025
189 0.0 0.85 0.03125
190 0.0 0.9 0.0394166666667
191 0.0 1.0 0.0795
192 0.0 0.0 0.153583333333
193 0.0 0.0 0.244
194 0.0 0.0 0.2585
195 0.005 0.0 0.258583333333
196 0.01 0.0 0.258166666667
197 0.01 0.0 0.255416666667
198 0.025 0.0 0.2525
199 0.055 0.0 0.251
200 0.08 0.0 0.249333333333
201 0.11 0.0 0.231833333333
202 0.14 0.0 0.21675
203 0.17 0.0 0.2045
204 0.2 0.0 0.173
205 0.23 0.0 0.137583333333
206 0.245 0.0 0.0989166666667
207 0.25 0.0 0.0490833333333
208 0.26 0.0 0.01975
209 0.26 0.0 0.0113333333333
210 0.26 0.0 0.0065
211 0.26 0.0 0.002
212 0.26 0.0 0.0
213 0.26 0.0 0.0
214 0.26 0.0 0.0
215 0.26 0.0 0.0
216 0.26 0.0 0.0
217 0.26 0.0 0.0
218 0.26 0.0 0.0
219 0.26 0.0 0.0
220 0.26 0.0 0.0
221 0.26 0.0 0.0
222 0.26 0.0 0.0
223 0.26 0.0 0.0
224 0.26 0.0 0.0
225 0.26 0.0 0.0
226 0.26 0.0 0.0
227 0.26 0.0 0.0
228 0.26 0.0 0.0
229 0.26 0.0 0.0
230 0.26 0.0 0.0
231 0.26 0.0 0.0
232 0.26 0.0 0.0
233 0.26 0.0 0.0
234 0.26 0.0 0.0
235 0.26 0.0 0.0
236 0.26 0.0 0.0
237 0.26 0.0 0.0
238 0.26 0.0 0.0
239 0.26 0.0 0.0
240 0.26 0.0 0.0
241 0.26 0.0 0.0
242 0.26 0.0 0.0
243 0.26 0.0 0.0
244 0.26 0.0 0.0
245 0.26 0.0 0.0
246 0.26 0.0 0.0
247 0.26 0.0 0.0
248 0.26 0.0 0.0
249 0.26 0.0 0.0
250 0.26 0.0 0.0
251 0.26 0.0 0.0
252 0.26 0.0 0.0
253 0.26 0.0 0.0
254 0.26 0.0 0.0
255 0.26 0.0 0.0
256 0.26 0.0 0.0
257 0.26 0.0 0.0
258 0.26 0.0 0.0
259 0.26 -0.05 0.0
260 0.26 -0.1 0.0
261 0.26 -0.1 0.0
262 0.26 -0.1 0.0
263 0.26 -0.15 0.0
264 0.26 -0.2 0.0
265 0.26 -0.2 0.0
266 0.26 -0.25 0.0
267 0.26 -0.3 0.0
268 0.26 -0.3 0.0
269 0.26 -0.3 0.0
270 0.26 -0.3 0.0
271 0.26 -0.3 0.0
272 0.26 -0.3 0.0
273 0.26 -0.3 0.0
274 0.26 -0.3 0.0
275 0.26 -0.3 0.0
276 0.26 -0.3 0.0
277 0.26 -0.3 0.0
278 0.26 -0.3 0.05
279 0.26 -0.3 0.125
280 0.26 -0.3 0.157916666667
281 0.26 -0.3 0.145916666667
282 0.26 -0.3 0.14775
283 0.26 -0.3 0.23625
284 0.26 -0.3 0.310583333333
285 0.26 -0.3 0.397583333333
286 0.26 -0.3 0.465833333333
287 0.26 -0.3 0.5155
288 0.26 -0.3 0.521416666667
289 0.0 0.0 0.589666666667
290 0.0 0.0 0.62
291 0.0 0.0 0.396
292 0.01 0.0 0.188666666667
293 0.01 0.0 0.0643333333333
294 0.01 0.0 0.0368333333333
295 0.01 0.0 0.0203333333333
296 0.01 0.0 0.006
297 0.01 0.0 0.0
298 0.015 0.0 0.0
299 0.02 0.0 0.0
300 0.02 0.0 0.0
301 0.025 0.0 0.0
302 0.05 0.0 0.0
303 0.08 0.0 0.0
304 0.11 0.0 0.0
305 0.125 0.0 0.0
306 0.135 0.1 0.0
307 0.14 0.1 0.0
308 0.15 0.1 0.0
309 0.16 0.1 0.0
310 0.165 0.1 0.0
311 0.175 0.1 0.0
312 0.185 0.1 0.00366666666667
313 0.19 0.1 0.00716666666667
314 0.2 0.1 0.00933333333333
315 0.21 0.1 0.012
316 0.22 0.1 0.01425
317 0.23 0.1 0.016
318 0.255 0.1 0.0175833333333
319 0.26 0.1 0.0178333333333
320 0.26 0.1 0.0176666666667
321 0.26 0.1 0.0169166666667
322 0.26 0.15 0.0155
323 0.26 0.2 0.01325
324 0.26 0.2 0.0119166666667
325 0.26 0.2 0.0101666666667
326 0.26 0.2 0.008
327 0.26 0.2 0.00633333333333
328 0.26 0.2 0.00408333333333
329 0.26 0.15 0.00141666666667
330 0.26 0.1 0.00025
331 0.26 0.1 0.0
332 0.26 0.1 0.0
333 0.26 0.1 0.0
334 0.26 0.1 0.0
335 0.26 0.1 0.0
336 0.26 0.1 0.0
337 0.26 0.1 0.0
338 0.26 0.1 0.0
339 0.26 0.1 0.0
340 0.26 0.1 0.0
341 0.26 0.1 0.0
342 0.26 0.1 0.0
343 0.26 0.1 0.0
344 0.26 0.05 0.0
345 0.26 0.0 0.0
346 0.26 0.0 0.0
347 0.26 0.0 0.0
348 0.26 0.0 0.0
349 0.26 0.0 0.0
