0 0.26 0.0 0.75
1 0.26 0.0 0.0
2 0.26 0.0 0.0
3 0.26 0.0 0.0
4 0.26 0.0 0.0
5 0.26 0.0 0.0
6 0.26 0.0 0.0
7 0.26 0.0 0.0
8 0.26 0.0 0.0
9 0.26 0.0 0.0
10 0.26 0.0 0.0
11 0.26 0.0 0.0
12 0.26 0.0 0.0
13 0.26 0.0 0.0
14 0.26 0.0 0.0
15 0.26 0.0 0.0
16 0.26 0.0 0.0
17 0.26 0.0 0.0
18 0.26 0.0 0.0
19 0.26 0.0 0.0
20 0.26 0.0 0.0
21 0.26 0.0 0.0
22 0.26 0.0 0.0
23 0.26 0.0 0.0
24 0.26 0.0 0.0
25 0.26 0.0 0.0
26 0.26 0.0 0.0
27 0.26 0.0 0.0
28 0.26 0.0 0.0
29 0.26 0.0 0.0
30 0.26 0.0 0.0
31 0.26 0.0 0.0
32 0.26 0.0 0.0
33 0.26 0.0 0.0
34 0.26 0.0 0.0
35 0.26 0.0 0.0
36 0.26 0.0 0.0
37 0.26 0.0 0.0
38 0.26 0.0 0.0
39 0.26 0.0 0.0
40 0.26 0.0 0.0
41 0.26 0.0 0.0
42 0.26 0.0 0.0
43 0.26 0.0 0.0
44 0.26 0.0 0.0
45 0.26 0.0 0.0
46 0.26 0.0 0.0
47 0.26 0.0 0.0
48 0.26 0.0 0.0
49 0.26 0.0 0.0
50 0.26 0.0 0.0
51 0.26 0.0 0.0
52 0.26 0.0 0.0
53 0.26 0.05 0.0
54 0.26 0.1 0.0
55 0.26 0.1 0.0
56 0.26 0.1 0.0
57 0.26 0.1 0.0
58 0.26 0.25 0.0
59 0.26 0.4 0.0
60 0.26 0.55 0.0
61 0.26 0.7 0.0
62 0.26 0.9 0.0
63 0.26 0.9 0.0
64 0.26 0.95 0.0
65 0.26 1.0 0.0
66 0.26 1.05 0.0
67 0.26 1.1 0.0
68 0.26 1.15 0.0
69 0.26 1.2 0.0
70 0.26 1.25 0.0
71 0.26 1.3 0.175
72 0.0 0.0 0.26875
73 0.0 0.0 0.275
74 0.0 0.0 0.26875
75 0.0 0.0 0.19375
76 0.0 0.0 0.175
77 0.0 0.0 0.175
78 0.005 0.0 0.175
79 0.01 0.0 0.175
80 0.01 0.0 0.16875
81 0.01 0.0 0.16875
82 0.01 0.0 0.16875
83 0.015 0.0 0.16875
84 0.03 0.0 0.16875
85 0.045 0.0 0.16875
86 0.065 0.0 0.16875
87 0.08 0.0 0.16875
88 0.095 0.0 0.16875
89 0.11 0.0 0.16875
90 0.125 0.0 0.1625
91 0.145 0.0 0.16875
92 0.16 0.0 0.175
93 0.175 0.0 0.18125
94 0.19 0.0 0.175
95 0.205 0.0 0.175
96 0.22 0.0 0.16875
97 0.235 0.0 0.16875
98 0.255 0.0 0.175
99 0.26 0.0 0.175
100 0.26 0.0 0.16875
101 0.26 0.0 0.16875
102 0.26 0.0 0.16875
103 0.26 0.0 0.16875
104 0.26 0.0 0.16875
105 0.26 0.0 0.16875
106 0.26 0.0 0.1625
107 0.26 0.0 0.1625
108 0.26 0.0 0.1625
109 0.26 0.0 0.1625
110 0.26 0.0 0.15625
111 0.26 0.0 0.15625
112 0.26 0.0 0.15625
113 0.26 0.0 0.15625
114 0.26 0.0 0.15625
115 0.26 0.0 0.15625
116 0.26 0.0 0.15
117 0.26 0.0 0.15
118 0.26 0.0 0.14375
119 0.26 0.0 0.14375
120 0.26 0.0 0.14375
121 0.26 0.0 0.14375
122 0.26 0.0 0.1375
123 0.26 0.0 0.1375
124 0.26 0.0 0.1375
125 0.26 0.0 0.13125
126 0.26 0.0 0.13125
127 0.26 0.0 0.13125
128 0.26 0.0 0.125
129 0.26 0.0 0.125
130 0.26 0.0 0.11875
131 0.26 0.0 0.11875
132 0.26 0.0 0.1125
133 0.26 0.0 0.1125
134 0.26 0.0 0.10625
135 0.26 0.0 0.10625
136 0.26 -0.05 0.1
137 0.26 -0.1 0.09375
138 0.26 -0.1 0.1
139 0.26 -0.1 0.11875
140 0.26 -0.1 0.13125
141 0.26 -0.15 0.14375
142 0.26 -0.35 0.1625
143 0.26 -0.5 0.20625
144 0.26 -0.65 0.275
145 0.26 -0.8 0.3625
146 0.26 -0.95 0.425
147 0.26 -1.05 0.51875
148 0.26 -1.1 0.66875
149 0.26 -1.15 0.75
150 0.26 -1.2 0.75
151 0.26 -1.25 0.75
152 0.26 -1.3 0.75
153 0.26 -1.35 0.75
154 0.26 -1.4 0.75
155 0.0 0.0 0.75
156 0.0 0.0 0.75
157 0.0 0.0 0.75
158 0.0 0.0 0.75
159 0.0 0.0 0.75
160 0.005 0.0 0.75
161 0.01 0.0 0.75
162 0.01 0.0 0.75
163 0.01 0.0 0.75
164 0.01 0.0 0.75
165 0.025 0.0 0.75
166 0.04 0.0 0.75
167 0.055 0.0 0.75
168 0.07 0.0 0.75
169 0.085 0.0 0.75
170 0.1 0.0 0.75
171 0.12 0.0 0.75
172 0.135 0.0 0.75
173 0.15 0.0 0.75
174 0.165 0.0 0.75
175 0.18 0.0 0.75
176 0.2 0.0 0.75
177 0.215 0.0 0.75
178 0.22 0.0 0.75
179 0.22 0.0 0.75
180 0.225 0.0 0.75
181 0.23 0.0 0.75
182 0.235 0.0 0.75
183 0.24 0.0 0.75
184 0.245 0.0 0.75
