0 0.125 0.0 0.264
1 0.145 0.0 0.264
2 0.165 0.0 0.264166666667
3 0.19 0.0 0.263666666667
4 0.215 0.0 0.26225
5 0.24 0.0 0.261833333333
6 0.25 0.0 0.260916666667
7 0.255 0.0 0.26075
8 0.26 0.0 0.25975
9 0.26 0.0 0.25975
10 0.26 -0.05 0.259
11 0.26 -0.1 0.256666666667
12 0.26 -0.1 0.255333333333
13 0.26 -0.15 0.25525
14 0.26 -0.2 0.255166666667
15 0.26 -0.2 0.254416666667
16 0.26 -0.2 0.254166666667
17 0.26 -0.3 0.254833333333
18 0.26 -0.3 0.2545
19 0.26 -0.3 0.25125
20 0.26 -0.35 0.251416666667
21 0.26 -0.4 0.2645
22 0.26 -0.4 0.257333333333
23 0.26 -0.4 0.256583333333
24 0.26 -0.4 0.255833333333
25 0.26 -0.4 0.25575
26 0.26 -0.4 0.255666666667
27 0.26 -0.4 0.262333333333
28 0.26 -0.35 0.274
29 0.26 -0.3 0.27425
30 0.26 -0.25 0.274166666667
31 0.26 -0.15 0.273833333333
32 0.26 -0.1 0.273833333333
33 0.26 -0.1 0.273833333333
34 0.26 -0.1 0.272833333333
35 0.26 -0.1 0.272916666667
36 0.26 -0.1 0.27375
37 0.26 -0.1 0.27375
38 0.26 -0.05 0.2755
39 0.26 -2.77555756156e-17 0.278666666667
40 0.26 -2.77555756156e-17 0.279666666667
41 0.26 -2.77555756156e-17 0.279666666667
42 0.26 -2.77555756156e-17 0.278833333333
43 0.26 -2.77555756156e-17 0.280166666667
44 0.26 -2.77555756156e-17 0.279666666667
45 0.26 -2.77555756156e-17 0.280083333333
46 0.26 -2.77555756156e-17 0.279333333333
47 0.26 -2.77555756156e-17 0.27875
48 0.26 -2.77555756156e-17 0.278833333333
49 0.26 -2.77555756156e-17 0.27925
50 0.26 -2.77555756156e-17 0.27925
51 0.26 -2.77555756156e-17 0.279083333333
52 0.26 -2.77555756156e-17 0.27875
53 0.26 -2.77555756156e-17 0.278833333333
54 0.26 -2.77555756156e-17 0.279416666667
55 0.26 -2.77555756156e-17 0.279333333333
56 0.26 -2.77555756156e-17 0.280333333333
57 0.26 -2.77555756156e-17 0.281583333333
58 0.26 -2.77555756156e-17 0.2825
59 0.26 -2.77555756156e-17 0.28275
60 0.26 -2.77555756156e-17 0.283916666667
61 0.26 -2.77555756156e-17 0.285333333333
62 0.26 -2.77555756156e-17 0.286416666667
63 0.26 -2.77555756156e-17 0.288
64 0.26 -2.77555756156e-17 0.288666666667
65 0.26 -2.77555756156e-17 0.289
66 0.26 -2.77555756156e-17 0.2895
67 0.26 -2.77555756156e-17 0.290083333333
68 0.26 -2.77555756156e-17 0.290833333333
69 0.26 -2.77555756156e-17 0.291166666667
70 0.26 -2.77555756156e-17 0.291416666667
71 0.26 -2.77555756156e-17 0.291583333333
72 0.26 -2.77555756156e-17 0.291666666667
73 0.26 -2.77555756156e-17 0.291583333333
74 0.26 -2.77555756156e-17 0.2915
75 0.26 -2.77555756156e-17 0.291666666667
76 0.26 -2.77555756156e-17 0.291666666667
77 0.26 -2.77555756156e-17 0.291666666667
78 0.26 -2.77555756156e-17 0.291666666667
79 0.26 -2.77555756156e-17 0.2915
80 0.26 -2.77555756156e-17 0.291666666667
81 0.26 -2.77555756156e-17 0.291666666667
82 0.26 -2.77555756156e-17 0.291666666667
83 0.26 -2.77555756156e-17 0.291666666667
84 0.26 -2.77555756156e-17 0.291666666667
85 0.26 -2.77555756156e-17 0.291666666667
86 0.26 -2.77555756156e-17 0.291666666667
87 0.26 -2.77555756156e-17 0.291666666667
88 0.26 -2.77555756156e-17 0.291666666667
89 0.26 -2.77555756156e-17 0.291666666667
90 0.26 -2.77555756156e-17 0.291666666667
91 0.26 -2.77555756156e-17 0.291666666667
92 0.26 -2.77555756156e-17 0.291666666667
93 0.26 -2.77555756156e-17 0.291666666667
94 0.26 -2.77555756156e-17 0.291666666667
95 0.26 -2.77555756156e-17 0.291666666667
96 0.26 -2.77555756156e-17 0.291666666667
97 0.26 -2.77555756156e-17 0.291666666667
98 0.26 -2.77555756156e-17 0.291666666667
99 0.26 -2.77555756156e-17 0.291666666667
100 0.26 -2.77555756156e-17 0.291666666667
101 0.26 -2.77555756156e-17 0.291666666667
102 0.26 -2.77555756156e-17 0.291666666667
103 0.26 -2.77555756156e-17 0.291666666667
104 0.26 -2.77555756156e-17 0.291666666667
105 0.26 -2.77555756156e-17 0.291666666667
106 0.26 -2.77555756156e-17 0.291666666667
107 0.26 -2.77555756156e-17 0.291666666667
108 0.26 -2.77555756156e-17 0.291666666667
109 0.26 -2.77555756156e-17 0.291666666667
110 0.26 -2.77555756156e-17 0.291666666667
111 0.26 -2.77555756156e-17 0.291666666667
112 0.26 -2.77555756156e-17 0.291666666667
113 0.26 -2.77555756156e-17 0.291666666667
114 0.26 -2.77555756156e-17 0.291666666667
115 0.26 -2.77555756156e-17 0.291666666667
116 0.26 -2.77555756156e-17 0.291666666667
117 0.26 -2.77555756156e-17 0.291666666667
118 0.26 -2.77555756156e-17 0.291666666667
119 0.26 -2.77555756156e-17 0.291666666667
120 0.26 -2.77555756156e-17 0.291666666667
121 0.26 -2.77555756156e-17 0.291666666667
122 0.26 -2.77555756156e-17 0.291666666667
123 0.26 -2.77555756156e-17 0.291666666667
124 0.26 -2.77555756156e-17 0.291666666667
125 0.26 -2.77555756156e-17 0.291666666667
126 0.26 -2.77555756156e-17 0.291666666667
127 0.26 -2.77555756156e-17 0.291666666667
128 0.26 -2.77555756156e-17 0.291666666667
129 0.26 -2.77555756156e-17 0.291666666667
130 0.26 -2.77555756156e-17 0.291416666667
131 0.26 -2.77555756156e-17 0.289166666667
132 0.26 -2.77555756156e-17 0.2845
133 0.26 -2.77555756156e-17 0.279666666667
134 0.26 -2.77555756156e-17 0.27675
135 0.26 -2.77555756156e-17 0.275
136 0.26 -2.77555756156e-17 0.273416666667
137 0.26 -2.77555756156e-17 0.272916666667
138 0.26 -2.77555756156e-17 0.27275
139 0.26 -2.77555756156e-17 0.2725
140 0.26 -2.77555756156e-17 0.272583333333
141 0.26 -2.77555756156e-17 0.2725
142 0.26 -2.77555756156e-17 0.272
143 0.26 -2.77555756156e-17 0.27175
144 0.26 -2.77555756156e-17 0.271833333333
145 0.26 -2.77555756156e-17 0.271833333333
146 0.26 -2.77555756156e-17 0.271666666667
147 0.26 -2.77555756156e-17 0.271083333333
148 0.26 -2.77555756156e-17 0.27125
149 0.26 -2.77555756156e-17 0.27075
150 0.26 -2.77555756156e-17 0.270416666667
151 0.26 -2.77555756156e-17 0.270416666667
152 0.26 -2.77555756156e-17 0.269916666667
153 0.26 -2.77555756156e-17 0.266
154 0.26 -2.77555756156e-17 0.265
155 0.26 -2.77555756156e-17 0.2655
156 0.26 -2.77555756156e-17 0.265083333333
157 0.26 -2.77555756156e-17 0.264916666667
158 0.26 -2.77555756156e-17 0.265
159 0.26 -2.77555756156e-17 0.2665
160 0.26 -2.77555756156e-17 0.266916666667
161 0.26 -2.77555756156e-17 0.267333333333
162 0.26 -2.77555756156e-17 0.268166666667
163 0.26 -2.77555756156e-17 0.268666666667
164 0.26 -2.77555756156e-17 0.2685
165 0.26 -2.77555756156e-17 0.268083333333
166 0.26 -2.77555756156e-17 0.268333333333
167 0.26 -2.77555756156e-17 0.26725
168 0.26 -2.77555756156e-17 0.269083333333
169 0.26 -2.77555756156e-17 0.267583333333
170 0.26 -2.77555756156e-17 0.266666666667
171 0.26 -2.77555756156e-17 0.265666666667
172 0.26 -2.77555756156e-17 0.263166666667
173 0.26 -2.77555756156e-17 0.260416666667
174 0.26 -2.77555756156e-17 0.254166666667
175 0.26 -2.77555756156e-17 0.253166666667
176 0.26 -2.77555756156e-17 0.254083333333
177 0.26 -2.77555756156e-17 0.2535
178 0.26 -2.77555756156e-17 0.25225
179 0.26 -2.77555756156e-17 0.253
180 0.26 -2.77555756156e-17 0.252
181 0.26 -2.77555756156e-17 0.252916666667
182 0.26 -2.77555756156e-17 0.253083333333
183 0.26 -2.77555756156e-17 0.2525
184 0.26 -2.77555756156e-17 0.253333333333
185 0.26 -2.77555756156e-17 0.25275
186 0.26 -2.77555756156e-17 0.252166666667
187 0.26 -2.77555756156e-17 0.251083333333
188 0.26 -2.77555756156e-17 0.250416666667
189 0.26 -2.77555756156e-17 0.250416666667
190 0.26 -2.77555756156e-17 0.2485
191 0.26 -2.77555756156e-17 0.248166666667
192 0.26 -2.77555756156e-17 0.245666666667
193 0.26 -2.77555756156e-17 0.244
194 0.26 -2.77555756156e-17 0.243833333333
195 0.26 -2.77555756156e-17 0.244666666667
196 0.26 -2.77555756156e-17 0.245666666667
197 0.26 -2.77555756156e-17 0.246666666667
198 0.26 -2.77555756156e-17 0.247166666667
199 0.26 -2.77555756156e-17 0.248083333333
200 0.26 0.05 0.248
201 0.26 0.1 0.24725
202 0.26 0.1 0.246083333333
203 0.26 0.1 0.245
204 0.26 0.2 0.246416666667
205 0.26 0.2 0.247833333333
206 0.26 0.2 0.2405
207 0.26 0.3 0.241666666667
208 0.26 0.3 0.2485
209 0.26 0.3 0.250583333333
210 0.26 0.4 0.251833333333
211 0.26 0.4 0.25425
212 0.26 0.4 0.255833333333
213 0.26 0.4 0.266833333333
214 0.26 0.4 0.273
215 0.26 0.4 0.272916666667
216 0.26 0.4 0.261
217 0.26 0.4 0.249833333333
218 0.26 0.4 0.250333333333
219 0.26 0.4 0.250916666667
220 0.26 0.4 0.259916666667
221 0.26 0.4 0.266166666667
222 0.26 0.4 0.264916666667
223 0.26 0.4 0.266333333333
224 0.26 0.4 0.266416666667
225 0.26 0.4 0.25725
226 0.26 0.4 0.25075
227 0.26 0.4 0.251166666667
228 0.26 0.45 0.243333333333
229 0.26 0.5 0.239333333333
230 0.26 0.5 0.255083333333
231 0.26 0.5 0.259833333333
232 0.26 0.5 0.260833333333
233 0.26 0.5 0.261
234 0.26 0.5 0.261583333333
235 0.26 0.5 0.260833333333
236 0.26 0.5 0.261333333333
237 0.26 0.5 0.275666666667
238 0.26 0.6 0.275083333333
239 0.26 0.6 0.27725
240 0.26 0.6 0.291666666667
241 0.26 0.6 0.291666666667
242 0.26 0.6 0.291666666667
243 0.26 0.6 0.291666666667
244 0.26 0.6 0.291666666667
245 0.26 0.6 0.29025
246 0.26 0.6 0.276583333333
247 0.26 0.6 0.267666666667
248 0.26 0.6 0.264083333333
249 0.26 0.6 0.253083333333
250 0.26 0.6 0.243666666667
251 0.26 0.6 0.24575
252 0.26 0.6 0.248166666667
253 0.26 0.6 0.249916666667
254 0.26 0.6 0.251916666667
255 0.26 0.6 0.263
256 0.26 0.6 0.264
257 0.26 0.6 0.264583333333
258 0.26 0.55 0.279083333333
259 0.26 0.5 0.28875
260 0.26 0.5 0.291666666667
261 0.26 0.5 0.291666666667
262 0.26 0.5 0.291666666667
263 0.26 0.5 0.291666666667
264 0.26 0.4 0.291666666667
265 0.26 0.4 0.291666666667
266 0.26 0.4 0.291666666667
267 0.26 0.4 0.291666666667
268 0.26 0.3 0.291666666667
269 0.26 0.3 0.291666666667
270 0.26 0.3 0.291666666667
271 0.26 0.3 0.291666666667
272 0.26 0.3 0.291666666667
273 0.26 0.3 0.291666666667
274 0.26 0.25 0.291666666667
275 0.26 0.2 0.291666666667
276 0.26 0.2 0.291666666667
277 0.26 0.2 0.291666666667
278 0.26 0.2 0.291666666667
279 0.26 0.2 0.291666666667
280 0.26 0.2 0.291666666667
281 0.26 0.2 0.29075
282 0.26 0.2 0.28525
283 0.26 0.2 0.278416666667
284 0.26 0.2 0.27275
285 0.26 0.15 0.2695
286 0.26 0.1 0.2675
287 0.26 0.1 0.266666666667
288 0.26 0.1 0.267416666667
289 0.26 0.1 0.268416666667
290 0.26 0.1 0.26775
291 0.26 0.1 0.26875
292 0.26 0.1 0.270666666667
293 0.26 0.1 0.271666666667
294 0.26 0.1 0.272333333333
295 0.26 0.1 0.272833333333
296 0.26 0.1 0.272666666667
297 0.26 0.1 0.273083333333
298 0.26 0.1 0.273333333333
299 0.26 0.1 0.273916666667
300 0.26 0.1 0.274333333333
301 0.26 0.05 0.275
302 0.26 2.77555756156e-17 0.275083333333
303 0.26 -0.05 0.276083333333
304 0.26 -0.1 0.276416666667
305 0.26 -0.1 0.27725
306 0.26 -0.1 0.278083333333
307 0.26 -0.1 0.278416666667
308 0.26 -0.1 0.278666666667
309 0.26 -0.1 0.282
310 0.26 -0.1 0.290583333333
311 0.26 -0.1 0.291666666667
312 0.26 -0.1 0.291666666667
313 0.26 -0.1 0.291666666667
314 0.26 -0.15 0.291666666667
315 0.26 -0.2 0.291666666667
316 0.26 -0.25 0.291666666667
317 0.26 -0.3 0.291666666667
318 0.26 -0.4 0.291666666667
319 0.26 -0.45 0.291666666667
320 0.26 -0.5 0.291666666667
321 0.26 -0.5 0.291666666667
322 0.26 -0.5 0.291666666667
323 0.26 -0.5 0.291666666667
324 0.26 -0.5 0.291666666667
325 0.26 -0.5 0.291666666667
326 0.26 -0.5 0.291666666667
327 0.26 -0.5 0.291666666667
328 0.26 -0.5 0.291666666667
329 0.26 -0.5 0.29075
330 0.26 -0.5 0.278916666667
331 0.26 -0.5 0.266916666667
332 0.26 -0.5 0.264833333333
333 0.26 -0.5 0.256666666667
334 0.26 -0.5 0.24525
335 0.26 -0.5 0.234583333333
336 0.26 -0.5 0.221916666667
337 0.26 -0.5 0.219833333333
338 0.26 -0.5 0.20175
339 0.26 -0.5 0.182666666667
340 0.26 -0.5 0.186416666667
341 0.26 -0.5 0.204083333333
342 0.26 -0.5 0.195833333333
343 0.26 -0.5 0.199166666667
344 0.26 -0.5 0.209416666667
345 0.26 -0.5 0.222
346 0.26 -0.5 0.234166666667
347 0.26 -0.5 0.2455
348 0.26 -0.5 0.261
349 0.26 -0.5 0.270166666667
350 0.26 -0.5 0.27775
351 0.26 -0.5 0.286
352 0.26 -0.5 0.291666666667
353 0.26 -0.5 0.291666666667
354 0.26 -0.5 0.281166666667
355 0.26 -0.5 0.27475
356 0.26 -0.5 0.274916666667
357 0.26 -0.5 0.275166666667
358 0.26 -0.5 0.275333333333
359 0.26 -0.5 0.274833333333
360 0.26 -0.5 0.263416666667
361 0.26 -0.5 0.26175
362 0.26 -0.5 0.26275
363 0.26 -0.5 0.262416666667
364 0.26 -0.5 0.263583333333
365 0.26 -0.5 0.26925
366 0.26 -0.5 0.25975
367 0.26 -0.5 0.259416666667
368 0.26 -0.5 0.258333333333
369 0.26 -0.5 0.258166666667
370 0.26 -0.5 0.258166666667
371 0.26 -0.5 0.263416666667
372 0.26 -0.5 0.250833333333
373 0.26 -0.5 0.25125
374 0.26 -0.5 0.249416666667
375 0.26 -0.45 0.253583333333
376 0.26 -0.4 0.2705
377 0.26 -0.4 0.272333333333
378 0.26 -0.35 0.270083333333
379 0.26 -0.3 0.257916666667
380 0.26 -0.25 0.256
381 0.26 -0.2 0.2555
382 0.26 -0.2 0.254333333333
383 0.26 -0.2 0.253833333333
384 0.26 -0.2 0.252333333333
385 0.26 -0.2 0.2575
386 0.26 -0.2 0.260416666667
387 0.26 -0.2 0.269416666667
388 0.26 -0.2 0.272083333333
389 0.26 -0.2 0.270916666667
390 0.26 -0.2 0.269666666667
391 0.26 -0.2 0.269666666667
392 0.26 -0.2 0.270083333333
393 0.26 -0.2 0.268833333333
394 0.26 -0.2 0.268583333333
395 0.26 -0.2 0.26775
396 0.26 -0.2 0.267166666667
397 0.26 -0.2 0.267083333333
398 0.26 -0.2 0.2665
399 0.26 -0.2 0.266
400 0.26 -0.2 0.266
401 0.26 -0.2 0.265916666667
402 0.26 -0.15 0.273416666667
403 0.26 -0.1 0.28275
404 0.26 -2.77555756156e-17 0.288833333333
405 0.26 -2.77555756156e-17 0.290583333333
406 0.26 -2.77555756156e-17 0.291083333333
407 0.26 -2.77555756156e-17 0.291416666667
408 0.26 -2.77555756156e-17 0.291583333333
409 0.26 -2.77555756156e-17 0.291666666667
410 0.26 -2.77555756156e-17 0.291666666667
411 0.26 -2.77555756156e-17 0.291666666667
412 0.26 -2.77555756156e-17 0.291666666667
413 0.26 -2.77555756156e-17 0.291666666667
414 0.26 -2.77555756156e-17 0.291666666667
415 0.26 -2.77555756156e-17 0.291666666667
416 0.26 -2.77555756156e-17 0.291666666667
417 0.26 -2.77555756156e-17 0.291666666667
418 0.26 -2.77555756156e-17 0.291666666667
419 0.26 -2.77555756156e-17 0.291666666667
420 0.26 -2.77555756156e-17 0.291666666667
421 0.26 -2.77555756156e-17 0.291666666667
422 0.26 -2.77555756156e-17 0.291666666667
423 0.26 -2.77555756156e-17 0.291666666667
424 0.26 -2.77555756156e-17 0.291666666667
425 0.26 -2.77555756156e-17 0.291666666667
426 0.26 -2.77555756156e-17 0.291666666667
427 0.26 -2.77555756156e-17 0.291666666667
428 0.26 -2.77555756156e-17 0.291666666667
429 0.26 -2.77555756156e-17 0.291666666667
430 0.26 -2.77555756156e-17 0.291666666667
431 0.26 -2.77555756156e-17 0.291666666667
432 0.26 -2.77555756156e-17 0.291666666667
433 0.26 -2.77555756156e-17 0.291666666667
434 0.26 -2.77555756156e-17 0.291666666667
435 0.26 -2.77555756156e-17 0.291666666667
436 0.26 -2.77555756156e-17 0.291666666667
437 0.26 -2.77555756156e-17 0.291666666667
438 0.26 -2.77555756156e-17 0.291666666667
439 0.26 -2.77555756156e-17 0.291666666667
440 0.26 -2.77555756156e-17 0.291666666667
441 0.26 -2.77555756156e-17 0.291666666667
442 0.26 -2.77555756156e-17 0.291666666667
443 0.26 -2.77555756156e-17 0.291666666667
444 0.26 -2.77555756156e-17 0.291666666667
445 0.26 -2.77555756156e-17 0.291666666667
446 0.26 -2.77555756156e-17 0.291666666667
447 0.26 -2.77555756156e-17 0.291666666667
448 0.26 -2.77555756156e-17 0.291666666667
449 0.26 -2.77555756156e-17 0.291666666667
450 0.26 -2.77555756156e-17 0.291666666667
451 0.26 -2.77555756156e-17 0.291666666667
452 0.26 -2.77555756156e-17 0.291666666667
453 0.26 -2.77555756156e-17 0.291666666667
454 0.26 -2.77555756156e-17 0.291666666667
455 0.26 -2.77555756156e-17 0.291666666667
456 0.26 -2.77555756156e-17 0.291666666667
457 0.26 -2.77555756156e-17 0.291666666667
458 0.26 -2.77555756156e-17 0.291666666667
459 0.26 -2.77555756156e-17 0.291666666667
460 0.26 -2.77555756156e-17 0.291666666667
461 0.26 -2.77555756156e-17 0.291666666667
462 0.26 -2.77555756156e-17 0.291666666667
463 0.26 -2.77555756156e-17 0.291666666667
464 0.26 -2.77555756156e-17 0.291666666667
465 0.26 -2.77555756156e-17 0.291666666667
466 0.26 -2.77555756156e-17 0.291666666667
467 0.26 -2.77555756156e-17 0.291666666667
468 0.26 -2.77555756156e-17 0.291666666667
469 0.26 -2.77555756156e-17 0.291666666667
470 0.26 -2.77555756156e-17 0.291666666667
471 0.26 -2.77555756156e-17 0.291666666667
472 0.26 -2.77555756156e-17 0.291666666667
473 0.26 -2.77555756156e-17 0.291666666667
474 0.26 -2.77555756156e-17 0.291666666667
475 0.26 -2.77555756156e-17 0.291666666667
476 0.26 -2.77555756156e-17 0.291666666667
477 0.26 -2.77555756156e-17 0.291666666667
478 0.26 -2.77555756156e-17 0.291666666667
479 0.26 -2.77555756156e-17 0.291666666667
480 0.26 -2.77555756156e-17 0.291666666667
481 0.26 -2.77555756156e-17 0.291666666667
482 0.26 -2.77555756156e-17 0.291666666667
483 0.26 -2.77555756156e-17 0.291666666667
484 0.26 -2.77555756156e-17 0.291666666667
485 0.26 -2.77555756156e-17 0.291666666667
486 0.26 -2.77555756156e-17 0.291666666667
487 0.26 -2.77555756156e-17 0.291666666667
488 0.26 -2.77555756156e-17 0.291666666667
489 0.26 -2.77555756156e-17 0.291666666667
490 0.26 -2.77555756156e-17 0.291666666667
491 0.26 -2.77555756156e-17 0.291666666667
492 0.26 -2.77555756156e-17 0.291666666667
493 0.26 -2.77555756156e-17 0.291666666667
494 0.26 -2.77555756156e-17 0.291666666667
495 0.26 -2.77555756156e-17 0.291666666667
496 0.26 -2.77555756156e-17 0.291666666667
497 0.26 -2.77555756156e-17 0.291666666667
498 0.26 -2.77555756156e-17 0.291666666667
499 0.26 -2.77555756156e-17 0.291666666667
500 0.26 -2.77555756156e-17 0.291666666667
501 0.26 -2.77555756156e-17 0.291666666667
502 0.26 -2.77555756156e-17 0.291666666667
503 0.26 -2.77555756156e-17 0.291666666667
504 0.26 -2.77555756156e-17 0.291666666667
505 0.26 -2.77555756156e-17 0.291666666667
506 0.26 -2.77555756156e-17 0.291666666667
507 0.26 -2.77555756156e-17 0.291666666667
508 0.26 -2.77555756156e-17 0.291666666667
509 0.26 -2.77555756156e-17 0.291666666667
510 0.26 -2.77555756156e-17 0.291666666667
511 0.26 -2.77555756156e-17 0.291666666667
512 0.26 -2.77555756156e-17 0.291666666667
513 0.26 -2.77555756156e-17 0.291666666667
514 0.26 -2.77555756156e-17 0.291666666667
515 0.26 -2.77555756156e-17 0.291666666667
516 0.26 -2.77555756156e-17 0.291666666667
517 0.26 -2.77555756156e-17 0.291666666667
518 0.26 -2.77555756156e-17 0.291666666667
519 0.26 -2.77555756156e-17 0.291666666667
520 0.26 -2.77555756156e-17 0.291666666667
521 0.26 -2.77555756156e-17 0.291666666667
522 0.26 -2.77555756156e-17 0.291666666667
523 0.26 -2.77555756156e-17 0.291666666667
524 0.26 -2.77555756156e-17 0.291666666667
525 0.26 -2.77555756156e-17 0.291666666667
526 0.26 -2.77555756156e-17 0.291666666667
527 0.26 -2.77555756156e-17 0.291666666667
528 0.26 -2.77555756156e-17 0.291666666667
529 0.26 -2.77555756156e-17 0.291666666667
530 0.26 -2.77555756156e-17 0.291666666667
531 0.26 -2.77555756156e-17 0.291666666667
532 0.26 -2.77555756156e-17 0.291666666667
533 0.26 -2.77555756156e-17 0.291666666667
534 0.26 -2.77555756156e-17 0.291666666667
535 0.26 -2.77555756156e-17 0.291666666667
536 0.26 -2.77555756156e-17 0.291666666667
537 0.26 -2.77555756156e-17 0.291666666667
538 0.26 -2.77555756156e-17 0.291666666667
539 0.26 -2.77555756156e-17 0.291666666667
540 0.26 -2.77555756156e-17 0.291666666667
541 0.26 -2.77555756156e-17 0.291666666667
542 0.26 -2.77555756156e-17 0.291666666667
543 0.26 -2.77555756156e-17 0.291666666667
544 0.26 -2.77555756156e-17 0.291666666667
545 0.26 -2.77555756156e-17 0.291666666667
546 0.26 -2.77555756156e-17 0.291666666667
547 0.26 -2.77555756156e-17 0.291666666667
548 0.26 -2.77555756156e-17 0.291666666667
549 0.26 -2.77555756156e-17 0.291666666667
550 0.26 -2.77555756156e-17 0.291666666667
551 0.26 -2.77555756156e-17 0.291666666667
552 0.26 -2.77555756156e-17 0.291666666667
553 0.26 -2.77555756156e-17 0.291666666667
554 0.26 -2.77555756156e-17 0.291666666667
555 0.26 -2.77555756156e-17 0.291666666667
556 0.26 -2.77555756156e-17 0.291666666667
557 0.26 -2.77555756156e-17 0.291666666667
558 0.26 -2.77555756156e-17 0.291666666667
559 0.26 -2.77555756156e-17 0.291666666667
560 0.26 -2.77555756156e-17 0.291666666667
561 0.26 -2.77555756156e-17 0.291666666667
562 0.26 -2.77555756156e-17 0.291666666667
563 0.26 -2.77555756156e-17 0.291666666667
564 0.26 -2.77555756156e-17 0.291666666667
565 0.26 -2.77555756156e-17 0.291666666667
566 0.26 -2.77555756156e-17 0.291666666667
567 0.26 -2.77555756156e-17 0.291666666667
568 0.26 -2.77555756156e-17 0.291666666667
569 0.26 -2.77555756156e-17 0.291666666667
570 0.26 -2.77555756156e-17 0.291666666667
571 0.26 -2.77555756156e-17 0.291666666667
572 0.26 -2.77555756156e-17 0.291666666667
573 0.26 -2.77555756156e-17 0.291666666667
574 0.26 -2.77555756156e-17 0.291666666667
575 0.26 -2.77555756156e-17 0.291666666667
576 0.26 -2.77555756156e-17 0.291666666667
577 0.26 -2.77555756156e-17 0.291666666667
578 0.26 -2.77555756156e-17 0.291666666667
579 0.26 -2.77555756156e-17 0.291666666667
580 0.26 -2.77555756156e-17 0.291666666667
581 0.26 -2.77555756156e-17 0.291666666667
582 0.26 -2.77555756156e-17 0.291666666667
583 0.26 -2.77555756156e-17 0.291666666667
584 0.26 -2.77555756156e-17 0.291666666667
585 0.26 -2.77555756156e-17 0.291666666667
586 0.26 -2.77555756156e-17 0.291666666667
587 0.26 -2.77555756156e-17 0.291666666667
588 0.26 -2.77555756156e-17 0.291666666667
589 0.26 -2.77555756156e-17 0.291666666667
