0 0.26 0.0 0.0
1 0.26 0.0 0.0
2 0.26 0.0 0.0
3 0.26 0.0 0.0
4 0.26 0.0 0.0
5 0.26 0.0 0.0
6 0.26 0.0 0.0
7 0.26 0.0 0.0
8 0.26 0.0 0.0
9 0.26 0.0 0.0
10 0.26 0.0 0.0
11 0.26 0.0 0.0
12 0.26 -0.1 0.0
13 0.26 -0.15 0.0
14 0.26 -0.2 0.0
15 0.26 -0.25 0.0
16 0.26 -0.35 0.0
17 0.26 -0.4 0.0
18 0.26 -0.45 0.0
19 0.26 -0.5 0.025
20 0.26 -0.5 0.15
21 0.26 -0.5 0.18125
22 0.26 -0.5 0.2
23 0.26 -0.5 0.225
24 0.26 -0.5 0.153083333333
25 0.0 0.0 0.0
26 0.0 0.0 0.0
27 0.0 0.0 0.0375
28 0.01 0.0 0.225
29 0.01 0.0 0.35
30 0.01 0.0 0.34375
31 0.03 0.0 0.33125
32 0.045 -0.05 0.31875
33 0.05 -0.1 0.3265
34 0.06 -0.1 0.33125
35 0.065 -0.1 0.342916666667
36 0.07 -0.4 0.35
37 0.07 -0.65 0.36075
38 0.07 -0.9 0.34375
39 0.07 -0.95 0.08125
40 0.0 0.0 0.0
41 0.005 0.0 0.0
42 0.01 0.0 0.0
43 0.01 0.0 0.0
44 0.02 0.0 0.0
45 0.05 0.0 0.0
46 0.075 0.0 0.0
47 0.105 0.0 0.0
48 0.135 0.0 0.0
49 0.16 0.0 0.0
50 0.19 0.0 0.0
51 0.22 0.0 0.0
52 0.245 0.0 0.0
53 0.26 0.0 0.0
54 0.26 0.0 0.0
55 0.26 0.0 0.0
56 0.26 0.0 0.0
57 0.26 0.0 0.0
58 0.26 0.0 0.0
59 0.26 0.05 0.0
60 0.26 0.15 0.0
61 0.26 0.2 0.0
62 0.26 0.3 0.0
63 0.26 0.35 0.0
64 0.26 0.4 0.0
65 0.26 0.5 0.0
66 0.26 0.5 0.0
67 0.26 0.5 0.13125
68 0.26 0.5 0.273916666667
69 0.26 0.5 0.30625
70 0.26 0.5 0.29375
71 0.26 0.5 0.29375
72 0.0 0.0 0.24375
73 0.0 0.0 0.075
74 0.0 0.0 0.0125
75 0.0 0.0 0.04375
76 0.005 0.0 0.04375
77 0.01 0.0 0.04375
78 0.01 0.0 0.04375
79 0.02 0.0 0.04375
80 0.045 0.0 0.0436666666667
81 0.07 0.0 0.0375
82 0.1 0.0 0.0366666666667
83 0.13 0.0 0.03125
84 0.155 0.0 0.0375
85 0.18 0.0 0.0375
86 0.205 0.0 0.0375
87 0.235 0.0 0.03125
88 0.26 0.0 0.03125
89 0.26 0.0 0.025
90 0.26 0.0 0.01875
91 0.26 0.0 0.0125
92 0.26 0.0 0.00625
93 0.26 0.0 0.0
94 0.26 0.0 0.0
95 0.26 0.0 0.0
96 0.26 0.0 0.0
97 0.26 0.0 0.0
98 0.26 0.0 0.0
99 0.26 0.0 0.0
100 0.26 0.0 0.0
101 0.26 0.0 0.0
102 0.26 0.0 0.0
103 0.26 0.0 0.0
104 0.26 0.0 0.0
105 0.26 0.0 0.0
106 0.26 0.0 0.0
107 0.26 0.0 0.0
108 0.26 0.0 0.0
109 0.26 0.0 0.0
110 0.26 0.0 0.0
111 0.26 0.0 0.0
112 0.26 0.0 0.0
113 0.26 0.0 0.0
114 0.26 0.0 0.0
115 0.26 0.0 0.0
116 0.26 0.0 0.0
117 0.26 0.0 0.0
118 0.26 0.0 0.0
119 0.26 0.0 0.0
120 0.26 0.0 0.0
121 0.26 0.0 0.0
122 0.26 0.0 0.0
123 0.26 0.0 0.0
124 0.26 0.0 0.0
125 0.26 0.0 0.0
126 0.26 0.0 0.0
127 0.26 0.0 0.0
128 0.26 0.0 0.0
129 0.26 0.0 0.0
130 0.26 0.1 0.0
131 0.26 0.15 0.0
132 0.26 0.2 0.0
133 0.26 0.25 0.0
134 0.26 0.3 0.0
135 0.26 0.4 0.0
136 0.26 0.4 0.0
137 0.26 0.4 0.0
138 0.26 0.4 0.0
139 0.26 0.4 0.0
140 0.26 0.4 0.0
141 0.26 0.4 0.0
142 0.26 0.4 0.0
143 0.26 0.4 0.0
144 0.26 0.4 0.0
145 0.0 0.0 0.0
146 0.0 0.0 0.0
147 0.0 0.0 0.0
148 0.005 0.0 0.0
149 0.01 0.0 0.0166666666667
150 0.01 0.0 0.108333333333
151 0.01 0.05 0.125
152 0.01 0.1 0.125
153 0.01 0.1 0.0916666666667
154 0.01 0.1 0.0583333333333
155 0.01 0.4 0.025
156 0.01 0.65 0.0
157 0.01 0.85 0.0
158 0.0 0.0 0.0
159 0.0 0.0 0.0
160 0.01 0.0 0.0
161 0.01 0.0 0.0
162 0.01 0.0 0.0
163 0.025 0.0 0.0
164 0.055 0.0 0.0
165 0.08 0.0 0.0
166 0.105 0.0 0.0
167 0.135 0.0 0.0
168 0.165 0.0 0.0
169 0.195 0.0 0.0
170 0.22 0.0 0.0
171 0.25 0.0 0.0
172 0.26 0.0 0.0
173 0.26 0.0 0.0
174 0.26 0.0 0.0
175 0.26 0.0 0.0
176 0.26 0.0 0.0
177 0.26 0.0 0.0
178 0.26 0.0 0.0
179 0.26 0.0 0.0
180 0.26 0.0 0.0
181 0.26 0.0 0.0
182 0.26 0.0 0.0
183 0.26 0.0 0.0
184 0.26 0.0 0.0
185 0.26 0.0 0.0
186 0.26 0.0 0.0
187 0.26 0.0 0.0
188 0.26 0.0 0.0
189 0.26 0.0 0.0
190 0.26 -0.1 0.0
191 0.26 -0.15 0.0
192 0.26 -0.2 0.0
193 0.26 -0.3 0.0
194 0.26 -0.4 0.0
195 0.26 -0.45 0.0
196 0.26 -0.5 0.0
197 0.26 -0.5 0.0
198 0.26 -0.5 0.0
199 0.26 -0.5 0.0
200 0.26 -0.5 0.0
201 0.26 -0.5 0.10625
202 0.0 0.0 0.24375
203 0.0 0.0 0.40625
204 0.0 0.0 0.65
205 0.0 0.0 0.75
206 0.0 0.0 0.75
207 0.0 0.0 0.75
208 0.005 0.0 0.75
209 0.01 0.0 0.75
210 0.01 0.0 0.75
