0 0.26 0.0 0.0
1 0.26 0.0 0.0
2 0.26 0.0 0.0
3 0.26 0.0 0.0
4 0.26 0.0 0.0
5 0.26 0.0 0.0
6 0.26 0.0 0.0
7 0.26 0.0 0.0
8 0.26 0.0 0.0
9 0.26 0.0 0.0
10 0.26 0.0 0.0
11 0.26 -0.1 0.0
12 0.26 -0.15 0.0
13 0.26 -0.2 0.0
14 0.26 -0.25 0.0
15 0.26 -0.3 0.0
16 0.26 -0.35 0.0
17 0.26 -0.4 0.0
18 0.26 -0.4 0.0
19 0.26 -0.4 0.0
20 0.26 -0.4 0.01875
21 0.26 -0.4 0.0625
22 0.26 -0.4 0.06875
23 0.26 -0.4 0.075
24 0.26 -0.4 0.0860833333333
25 0.26 -0.4 0.108416666667
26 0.26 -0.4 0.0125
27 0.26 -0.4 0.0
28 0.26 -0.4 0.0
29 0.0 0.0 0.0
30 0.0 0.0 0.0
31 0.0 0.0 0.0
32 0.0 0.0 0.0
33 0.005 0.0 0.0
34 0.01 0.0 0.0
35 0.01 0.0 0.0
36 0.02 0.0 0.0
37 0.045 0.0 0.0
38 0.075 0.0 0.0
39 0.105 0.0 0.0
40 0.135 0.0 0.0
41 0.16 0.0 0.0
42 0.19 0.0 0.0
43 0.22 0.0 0.0
44 0.245 0.0 0.0
45 0.26 0.0 0.0
46 0.26 0.0 0.0
47 0.26 0.0 0.0
48 0.26 0.0 0.0
49 0.26 0.0 0.0
50 0.26 0.0 0.0
51 0.26 0.0 0.0
52 0.26 0.0 0.0
53 0.26 0.0 0.0
54 0.26 0.0 0.0
55 0.26 0.0 0.0
56 0.26 0.0 0.0
57 0.26 0.0 0.0
58 0.26 0.0 0.0
59 0.26 0.0 0.0
60 0.26 0.0 0.0
61 0.26 0.0 0.0
62 0.26 0.0 0.0
63 0.26 0.0 0.0
64 0.26 0.0 0.0
65 0.26 0.0 0.0
66 0.26 0.0 0.0
67 0.26 0.0 0.0
68 0.26 0.0 0.0
69 0.26 0.1 0.0
70 0.26 0.15 0.0
71 0.26 0.2 0.0
72 0.26 0.25 0.0
73 0.26 0.3 0.0
74 0.26 0.3 0.0
75 0.26 0.3 0.0
76 0.26 0.3 0.0
77 0.26 0.3 0.0
78 0.26 0.3 0.0
79 0.26 0.3 0.0
80 0.26 0.3 0.0
81 0.26 0.3 0.0
82 0.26 0.3 0.0
83 0.26 0.3 0.01875
84 0.26 0.3 0.10625
85 0.26 0.3 0.20625
86 0.26 0.3 0.28125
87 0.26 0.3 0.35625
88 0.26 0.3 0.38125
89 0.0 0.0 0.38125
90 0.0 0.0 0.38125
91 0.0 0.0 0.30625
92 0.005 0.0 0.2375
93 0.01 0.0 0.2375
94 0.01 0.0 0.2375
95 0.02 0.0 0.23825
96 0.05 0.0 0.24375
97 0.075 0.0 0.24375
98 0.1 0.0 0.24375
99 0.125 0.0 0.225
100 0.15 0.0 0.20625
101 0.175 0.0 0.20625
102 0.205 0.0 0.20625
103 0.23 0.0 0.2
104 0.26 0.0 0.19375
105 0.26 0.0 0.19375
106 0.26 0.0 0.1875
107 0.26 0.0 0.18125
108 0.26 0.05 0.18125
109 0.26 0.1 0.175
110 0.26 0.1 0.19375
111 0.26 0.2 0.21875
112 0.26 0.2 0.2625
113 0.26 0.2 0.325
114 0.26 0.2 0.375
115 0.26 0.2 0.43125
116 0.26 0.2 0.4625
117 0.26 0.2 0.4625
118 0.26 0.2 0.4625
119 0.0 0.0 0.46875
120 0.0 0.0 0.46875
121 0.0 0.0 0.43125
122 0.01 0.0 0.3625
123 0.01 0.0 0.3625
124 0.01 0.0 0.3625
125 0.04 0.0 0.362916666667
126 0.065 0.0 0.36875
127 0.095 0.0 0.36875
128 0.12 0.0 0.35625
129 0.15 0.0 0.34375
130 0.175 0.0 0.34375
131 0.205 0.0 0.35625
132 0.235 0.0 0.35
133 0.26 0.0 0.35
134 0.26 0.0 0.35625
135 0.26 0.0 0.35625
136 0.26 0.0 0.35625
137 0.26 0.0 0.35625
138 0.26 0.0 0.35625
139 0.26 0.0 0.3625
140 0.26 0.0 0.3625
141 0.26 0.0 0.36875
142 0.26 0.0 0.36875
143 0.26 0.0 0.36875
144 0.26 0.0 0.375
145 0.26 -0.1 0.38125
146 0.26 -0.15 0.40625
147 0.26 -0.2 0.45
148 0.26 -0.2 0.5125
149 0.26 -0.2 0.54375
150 0.26 -0.2 0.5625
151 0.26 -0.2 0.575
152 0.26 -0.2 0.55
153 0.26 -0.2 0.49375
154 0.0 0.0 0.44375
155 0.0 0.0 0.36875
156 0.0 0.0 0.31875
157 0.01 0.0 0.318083333333
158 0.01 0.0 0.3125
159 0.01 0.0 0.3125
160 0.035 0.0 0.3125
161 0.06 0.0 0.30625
162 0.085 0.0 0.30625
163 0.115 0.0 0.30625
164 0.14 0.0 0.31875
165 0.165 0.0 0.31875
166 0.19 0.0 0.30625
167 0.2 0.0 0.3
168 0.21 0.0 0.3
169 0.215 0.0 0.29375
170 0.225 0.0 0.2875
171 0.23 0.0 0.2875
172 0.24 0.0 0.28125
173 0.25 0.0 0.28125
174 0.255 0.0 0.28125
175 0.26 0.0 0.275
176 0.26 0.0 0.26875
177 0.26 0.0 0.26875
178 0.26 0.0 0.26875
179 0.26 0.0 0.2625
180 0.26 0.0 0.2625
181 0.26 0.0 0.25625
182 0.26 0.0 0.25625
183 0.26 0.0 0.25625
184 0.26 0.0 0.25175
185 0.26 0.1 0.25625
186 0.26 0.15 0.275
187 0.26 0.2 0.3125
188 0.26 0.2 0.36875
189 0.26 0.2 0.41875
190 0.26 0.2 0.46875
191 0.26 0.2 0.525
192 0.26 0.2 0.575
193 0.0 0.0 0.6375
194 0.0 0.0 0.74375
195 0.005 0.0 0.75
196 0.01 0.0 0.75
197 0.01 0.0 0.75
198 0.015 0.0 0.75
199 0.045 0.0 0.75
200 0.07 0.0 0.75
201 0.095 0.0 0.75
202 0.12 0.0 0.75
203 0.15 0.0 0.75
204 0.175 0.0 0.75
205 0.19 0.0 0.75
206 0.2 0.0 0.75
207 0.21 0.0 0.75
208 0.215 0.0 0.75
