0 0.26 0.0 0.0
1 0.26 0.0 0.0
2 0.26 0.1 0.0
3 0.26 0.1 0.0
4 0.26 0.2 0.0
5 0.26 0.3 0.0
6 0.26 0.3 0.0
7 0.26 0.3 0.0
8 0.26 0.3 0.03125
9 0.26 0.3 0.10625
10 0.26 0.3 0.19375
11 0.26 0.3 0.2875
12 0.26 0.3 0.36875
13 0.26 0.3 0.45
14 0.26 0.3 0.55625
15 0.26 0.3 0.65625
16 0.26 0.3 0.6375
17 0.26 0.3 0.55625
18 0.26 0.3 0.49375
19 0.26 0.3 0.4125
20 0.0 0.0 0.3
21 0.0 0.0 0.26875
22 0.0 0.0 0.4125
23 0.01 0.0 0.5125
24 0.01 0.0 0.53125
25 0.01 0.05 0.525
26 0.01 0.1 0.51875
27 0.01 0.1 0.4875
28 0.01 0.45 0.442583333333
29 0.0 0.0 0.343833333333
30 0.0 0.0 0.23125
31 0.01 0.0 0.11875
32 0.01 0.0 0.07725
33 0.015 0.0 0.0623333333333
34 0.04 0.0 0.0518333333333
35 0.07 0.0 0.0345833333333
36 0.1 0.0 0.0125
37 0.125 0.0 0.00625
38 0.155 0.0 0.0
39 0.18 0.0 0.0
40 0.215 0.0 0.0
41 0.245 0.0 0.0
42 0.26 0.0 0.0
43 0.26 0.0 0.0
44 0.26 0.0 0.0
45 0.26 0.0 0.0
46 0.26 0.0 0.0
47 0.26 0.0 0.0
48 0.26 0.0 0.0
49 0.26 0.0 0.0
50 0.26 0.0 0.0
51 0.26 0.0 0.0
52 0.26 0.0 0.0
53 0.26 0.0 0.0
54 0.26 0.0 0.0
55 0.26 0.0 0.0
56 0.26 0.0 0.0
57 0.26 0.0 0.0
58 0.26 0.0 0.0
59 0.26 0.0 0.0
60 0.26 0.0 0.0
61 0.26 0.0 0.0
62 0.26 0.0 0.0
63 0.26 0.0 0.0
64 0.26 0.0 0.0
65 0.26 0.0 0.0
66 0.26 0.0 0.0
67 0.26 0.0 0.0
68 0.26 0.0 0.0
69 0.26 0.0 0.0
70 0.26 0.0 0.0
71 0.26 0.0 0.0
72 0.26 0.0 0.0
73 0.26 0.0 0.0
74 0.26 0.0 0.0
75 0.26 0.0 0.0
76 0.26 0.0 0.0
77 0.26 0.0 0.0
78 0.26 0.0 0.0
79 0.26 0.0 0.0
80 0.26 0.0 0.0
81 0.26 0.0 0.0
82 0.26 -0.1 0.0
83 0.26 -0.1 0.0
84 0.26 -0.1 0.0
85 0.26 -0.1 0.0
86 0.26 -0.1 0.0
87 0.26 -0.1 0.0
88 0.26 -0.1 0.0
89 0.26 -0.1 0.0
90 0.26 -0.15 0.0
91 0.26 -0.2 0.0
92 0.26 -0.2 0.0
93 0.26 -0.2 0.0
94 0.26 -0.2 0.0
95 0.26 -0.2 0.0
96 0.26 -0.2 0.0
97 0.26 -0.2 0.0
98 0.26 -0.2 0.0
99 0.26 -0.2 0.0
100 0.26 -0.2 0.0
101 0.26 -0.2 0.0
102 0.26 -0.2 0.0
103 0.26 -0.2 0.0
104 0.26 -0.2 0.0
105 0.26 -0.2 0.0
106 0.26 -0.2 0.0
107 0.26 -0.2 0.0
108 0.26 -0.2 0.0
109 0.26 -0.2 0.0
110 0.26 -0.2 0.0
111 0.26 -0.2 0.0
112 0.0 0.0 0.0
113 0.0 0.0 0.0
114 0.0 0.0 0.0
115 0.005 0.0 0.0
116 0.01 0.0 0.0
117 0.01 0.0 0.0
118 0.02 0.0 0.0
119 0.05 0.0 0.0
120 0.08 0.0 0.0
121 0.115 0.0 0.0
122 0.145 0.0 0.0
123 0.175 0.0 0.0
124 0.205 0.0 0.0
125 0.23 0.0 0.0
126 0.24 0.0 0.0
127 0.245 0.0 0.0
128 0.255 0.0 0.0
129 0.26 0.0 0.0
130 0.26 0.0 0.0
131 0.26 0.0 0.0
132 0.26 0.0 0.0
133 0.26 0.0 0.0
134 0.26 0.0 0.0
135 0.26 0.0 0.0
136 0.26 0.0 0.0
137 0.26 0.0 0.0
138 0.26 0.0 0.0
139 0.26 0.0 0.0
140 0.26 0.0 0.0
141 0.26 -0.1 0.0
142 0.26 -0.1 0.0
143 0.26 -0.2 0.0
144 0.26 -0.25 0.0
145 0.26 -0.3 0.0
146 0.26 -0.35 0.0
147 0.26 -0.4 0.0
148 0.26 -0.4 0.0
149 0.26 -0.4 0.0
150 0.26 -0.4 0.0
151 0.26 -0.4 0.0
152 0.26 -0.4 0.0
153 0.26 -0.4 0.0
154 0.26 -0.4 0.0
155 0.26 -0.4 0.0
156 0.26 -0.4 0.0
157 0.26 -0.4 0.0
158 0.26 -0.4 0.075
159 0.26 -0.4 0.118
160 0.26 -0.4 0.141166666667
161 0.26 -0.4 0.153083333333
162 0.26 -0.4 0.175666666667
163 0.26 -0.4 0.304583333333
164 0.26 -0.4 0.358166666667
165 0.26 -0.4 0.45125
166 0.26 -0.4 0.538666666667
167 0.26 -0.4 0.632833333333
168 0.0 0.0 0.75
169 0.0 0.0 0.75
170 0.0 0.0 0.75
171 0.01 0.0 0.75
172 0.01 0.0 0.75
173 0.015 0.0 0.75
174 0.04 0.0 0.75
175 0.07 0.0 0.75
176 0.1 0.0 0.75
177 0.135 0.0 0.75
178 0.165 0.0 0.75
179 0.205 0.0 0.75
180 0.25 0.0 0.75
181 0.26 0.0 0.75
182 0.26 0.0 0.75
183 0.26 0.0 0.73725
184 0.26 0.0 0.69075
185 0.26 0.0 0.611833333333
186 0.26 0.0 0.54
187 0.26 0.0 0.4775
188 0.26 0.0 0.403666666667
189 0.26 0.0 0.326916666667
190 0.26 0.0 0.239166666667
191 0.26 0.0 0.174916666667
192 0.26 0.0 0.103083333333
193 0.26 0.0 0.034
194 0.26 0.0 0.0
195 0.26 0.0 0.0
196 0.26 0.0 0.0
197 0.26 0.0 0.0
198 0.26 0.0 0.0
199 0.26 0.0 0.0
200 0.26 0.0 0.0
201 0.26 0.0 0.0
202 0.26 0.0 0.0
203 0.26 0.0 0.0
204 0.26 0.0 0.0
205 0.26 0.0 0.0
206 0.26 0.0 0.0
207 0.26 0.0 0.0
208 0.26 0.0 0.0
209 0.26 0.0 0.0
210 0.26 0.0 0.0
211 0.26 0.0 0.0
212 0.26 0.0 0.0
213 0.26 0.0 0.0
214 0.26 0.0 0.0
215 0.26 0.0 0.0
216 0.26 0.0 0.0
217 0.26 0.0 0.0
218 0.26 0.0 0.0
219 0.26 0.0 0.0
220 0.26 0.0 0.0
221 0.26 0.0 0.0
222 0.26 0.0 0.0
223 0.26 0.0 0.0
224 0.26 0.0 0.0
225 0.26 0.0 0.0
226 0.26 0.0 0.0
227 0.26 0.0 0.0
228 0.26 0.0 0.0
229 0.26 0.0 0.0
230 0.26 0.0 0.0
231 0.26 0.0 0.0
232 0.26 0.0 0.0
233 0.26 0.0 0.0
234 0.26 0.0 0.0
235 0.26 0.0 0.0
236 0.26 0.0 0.0
237 0.26 -0.1 0.0
238 0.26 -0.1 0.0
239 0.26 -0.1 0.0
240 0.26 -0.1 0.0
241 0.26 -0.1 0.0
242 0.26 -0.15 0.0
243 0.26 -0.2 0.0
244 0.26 -0.3 0.0
245 0.26 -0.3 0.0
246 0.26 -0.3 0.0
247 0.26 -0.3 0.0
248 0.26 -0.3 0.0
249 0.26 -0.3 0.0
250 0.26 -0.3 0.0
251 0.26 -0.3 0.0
252 0.26 -0.3 0.0
253 0.26 -0.3 0.0
254 0.26 -0.3 0.0
255 0.26 -0.3 0.0
256 0.26 -0.3 0.0125
257 0.26 -0.3 0.10625
258 0.26 -0.3 0.144416666667
259 0.26 -0.3 0.144333333333
260 0.26 -0.3 0.1355
261 0.26 -0.3 0.216416666667
262 0.26 -0.3 0.278333333333
263 0.26 -0.3 0.384666666667
264 0.26 -0.3 0.452916666667
265 0.26 -0.3 0.508333333333
266 0.26 -0.3 0.570583333333
267 0.26 -0.3 0.60475
268 0.26 -0.3 0.6135
269 0.26 -0.3 0.57175
270 0.0 0.0 0.477833333333
271 0.0 0.0 0.322833333333
272 0.005 0.0 0.049
273 0.01 0.0 0.0161666666667
274 0.01 0.0 0.0
275 0.03 0.0 0.0
276 0.065 0.0 0.08125
277 0.1 0.0 0.09825
278 0.13 0.0 0.0920833333333
279 0.165 0.0 0.092
280 0.195 0.0 0.0955833333333
281 0.23 0.0 0.08575
282 0.255 0.0 0.08575
283 0.26 0.0 0.0794166666667
284 0.26 0.0 0.0758333333333
285 0.26 0.0 0.07575
286 0.26 0.0 0.066
287 0.26 0.0 0.05975
288 0.26 0.0 0.0535
289 0.26 0.0 0.05
290 0.26 0.0 0.04375
291 0.26 0.0 0.0375
292 0.26 0.0 0.025
293 0.26 0.0 0.01875
294 0.26 0.0 0.00625
295 0.0 0.0 0.0
296 0.0 0.0 0.0
297 0.0 0.0 0.0
298 0.0 0.05 0.0
299 0.0 0.1 0.0
300 0.0 0.1 0.0
