0 0.26 0.0 0.0641666666667
1 0.26 0.0 0.05625
2 0.26 0.0 0.05
3 0.26 0.0 0.04375
4 0.26 0.0 0.03125
5 0.26 0.0 0.01875
6 0.26 -0.05 0.00625
7 0.26 -0.15 0.0
8 0.26 -0.25 0.0
9 0.26 -0.3 0.0
10 0.26 -0.4 0.0
11 0.26 -0.45 0.03125
12 0.26 -0.55 0.15625
13 0.26 -0.6 0.3
14 0.26 -0.6 0.46875
15 0.26 -0.6 0.54375
16 0.26 -0.6 0.48125
17 0.26 -0.6 0.325
18 0.26 -0.6 0.15625
19 0.26 -0.6 0.0
20 0.26 -0.6 0.0
21 0.26 -0.6 0.0
22 0.26 -0.6 0.0
23 0.26 -0.6 0.0
24 0.26 -0.6 0.0
25 0.0 0.0 0.0
26 0.0 0.0 0.0
27 0.0 0.0 0.0
28 0.01 0.0 0.0
29 0.01 0.0 0.0
30 0.01 0.0 0.0
31 0.035 0.0 0.0
32 0.065 0.0 0.0
33 0.095 0.05 0.0
34 0.105 0.1 0.0
35 0.115 0.15 0.0
36 0.125 0.2 0.0
37 0.13 0.2 0.0
38 0.14 0.2 0.0
39 0.15 0.2 0.0
40 0.18 0.2 0.0
41 0.21 0.2 0.0
42 0.225 0.2 0.0
43 0.235 0.15 0.0
44 0.245 0.05 0.0
45 0.255 0.0 0.0
46 0.26 0.0 0.0
47 0.26 0.0 0.0
48 0.26 0.0 0.0
49 0.26 0.0 0.0
50 0.26 0.0 0.0
51 0.26 0.0 0.0
52 0.26 0.0 0.0
53 0.26 0.0 0.0
54 0.26 0.0 0.0
55 0.26 0.0 0.0
56 0.26 0.0 0.0
57 0.26 0.0 0.0
58 0.26 0.0 0.0
59 0.26 0.0 0.0
60 0.26 0.0 0.0
61 0.26 0.0 0.0
62 0.26 0.0 0.0
63 0.26 0.0 0.0
64 0.26 0.0 0.0
65 0.26 0.0 0.0
66 0.26 0.0 0.0
67 0.26 0.0 0.0
68 0.255 0.0 0.0
69 0.25 0.0 0.0
70 0.245 0.0 0.0
71 0.24 0.0 0.0
72 0.23 0.0 0.0
73 0.225 0.0 0.0
74 0.22 0.0 0.0
75 0.22 0.0 0.0
76 0.21 0.0 0.0
77 0.21 0.0 0.0
78 0.21 0.05 0.0
79 0.21 0.1 0.0
80 0.21 0.15 0.0
81 0.21 0.2 0.0
82 0.21 0.2 0.0
83 0.21 0.2 0.0
84 0.21 0.2 0.0
85 0.21 0.2 0.0
86 0.21 0.2 0.0
87 0.21 0.2 0.0
88 0.21 0.2 0.0
89 0.21 0.25 0.0
90 0.21 0.3 0.0
91 0.21 0.3 0.0
92 0.21 0.3 0.0
93 0.21 0.3 0.0
94 0.21 0.3 0.0
95 0.21 0.3 0.0
96 0.21 0.3 0.0
97 0.21 0.3 0.0
98 0.21 0.3 0.0
99 0.21 0.3 0.0
100 0.21 0.3 0.0
101 0.21 0.3 0.0
102 0.21 0.3 0.0
103 0.21 0.3 0.0
104 0.21 0.3 0.0
105 0.21 0.3 0.0
106 0.21 0.3 0.0
107 0.21 0.3 0.0
108 0.21 0.3 0.03125
109 0.21 0.3 0.11875
110 0.0 0.0 0.2
111 0.0 0.0 0.2875
112 0.0 0.0 0.4125
113 0.01 0.0 0.53125
114 0.01 0.0 0.5625
115 0.01 0.0 0.56875
116 0.025 0.0 0.5625
117 0.055 0.0 0.5625
118 0.085 0.0 0.56875
119 0.11 0.0 0.569916666667
120 0.135 0.0 0.575
121 0.165 0.0 0.58125
122 0.19 0.0 0.5875
123 0.215 0.0 0.58125
124 0.24 0.0 0.58125
125 0.26 0.0 0.58125
126 0.26 0.0 0.575
127 0.26 0.0 0.575
128 0.26 0.0 0.575
129 0.26 0.0 0.56875
130 0.26 0.0 0.56875
131 0.26 0.0 0.56875
132 0.26 0.0 0.56875
133 0.26 0.0 0.56875
134 0.26 0.0 0.5625
135 0.26 0.0 0.5625
136 0.26 0.0 0.5625
137 0.26 0.0 0.5625
138 0.26 0.0 0.55775
139 0.26 0.0 0.55625
140 0.26 0.0 0.55625
141 0.26 0.0 0.55625
142 0.26 0.0 0.55625
143 0.26 0.0 0.552666666667
144 0.26 0.0 0.55
145 0.26 0.0 0.55
146 0.26 0.0 0.55
147 0.26 0.0 0.54375
148 0.26 0.0 0.54375
149 0.26 0.0 0.54375
150 0.26 0.0 0.54375
151 0.26 0.0 0.54375
152 0.26 0.0 0.5375
153 0.26 0.1 0.54375
154 0.26 0.1 0.565
155 0.26 0.1 0.59375
156 0.26 0.1 0.61875
157 0.26 0.1 0.64375
158 0.26 0.1 0.66875
159 0.26 0.1 0.69375
160 0.26 0.05 0.725
161 0.26 0.0 0.74375
162 0.26 0.0 0.75
163 0.26 0.0 0.75
164 0.26 0.0 0.75
165 0.26 0.0 0.75
166 0.26 0.0 0.75
167 0.26 0.0 0.75
168 0.26 0.0 0.75
169 0.26 0.0 0.75
170 0.26 0.0 0.75
171 0.26 0.05 0.75
172 0.26 0.1 0.75
173 0.26 0.2 0.75
174 0.26 0.2 0.75
175 0.26 0.2 0.75
176 0.26 0.2 0.75
177 0.26 0.2 0.75
178 0.26 0.2 0.75
179 0.26 0.2 0.75
180 0.26 0.15 0.75
181 0.26 0.05 0.75
182 0.26 1.38777878078e-17 0.75
