0 0.26 0.0 0.0696666666667
1 0.26 0.0 0.01875
2 0.26 0.0 0.03125
3 0.26 0.0 0.0125
4 0.26 0.0 0.0
5 0.26 0.0 0.0
6 0.26 0.0 0.0
7 0.26 0.0 0.0
8 0.26 0.0 0.0
9 0.26 0.0 0.0
10 0.26 0.0 0.0
11 0.26 0.0 0.0
12 0.26 0.0 0.0
13 0.26 0.0 0.0
14 0.26 0.0 0.0
15 0.26 0.0 0.0
16 0.26 -0.05 0.0
17 0.26 -0.1 0.0
18 0.26 -0.2 0.0
19 0.26 -0.25 0.0
20 0.26 -0.3 0.0
21 0.26 -0.35 0.0
22 0.26 -0.4 0.0
23 0.26 -0.4 0.03125
24 0.26 -0.4 0.13125
25 0.26 -0.4 0.24375
26 0.26 -0.4 0.375
27 0.26 -0.4 0.49375
28 0.26 -0.4 0.5625
29 0.0 0.0 0.55
30 0.0 0.0 0.413166666667
31 0.0 0.0 0.15
32 0.005 0.0 0.0
33 0.01 0.0 0.0
34 0.01 0.0 0.0
35 0.015 0.0 0.0
36 0.04 0.0 0.0
37 0.065 0.0 0.0
38 0.09 0.0 0.0
39 0.12 0.0 0.0
40 0.145 0.0 0.0
41 0.17 0.0 0.0
42 0.2 0.0 0.0
43 0.23 0.0 0.0
44 0.25 0.0 0.0
45 0.26 0.0 0.0
46 0.26 0.1 0.0
47 0.26 0.1 0.0
48 0.26 0.15 0.0
49 0.26 0.2 0.0
50 0.26 0.2 0.0
51 0.26 0.3 0.0
52 0.26 0.3 0.0
53 0.26 0.4 0.0
54 0.26 0.4 0.0
55 0.26 0.4 0.0
56 0.26 0.4 0.0
57 0.26 0.4 0.0
58 0.26 0.4 0.0
59 0.26 0.4 0.0
60 0.26 0.4 0.10625
61 0.26 0.4 0.2125
62 0.26 0.4 0.31875
63 0.26 0.4 0.425
64 0.26 0.4 0.5375
65 0.26 0.4 0.65
66 0.26 0.4 0.75
67 0.26 0.4 0.75
68 0.26 0.4 0.75
69 0.26 0.4 0.75
70 0.26 0.4 0.75
71 0.0 0.0 0.75
72 0.0 0.0 0.75
73 0.0 0.0 0.75
74 0.005 0.0 0.75
75 0.01 0.0 0.75
76 0.01 0.0 0.75
77 0.02 0.0 0.75
78 0.045 0.0 0.75
79 0.07 0.0 0.75
80 0.1 0.0 0.75
81 0.125 0.0 0.75
82 0.14 0.0 0.75
83 0.145 0.0 0.75
84 0.155 0.0 0.75
85 0.16 0.0 0.75
86 0.17 0.0 0.75
87 0.18 0.0 0.75
88 0.185 0.0 0.75
89 0.195 0.0 0.75
90 0.2 0.0 0.75
91 0.21 0.0 0.75
92 0.22 0.0 0.75
93 0.225 0.0 0.75
94 0.235 0.0 0.75
95 0.24 0.0 0.75
96 0.25 0.0 0.75
97 0.26 0.0 0.75
98 0.26 0.0 0.75
99 0.26 0.0 0.75
100 0.26 0.0 0.75
101 0.26 0.0 0.75
102 0.26 0.0 0.75
103 0.26 0.0 0.75
104 0.26 0.0 0.75
105 0.26 0.0 0.75
106 0.26 0.0 0.75
107 0.26 0.0 0.75
108 0.26 0.0 0.75
