0 0.26 0.0 0.0
1 0.26 0.0 0.0
2 0.26 0.0 0.0
3 0.26 0.0 0.0
4 0.26 0.0 0.0
5 0.26 0.0 0.0
6 0.26 0.0 0.0
7 0.26 -0.1 0.0
8 0.26 -0.1 0.0
9 0.26 -0.15 0.0
10 0.26 -0.25 0.0
11 0.26 -0.3 0.0
12 0.26 -0.35 0.0
13 0.26 -0.4 0.0
14 0.26 -0.5 0.0875
15 0.26 -0.5 0.23125
16 0.26 -0.5 0.33125
17 0.26 -0.5 0.347916666667
18 0.26 -0.5 0.371916666667
19 0.0 0.0 0.19375
20 0.0 0.0 0.0125
21 0.005 0.0 0.0
22 0.01 0.0 0.0
23 0.01 0.0 0.0
24 0.02 0.0 0.0
25 0.045 0.0 0.0
26 0.075 0.0 0.0
27 0.1 0.0 0.0
28 0.135 0.0 0.0
29 0.16 0.0 0.0
30 0.19 0.0 0.0
31 0.22 0.0 0.0
32 0.245 0.0 0.0
33 0.26 0.0 0.0
34 0.26 0.0 0.0
35 0.26 0.0 0.0
36 0.26 0.0 0.0
37 0.26 0.0 0.0
38 0.26 0.0 0.0
39 0.26 0.0 0.0
40 0.26 0.0 0.0
41 0.26 0.0 0.0
42 0.26 0.05 0.0
43 0.26 0.1 0.0
44 0.26 0.1 0.0
45 0.26 0.2 0.0
46 0.26 0.2 0.0
47 0.26 0.2 0.0
48 0.26 0.3 0.0
49 0.26 0.3 0.0
50 0.26 0.4 0.075
51 0.26 0.4 0.19375
52 0.26 0.4 0.325
53 0.26 0.4 0.31875
54 0.26 0.4 0.3125
55 0.26 0.4 0.3
56 0.26 0.4 0.29375
57 0.26 0.4 0.1875
58 0.26 0.4 0.08125
59 0.26 0.4 0.0
60 0.26 0.4 0.1125
61 0.26 0.4 0.2125
62 0.0 0.0 0.3375
63 0.0 0.0 0.40625
64 0.0 0.0 0.44375
65 0.0 0.0 0.44375
66 0.005 0.0 0.44375
67 0.01 0.0 0.44375
68 0.01 0.0 0.44375
69 0.02 0.0 0.4375
70 0.045 0.0 0.4375
71 0.075 0.0 0.4375
72 0.1 0.0 0.4375
73 0.13 0.0 0.44375
74 0.155 0.0 0.4375
75 0.185 0.0 0.4375
76 0.205 0.0 0.43125
77 0.215 0.0 0.43125
78 0.225 0.0 0.425
79 0.23 0.0 0.41875
80 0.24 0.0 0.42225
81 0.25 0.0 0.41875
82 0.255 0.0 0.4125
83 0.26 0.0 0.40625
84 0.26 0.0 0.4125
85 0.26 0.0 0.40625
86 0.26 0.0 0.4
87 0.26 0.0 0.39375
88 0.26 0.0 0.39375
89 0.26 0.0 0.39375
90 0.26 0.0 0.3875
91 0.26 0.0 0.38125
92 0.26 0.0 0.3875
93 0.26 0.0 0.38125
94 0.26 0.0 0.375
95 0.26 0.0 0.375
96 0.26 0.0 0.36875
97 0.26 0.0 0.36875
98 0.26 0.0 0.3625
99 0.26 0.0 0.3625
100 0.26 0.0 0.3625
101 0.26 0.0 0.35625
102 0.26 0.0 0.35625
103 0.26 0.0 0.35625
104 0.26 0.0 0.35
105 0.26 0.0 0.35
106 0.26 0.0 0.34375
107 0.26 0.0 0.34375
108 0.26 0.0 0.34375
109 0.26 0.0 0.3375
110 0.26 0.0 0.3375
111 0.26 0.0 0.3375
112 0.26 0.0 0.3375
113 0.26 0.0 0.33125
114 0.26 0.0 0.3375
115 0.26 0.0 0.33125
116 0.26 0.0 0.33125
117 0.26 0.0 0.331916666667
118 0.26 0.0 0.33125
119 0.26 0.0 0.33125
120 0.26 0.0 0.33125
121 0.26 0.0 0.325
122 0.26 0.0 0.33125
123 0.26 0.0 0.33125
124 0.26 0.0 0.33125
125 0.26 0.0 0.3345
126 0.26 0.0 0.3375
127 0.26 0.05 0.3375
128 0.26 0.1 0.3375
129 0.26 0.2 0.31875
130 0.26 0.25 0.2625
131 0.26 0.35 0.191666666667
132 0.26 0.4 0.09375
133 0.26 0.4 0.0
134 0.26 0.4 0.0
135 0.0 0.0 0.0
136 0.0 0.0 0.0
137 0.005 0.0 0.0
138 0.01 0.0 0.0
139 0.01 0.0 0.0
140 0.025 0.0 0.0
141 0.05 0.0 0.0
142 0.075 0.0 0.0
143 0.105 0.0 0.0
144 0.135 0.0 0.0
145 0.16 0.0 0.0
146 0.19 0.0 0.0
147 0.22 0.0 0.0
148 0.25 0.0 0.0
149 0.26 0.0 0.0
150 0.26 0.0 0.0
151 0.26 0.0 0.0
152 0.26 0.0 0.0
153 0.26 0.0 0.0
154 0.26 0.0 0.0
155 0.26 0.0 0.0
156 0.26 0.0 0.0
157 0.26 0.0 0.0
158 0.26 -0.05 0.0
159 0.26 -0.1 0.0
160 0.26 -0.15 0.0
161 0.26 -0.25 0.0
162 0.26 -0.3 0.0
163 0.26 -0.4 0.0
164 0.26 -0.45 0.0
165 0.26 -0.5 0.0
166 0.26 -0.5 0.0
167 0.26 -0.5 0.0
168 0.26 -0.5 0.0
169 0.26 -0.5 0.13125
170 0.26 -0.5 0.25625
171 0.26 -0.5 0.4125
172 0.26 -0.5 0.55
173 0.0 0.0 0.73125
174 0.0 0.0 0.75
175 0.005 0.0 0.75
176 0.01 0.0 0.75
177 0.01 0.0 0.75
178 0.03 0.0 0.75
179 0.06 0.0 0.75
180 0.085 0.0 0.75
181 0.115 0.0 0.75
182 0.145 0.0 0.75
183 0.175 0.0 0.75
184 0.205 0.0 0.75
185 0.235 0.0 0.75
186 0.26 0.0 0.75
187 0.26 0.0 0.75
188 0.26 0.0 0.75
189 0.26 0.0 0.75
190 0.26 0.0 0.75
191 0.26 0.0 0.75
192 0.26 0.0 0.75
193 0.26 0.0 0.75
194 0.26 0.0 0.75
195 0.26 0.0 0.75
196 0.26 0.0 0.75
197 0.26 0.0 0.75
198 0.26 0.0 0.75
199 0.26 0.0 0.75
200 0.26 0.0 0.75
201 0.26 0.0 0.75
202 0.26 0.0 0.75
203 0.26 0.0 0.75
204 0.26 0.0 0.75
205 0.26 0.0 0.75
206 0.26 0.0 0.75
