0 0.26 0.0 0.0
1 0.26 0.0 0.0
2 0.26 0.0 0.0
3 0.26 0.0 0.0
4 0.26 0.0 0.0
5 0.26 0.0 0.0
6 0.26 0.0 0.0
7 0.26 0.0 0.0
8 0.26 0.0 0.0
9 0.26 0.0 0.0
10 0.26 0.0 0.0
11 0.26 -0.1 0.0
12 0.26 -0.1 0.0
13 0.26 -0.15 0.0
14 0.26 -0.2 0.0
15 0.26 -0.25 0.0
16 0.26 -0.3 0.0
17 0.26 -0.3 0.0
18 0.26 -0.35 0.0
19 0.26 -0.4 0.0
20 0.26 -0.4 0.0
21 0.26 -0.4 0.0
22 0.26 -0.4 0.06875
23 0.26 -0.4 0.06875
24 0.26 -0.4 0.07075
25 0.26 -0.4 0.08125
26 0.26 -0.4 0.09275
27 0.26 -0.45 0.10625
28 0.26 -0.5 0.0
29 0.0 0.0 0.0
30 0.0 0.0 0.0
31 0.0 0.0 0.0
32 0.0 0.0 0.0
33 0.005 0.0 0.0
34 0.01 0.0 0.0
35 0.01 0.0 0.0
36 0.01 0.0 0.0
37 0.04 0.0 0.0
38 0.06 -0.05 0.0
39 0.065 -0.1 0.0
40 0.075 -0.1 0.0
41 0.085 -0.1 0.0
42 0.09 -0.1 0.0
43 0.1 -0.1 0.0
44 0.1 -0.1 0.0
45 0.105 -0.1 0.0
46 0.11 -0.1 0.0
47 0.11 -0.1 0.0
48 0.11 -0.1 0.0
49 0.14 -0.1 0.0
50 0.165 -0.1 0.0
51 0.19 -0.1 0.0
52 0.2 -0.1 0.0
53 0.21 -0.1 0.0
54 0.22 -0.1 0.0
55 0.23 -0.1 0.0
56 0.235 -0.1 0.0
57 0.255 -0.1 0.0
58 0.26 -0.1 0.0
59 0.26 -0.1 0.0
60 0.26 -0.1 0.0
61 0.26 -0.1 0.0
62 0.26 -0.1 0.0
63 0.26 -0.1 0.0
64 0.26 -0.05 0.0
65 0.26 0.0 0.0
66 0.26 0.0 0.0
67 0.26 0.1 0.0
68 0.26 0.1 0.0
69 0.26 0.1 0.0
70 0.26 0.2 0.0
71 0.26 0.2 0.0
72 0.26 0.25 0.0
73 0.26 0.3 0.0
74 0.26 0.3 0.0
75 0.26 0.3 0.0
76 0.26 0.3 0.0
77 0.26 0.3 0.0
78 0.26 0.3 0.0
79 0.26 0.3 0.0
80 0.26 0.3 0.0
81 0.26 0.3 0.0
82 0.26 0.3 0.0
83 0.26 0.3 0.0
84 0.26 0.3 0.0
85 0.26 0.3 0.0
86 0.26 0.3 0.0
87 0.26 0.3 0.0
88 0.26 0.3 0.0
89 0.26 0.3 0.0
90 0.26 0.3 0.0303333333333
91 0.26 0.3 0.129583333333
92 0.26 0.3 0.2
93 0.0 0.0 0.29375
94 0.0 0.0 0.35625
95 0.0 0.0 0.375
96 0.01 0.0 0.375
97 0.01 0.0 0.375
98 0.01 0.0 0.375
99 0.04 0.0 0.375
100 0.065 0.0 0.375
101 0.095 0.0 0.375
102 0.125 0.0 0.375
103 0.155 0.0 0.375
104 0.18 0.0 0.375
105 0.205 0.0 0.38125
106 0.22 0.0 0.38125
107 0.225 0.0 0.38125
108 0.235 0.0 0.38725
109 0.245 0.0 0.38125
110 0.25 0.0 0.3875
111 0.26 0.0 0.3875
112 0.26 0.0 0.39375
113 0.26 0.0 0.39375
114 0.26 0.0 0.4
115 0.26 0.0 0.4
116 0.26 0.0 0.40625
117 0.26 0.0 0.40625
118 0.26 0.0 0.4125
119 0.26 0.0 0.4125
120 0.26 0.0 0.41875
121 0.26 0.0 0.420083333333
122 0.26 0.0 0.43125
123 0.26 0.0 0.43125
124 0.26 0.0 0.425
125 0.26 0.0 0.41875
126 0.26 0.0 0.41875
127 0.26 0.0 0.41875
128 0.26 0.0 0.4125
129 0.26 0.0 0.4125
130 0.26 0.0 0.40625
131 0.26 0.0 0.40625
132 0.26 0.0 0.4
133 0.26 0.0 0.4
134 0.26 0.0 0.39375
135 0.26 0.0 0.39375
136 0.26 0.0 0.3875
137 0.26 0.0 0.3875
138 0.26 0.0 0.38125
139 0.26 0.0 0.38125
140 0.26 0.05 0.375
141 0.26 0.1 0.38125
142 0.26 0.1 0.40625
143 0.26 0.1 0.43125
144 0.26 0.1 0.45625
145 0.26 0.1 0.48125
146 0.26 0.1 0.50625
147 0.26 0.1 0.53125
148 0.26 0.1 0.55
149 0.26 0.1 0.575
150 0.26 0.0 0.60625
151 0.26 0.0 0.6125
152 0.26 0.0 0.6125
153 0.26 0.0 0.60625
154 0.26 0.0 0.60625
155 0.26 0.0 0.60625
156 0.26 0.0 0.60625
157 0.26 0.0 0.60625
158 0.26 0.0 0.60625
159 0.26 0.0 0.601416666667
160 0.26 0.0 0.6
161 0.26 0.0 0.6
162 0.26 0.0 0.6
163 0.26 0.0 0.6
164 0.26 0.0 0.59375
165 0.26 0.0 0.59375
166 0.26 0.0 0.59375
167 0.26 0.0 0.59375
168 0.26 0.0 0.59375
169 0.26 0.0 0.59375
170 0.26 0.0 0.59375
171 0.26 0.0 0.5875
172 0.26 0.0 0.59375
173 0.26 0.0 0.59375
174 0.26 0.0 0.59375
175 0.26 0.0 0.59375
176 0.26 0.0 0.59375
177 0.26 0.0 0.59375
178 0.26 0.05 0.59375
179 0.26 0.1 0.6
180 0.26 0.1 0.625
181 0.26 0.1 0.65
182 0.26 0.1 0.6875
183 0.26 0.1 0.7125
184 0.26 0.1 0.7375
185 0.26 0.1 0.75
186 0.26 0.0 0.75
187 0.26 0.0 0.75
188 0.26 0.0 0.75
189 0.26 0.0 0.75
190 0.26 0.0 0.75
191 0.26 0.0 0.75
192 0.26 0.0 0.75
193 0.26 0.0 0.75
194 0.26 0.0 0.75
195 0.26 0.0 0.75
196 0.26 0.0 0.75
197 0.26 0.0 0.75
198 0.26 0.0 0.75
199 0.26 0.0 0.75
200 0.26 0.0 0.75
201 0.26 0.0 0.75
202 0.26 0.0 0.75
203 0.26 0.0 0.75
204 0.26 0.0 0.75
205 0.26 0.0 0.75
206 0.26 0.0 0.75
207 0.26 0.0 0.75
208 0.26 0.0 0.75
209 0.26 0.0 0.75
210 0.26 0.0 0.75
211 0.26 0.0 0.75
212 0.26 0.0 0.75
213 0.26 0.0 0.75
214 0.26 0.0 0.75
