0 0.26 0.0 0.0641666666667
1 0.26 0.0 0.1
2 0.26 0.0 0.15625
3 0.26 0.0 0.14375
4 0.26 0.0 0.1375
5 0.26 0.0 0.13125
6 0.26 0.0 0.11875
7 0.26 0.0 0.1125
8 0.26 0.0 0.1
9 0.26 0.0 0.09375
10 0.26 0.0 0.08125
11 0.26 0.1 0.075
12 0.26 0.15 0.0875
13 0.26 0.2 0.11875
14 0.26 0.3 0.16875
15 0.26 0.35 0.24375
16 0.26 0.45 0.3375
17 0.26 0.5 0.45
18 0.26 0.55 0.5875
19 0.26 0.6 0.70625
20 0.26 0.6 0.54375
21 0.26 0.6 0.38125
22 0.26 0.6 0.21875
23 0.26 0.6 0.05
24 0.26 0.6 0.0
25 0.26 0.6 0.0
26 0.0 0.0 0.0
27 0.0 0.0 0.0
28 0.0 0.0 0.0
29 0.005 0.0 0.0
30 0.01 0.0 0.0
31 0.01 0.0 0.0
32 0.02 0.0 0.0
33 0.045 0.0 0.0
34 0.075 0.0 0.0
35 0.1 0.0 0.0
36 0.125 0.0 0.0
37 0.15 0.0 0.0
38 0.18 0.0 0.0
39 0.205 0.0 0.0
40 0.23 0.0 0.0
41 0.255 0.0 0.0
42 0.26 -0.05 0.0
43 0.26 -0.15 0.0
44 0.26 -0.2 0.0
45 0.26 -0.2 0.0
46 0.26 -0.2 0.0
47 0.26 -0.2 0.0
48 0.26 -0.2 0.0
49 0.26 -0.2 0.0
50 0.26 -0.2 0.0
51 0.26 -0.2 0.0
52 0.26 -0.2 0.0
53 0.26 -0.2 0.0
54 0.26 -0.2 0.0
55 0.26 -0.2 0.0
56 0.26 -0.25 0.0
57 0.26 -0.3 0.0
58 0.26 -0.35 0.0
59 0.26 -0.4 0.0
60 0.26 -0.4 0.04375
61 0.26 -0.4 0.175
62 0.26 -0.4 0.2875
63 0.26 -0.4 0.39375
64 0.26 -0.4 0.5125
65 0.26 -0.4 0.6375
66 0.26 -0.4 0.75
67 0.26 -0.4 0.75
68 0.26 -0.4 0.75
69 0.26 -0.4 0.75
70 0.0 0.0 0.75
71 0.0 0.0 0.75
72 0.01 0.0 0.75
73 0.01 0.0 0.75
74 0.01 0.0 0.60625
75 0.025 0.0 0.45625
76 0.055 0.0 0.3375
77 0.07 -0.05 0.29375
78 0.08 -0.1 0.30625
79 0.09 -0.1 0.31875
80 0.105 -0.25 0.34375
81 0.12 -0.5 0.389166666667
82 0.12 -0.65 0.50625
83 0.12 -0.7 0.65625
84 0.0 0.0 0.75
85 0.0 0.0 0.75
86 0.01 0.0 0.75
87 0.01 0.0 0.75
88 0.01 0.0 0.75
89 0.025 0.0 0.75
90 0.055 0.0 0.75
91 0.08 0.0 0.75
92 0.105 0.0 0.75
93 0.13 0.0 0.75
94 0.155 0.0 0.75
95 0.185 0.0 0.75
96 0.21 0.0 0.75
97 0.235 0.0 0.75
98 0.26 0.0 0.75
99 0.26 0.0 0.75
100 0.26 0.0 0.75
101 0.26 0.0 0.75
102 0.26 0.0 0.75
103 0.26 0.0 0.75
104 0.26 0.0 0.75
105 0.26 0.0 0.75
106 0.26 0.0 0.75
107 0.26 0.0 0.75
108 0.26 0.0 0.75
109 0.26 0.0 0.75
110 0.26 0.0 0.75
