0 0.26 0.0 0.0633333333333
1 0.26 0.0 0.0625
2 0.26 0.0 0.05625
3 0.26 0.0 0.0469166666667
4 0.26 0.0 0.0375
5 0.26 0.0 0.025
6 0.26 0.0 0.0125
7 0.26 0.0 0.00625
8 0.26 0.0 0.0
9 0.26 0.0 0.0
10 0.26 0.0 0.0
11 0.26 0.0 0.0
12 0.26 0.0 0.0
13 0.26 0.0 0.0
14 0.26 0.05 0.0
15 0.26 0.1 0.0
16 0.26 0.15 0.0
17 0.26 0.2 0.0
18 0.26 0.3 0.0
19 0.26 0.35 0.03125
20 0.26 0.4 0.1125
21 0.26 0.5 0.21875
22 0.26 0.55 0.34375
23 0.26 0.6 0.49375
24 0.26 0.6 0.6625
25 0.26 0.6 0.5875
26 0.26 0.6 0.43125
27 0.26 0.6 0.26875
28 0.26 0.6 0.10625
29 0.0 0.0 0.0
30 0.0 0.0 0.0
31 0.0 0.0 0.0
32 0.005 0.0 0.0
33 0.01 0.0 0.0
34 0.01 0.0 0.0
35 0.02 0.0 0.0
36 0.05 0.0 0.0
37 0.075 0.0 0.0
38 0.1 0.0 0.0
39 0.13 0.0 0.0
40 0.155 0.0 0.0
41 0.18 0.0 0.0
42 0.195 -0.05 0.0
43 0.205 -0.1 0.0
44 0.215 -0.1 0.0
45 0.22 -0.1 0.0
46 0.23 -0.1 0.0
47 0.235 -0.1 0.0
48 0.245 -0.1 0.0
49 0.255 -0.1 0.0
50 0.26 -0.1 0.0
51 0.26 -0.2 0.0
52 0.26 -0.2 0.0
53 0.26 -0.2 0.0
54 0.26 -0.3 0.0
55 0.26 -0.3 0.0
56 0.26 -0.3 0.0
57 0.26 -0.4 0.0
58 0.26 -0.4 0.0625
59 0.26 -0.4 0.1625
60 0.26 -0.5 0.26875
61 0.26 -0.5 0.38125
62 0.26 -0.5 0.5
63 0.26 -0.6 0.61875
64 0.26 -0.6 0.75
65 0.26 -0.6 0.75
66 0.26 -0.6 0.75
67 0.0 0.0 0.75
68 0.0 0.0 0.75
69 0.005 0.0 0.75
70 0.01 0.0 0.46875
71 0.01 0.05 0.20625
72 0.01 0.1 0.0
73 0.01 0.1 0.0
74 0.01 0.2 0.0
75 0.01 0.45 0.0
76 0.01 0.7 0.0
77 0.01 1.0 0.0
78 0.01 1.1 0.0
79 0.01 1.15 0.1125
80 0.0 0.0 0.44375
81 0.0 0.0 0.75
82 0.0 0.0 0.75
83 0.0 0.0 0.75
84 0.0 0.0 0.75
85 0.0 0.0 0.75
86 0.0 0.0 0.75
87 0.005 0.0 0.75
88 0.01 0.0 0.75
89 0.01 0.0 0.75
90 0.015 0.0 0.75
91 0.04 0.0 0.75
92 0.065 0.0 0.75
93 0.095 0.0 0.75
94 0.12 0.0 0.75
95 0.145 0.0 0.75
96 0.17 0.0 0.75
97 0.2 0.0 0.75
98 0.225 0.0 0.75
99 0.25 0.0 0.75
100 0.26 0.0 0.75
101 0.26 0.0 0.75
102 0.26 0.0 0.75
103 0.26 0.0 0.75
104 0.26 0.0 0.75
105 0.26 0.0 0.75
106 0.26 0.0 0.75
107 0.26 0.0 0.75
108 0.26 0.0 0.75
109 0.26 0.0 0.75
110 0.26 0.0 0.75
111 0.26 0.0 0.75
