0 0.185 0.0 0.15
1 0.19 0.0 0.15625
2 0.2 0.0 0.15
3 0.215 0.05 0.14375
4 0.22 0.1 0.14375
5 0.235 0.2 0.15625
6 0.245 0.25 0.19375
7 0.255 0.3 0.25625
8 0.26 0.4 0.35625
9 0.26 0.4 0.45625
10 0.26 0.45 0.56875
11 0.26 0.5 0.6875
12 0.26 0.5 0.60625
13 0.26 0.5 0.46875
14 0.26 0.5 0.3375
15 0.26 0.55 0.2
16 0.26 0.6 0.05625
17 0.26 0.6 0.0
18 0.26 0.6 0.0
19 0.26 0.6 0.0
20 0.26 0.6 0.0
21 0.26 0.6 0.0
22 0.0 0.0 0.0
23 0.0 0.0 0.0
24 0.0 0.0 0.0
25 0.01 0.0 0.0
26 0.01 0.0 0.0
27 0.01 0.0 0.0
28 0.025 -0.05 0.16875
29 0.03 -0.1 0.35625
30 0.03 -0.2 0.48125
31 0.03 -0.2 0.5125
32 0.03 -0.2 0.5
33 0.03 -0.35 0.43125
34 0.03 -0.45 0.3375
35 0.03 -0.5 0.21875
36 0.03 -0.5 0.08125
37 0.03 -0.5 0.0
38 0.03 -0.5 0.0
39 0.03 -0.5 0.0
40 0.0 0.0 0.0
41 0.0 0.0 0.0
42 0.01 0.0 0.0
43 0.01 0.0 0.0
44 0.01 0.0 0.0
45 0.04 0.0 0.0
46 0.065 0.0 0.0
47 0.075 -0.1 0.0
48 0.09 -0.1 0.0
49 0.095 -0.1 0.0
50 0.11 -0.2 0.0
51 0.115 -0.2 0.0
52 0.125 -0.2 0.0
53 0.135 -0.2 0.0
54 0.15 -0.2 0.0
55 0.18 -0.2 0.0
56 0.205 -0.2 0.0
57 0.235 -0.2 0.0
58 0.25 -0.2 0.0
59 0.255 -0.2 0.0
60 0.26 -0.1 0.0
61 0.26 -0.1 0.0
62 0.26 -0.1 0.0
63 0.26 -0.1 0.0
64 0.26 -0.1 0.0
65 0.26 0.0 0.0
66 0.26 0.0 0.0
67 0.26 0.0 0.0
68 0.26 0.0 0.0
69 0.26 0.0 0.0
70 0.26 0.0 0.0
71 0.26 0.0 0.0
72 0.26 0.0 0.0
73 0.26 0.0 0.0
74 0.26 0.0 0.0
75 0.26 0.0 0.0
76 0.26 0.0 0.0
77 0.26 0.0 0.0
78 0.26 0.0 0.0
79 0.26 0.0 0.0
80 0.26 0.0 0.0
81 0.26 0.0 0.0
82 0.26 0.0 0.0
83 0.26 0.0 0.0
84 0.26 0.0 0.0
85 0.26 0.0 0.0
86 0.26 0.0 0.0
87 0.26 0.0 0.0
88 0.26 0.0 0.0
89 0.26 0.0 0.0
90 0.26 0.0 0.0
91 0.26 0.0 0.0
92 0.26 0.0 0.0
93 0.26 0.0 0.0
94 0.26 0.0 0.0
95 0.26 0.0 0.0
96 0.26 0.0 0.0
97 0.26 0.0 0.0
98 0.26 0.0 0.0
99 0.26 -0.05 0.0
100 0.26 -0.1 0.0
101 0.26 -0.1 0.0
102 0.26 -0.1 0.0
103 0.26 -0.15 0.0
104 0.26 -0.2 0.0
105 0.26 -0.2 0.0
106 0.26 -0.2 0.0
107 0.26 -0.25 0.0
108 0.26 -0.3 0.0
109 0.26 -0.3 0.0
110 0.26 -0.35 0.0
111 0.26 -0.4 0.0
112 0.26 -0.4 0.0
113 0.26 -0.4 0.0
114 0.26 -0.4 0.0
115 0.26 -0.4 0.0
116 0.26 -0.5 0.0
117 0.26 -0.5 0.0
118 0.26 -0.5 0.0
119 0.26 -0.5 0.0
120 0.26 -0.5 0.0
121 0.26 -0.5 0.0
122 0.26 -0.5 0.08125
123 0.26 -0.5 0.21875
124 0.26 -0.5 0.35
125 0.26 -0.5 0.48125
126 0.0 0.0 0.61875
127 0.0 0.0 0.63125
128 0.0 0.0 0.6125
129 0.0 0.1 0.3875
130 0.0 0.1 0.16875
131 0.0 0.1 0.0
132 0.0 0.1 0.0
133 0.0 0.05 0.0
134 0.0 0.0 0.0
135 0.0 0.0 0.0
136 0.0 -0.05 0.0
137 0.0 -0.3 0.0
138 0.0 -0.4 0.0
139 0.0 -0.5 0.0
140 0.0 0.0 0.0
141 0.0 0.0 0.0
142 0.005 0.0 0.0
143 0.01 0.0 0.0
144 0.01 0.0 0.0
145 0.02 0.0 0.0
146 0.05 0.0 0.0
147 0.075 0.0 0.0
148 0.09 -0.1 0.0
149 0.095 -0.1 0.0
150 0.105 -0.1 0.0
151 0.11 -0.1 0.0
152 0.125 -0.1 0.0
153 0.135 -0.15 0.0
154 0.145 -0.2 0.01875
155 0.155 -0.2 0.075
156 0.16 -0.2 0.125
157 0.17 -0.2 0.18125
158 0.2 -0.2 0.23125
159 0.225 -0.2 0.275
160 0.255 -0.2 0.26875
161 0.26 -0.2 0.28125
162 0.26 -0.15 0.29375
163 0.26 -0.1 0.35
164 0.26 0.0 0.375
165 0.26 0.0 0.375
166 0.26 0.0 0.375
167 0.26 0.0 0.375
168 0.26 0.0 0.375
169 0.26 0.0 0.375
170 0.26 0.0 0.375
171 0.26 0.0 0.375
172 0.26 0.0 0.36875
173 0.26 0.0 0.36875
174 0.26 0.0 0.36875
175 0.26 0.0 0.36875
176 0.26 0.0 0.36875
177 0.26 0.0 0.36875
