0 0.26 0.0 0.0
1 0.26 0.0 0.0
2 0.26 -0.05 0.0
3 0.26 -0.1 0.0
4 0.26 -0.1 0.0
5 0.26 -0.1 0.0
6 0.26 -0.15 0.0
7 0.26 -0.2 0.0
8 0.26 -0.2 0.0
9 0.26 -0.2 0.0375
10 0.26 -0.2 0.0875
11 0.26 -0.2 0.14375
12 0.26 -0.2 0.19375
13 0.26 -0.2 0.25
14 0.26 -0.2 0.30625
15 0.26 -0.2 0.36875
16 0.26 -0.2 0.40625
17 0.26 -0.2 0.4125
18 0.26 -0.2 0.4125
19 0.26 -0.2 0.40675
20 0.26 -0.2 0.40625
21 0.0 0.0 0.400333333333
22 0.0 0.0 0.335916666667
23 0.0 0.0 0.248916666667
24 0.01 0.0 0.221166666667
25 0.01 0.0 0.21875
26 0.01 0.0 0.21875
27 0.03 0.0 0.21875
28 0.055 0.0 0.21875
29 0.08 0.0 0.21875
30 0.105 0.0 0.21875
31 0.135 0.0 0.21875
32 0.16 0.0 0.20625
33 0.185 0.0 0.2
34 0.205 0.0 0.19375
35 0.215 0.0 0.184
36 0.22 0.0 0.175
37 0.23 0.0 0.165416666667
38 0.235 0.0 0.15625
39 0.245 0.0 0.14375
40 0.255 0.0 0.136333333333
41 0.26 0.0 0.125
42 0.26 0.0 0.1125
43 0.26 0.0 0.1
44 0.26 0.0 0.0881666666667
45 0.26 0.0 0.0805
46 0.26 0.0 0.06875
47 0.26 0.0 0.05625
48 0.26 0.0 0.04375
49 0.26 0.0 0.03125
50 0.26 0.0 0.01875
51 0.26 0.0 0.00991666666667
52 0.26 0.0 0.0
53 0.26 0.0 0.0
54 0.26 0.0 0.0
55 0.26 0.0 0.0
56 0.26 0.0 0.0
57 0.26 0.0 0.0
58 0.26 0.0 0.0
59 0.26 0.0 0.0
60 0.26 0.0 0.0
61 0.26 0.0 0.0
62 0.26 0.0 0.0
63 0.26 0.0 0.0
64 0.26 0.0 0.0
65 0.26 0.0 0.0
66 0.26 0.0 0.0
67 0.26 0.0 0.0
68 0.26 0.0 0.0
69 0.26 0.0 0.0
70 0.26 0.0 0.0
71 0.26 0.0 0.0
72 0.26 0.0 0.0
73 0.26 0.0 0.0
74 0.26 0.0 0.0
75 0.26 0.0 0.0
76 0.26 0.0 0.0
77 0.26 0.0 0.0
78 0.26 0.0 0.0
79 0.26 0.0 0.0
80 0.26 0.1 0.0
81 0.26 0.1 0.0
82 0.26 0.1 0.0
83 0.26 0.1 0.0
84 0.26 0.1 0.0
85 0.26 0.1 0.0
86 0.26 0.1 0.0
87 0.26 0.1 0.0
88 0.26 0.1 0.0
89 0.26 0.1 0.0
90 0.26 0.1 0.0
91 0.26 0.1 0.0
92 0.26 0.1 0.0
93 0.26 0.1 0.0
94 0.26 0.1 0.01875
95 0.26 0.1 0.04375
96 0.26 0.1 0.06875
97 0.26 0.1 0.0875
98 0.26 0.1 0.1125
99 0.26 0.1 0.1375
100 0.26 0.1 0.15625
101 0.26 0.1 0.18125
102 0.26 0.1 0.20625
103 0.26 0.1 0.23125
104 0.26 0.15 0.25
105 0.26 0.2 0.28125
106 0.26 0.2 0.33125
107 0.26 0.2 0.38125
108 0.26 0.2 0.43125
109 0.0 0.0 0.475
110 0.0 0.0 0.475
111 0.0 0.0 0.35
112 0.005 0.0 0.25
113 0.01 0.0 0.2375
114 0.01 0.0 0.2375
115 0.015 0.0 0.2375
116 0.04 0.0 0.2375
117 0.07 0.0 0.24375
118 0.095 0.0 0.24375
119 0.12 0.0 0.2375
120 0.13 0.1 0.21875
121 0.135 0.1 0.23125
122 0.145 0.1 0.25625
123 0.155 0.1 0.28125
124 0.165 0.1 0.3125
125 0.17 0.1 0.33125
126 0.195 0.1 0.35625
127 0.22 0.1 0.39375
128 0.25 0.1 0.40625
129 0.26 0.1 0.43125
130 0.26 0.0 0.45625
131 0.26 0.0 0.45625
132 0.26 0.0 0.45625
133 0.26 0.0 0.45625
134 0.26 0.0 0.45
135 0.26 0.0 0.45
136 0.26 0.05 0.44375
137 0.26 0.1 0.45
138 0.26 0.1 0.46875
139 0.26 0.1 0.49375
140 0.26 0.1 0.51875
141 0.26 0.1 0.54375
142 0.26 0.1 0.56875
143 0.26 0.1 0.6
144 0.26 0.1 0.625
145 0.26 0.1 0.65
146 0.26 0.1 0.68125
147 0.26 0.1 0.70625
148 0.26 0.1 0.7375
149 0.26 0.1 0.75
150 0.26 0.1 0.75
151 0.26 0.15 0.75
152 0.26 0.2 0.75
153 0.26 0.2 0.70625
154 0.26 0.2 0.6625
155 0.26 0.15 0.61875
156 0.26 0.1 0.575
157 0.26 0.05 0.55625
158 0.26 -0.05 0.55
159 0.26 -0.1 0.56875
160 0.26 -0.15 0.60625
161 0.26 -0.2 0.6625
162 0.26 -0.2 0.74375
163 0.26 -0.2 0.75
164 0.0 0.0 0.75
165 0.0 0.0 0.75
166 0.0 0.0 0.68125
167 0.01 0.0 0.55
168 0.01 0.0 0.50625
169 0.01 0.0 0.5
170 0.04 0.0 0.5
171 0.065 0.0 0.5
172 0.085 0.05 0.51875
173 0.095 0.1 0.54375
174 0.105 0.1 0.575
175 0.115 0.1 0.6
176 0.13 0.1 0.61875
177 0.16 0.1 0.65625
178 0.185 0.1 0.68125
179 0.21 0.1 0.7125
180 0.215 0.1 0.7375
181 0.225 0.1 0.74375
182 0.235 0.0 0.75
183 0.245 0.0 0.75
184 0.255 0.0 0.75
185 0.26 0.0 0.75
186 0.26 0.0 0.75
187 0.26 0.0 0.75
188 0.26 0.0 0.75
189 0.26 0.0 0.75
190 0.26 0.0 0.75
191 0.26 0.0 0.75
192 0.26 0.0 0.75
193 0.26 0.0 0.75
194 0.26 0.0 0.75
195 0.26 0.0 0.75
196 0.26 0.0 0.75
197 0.26 0.0 0.75
198 0.26 0.0 0.75
199 0.26 0.0 0.75
200 0.26 0.0 0.75
201 0.26 0.0 0.75
202 0.26 0.0 0.75
203 0.26 0.0 0.75
204 0.26 0.0 0.75
205 0.26 0.0 0.75
206 0.26 0.0 0.75
207 0.26 0.0 0.75
208 0.26 0.0 0.75
209 0.26 0.0 0.75
210 0.26 0.0 0.75
211 0.26 0.0 0.75
212 0.26 0.0 0.75
213 0.26 0.0 0.75
