0 0.26 0.3 0.0
1 0.26 0.3 0.0
2 0.26 0.4 0.0
3 0.26 0.4 0.0
4 0.26 0.4 0.1
5 0.26 0.4 0.23125
6 0.26 0.4 0.34375
7 0.26 0.4 0.425
8 0.26 0.4 0.5375
9 0.26 0.4 0.66875
10 0.26 0.4 0.6875
11 0.26 0.4 0.58125
12 0.26 0.4 0.45625
13 0.0 0.0 0.34375
14 0.0 0.0 0.3
15 0.0 0.0 0.332666666667
16 0.01 0.0 0.3375
17 0.01 0.0 0.3375
18 0.01 0.0 0.3375
19 0.035 0.0 0.3375
20 0.065 0.0 0.3375
21 0.095 0.0 0.325
22 0.125 0.0 0.2875
23 0.15 0.0 0.28125
24 0.18 0.0 0.28125
25 0.21 0.0 0.272833333333
26 0.24 0.0 0.24375
27 0.26 0.0 0.2375
28 0.26 0.0 0.225
29 0.26 0.0 0.20625
30 0.26 0.0 0.193166666667
31 0.26 0.0 0.175
32 0.26 0.0 0.16125
33 0.26 0.0 0.14375
34 0.26 0.0 0.13125
35 0.26 0.0 0.1125
36 0.26 0.0 0.09375
37 0.26 0.0 0.08125
38 0.26 0.0 0.0665
39 0.26 0.0 0.0495833333333
40 0.26 0.0 0.03125
41 0.26 0.0 0.01875
42 0.26 0.0 0.00433333333333
43 0.26 0.0 0.0
44 0.26 0.0 0.0
45 0.26 0.0 0.0
46 0.26 0.0 0.0
47 0.26 0.0 0.0
48 0.26 0.0 0.0
49 0.26 0.0 0.0
50 0.26 0.0 0.0
51 0.26 0.0 0.0
52 0.26 0.0 0.0
53 0.26 0.0 0.0
54 0.26 0.0 0.0
55 0.26 0.0 0.0
56 0.26 0.0 0.0
57 0.26 0.0 0.0
58 0.26 0.0 0.0
59 0.26 0.0 0.0
60 0.26 0.0 0.0
61 0.26 0.0 0.0
62 0.26 0.0 0.0
63 0.26 0.0 0.0
64 0.26 0.0 0.0
65 0.26 0.0 0.0
66 0.26 0.0 0.0
67 0.26 0.0 0.0
68 0.26 0.0 0.0
69 0.26 0.0 0.0
70 0.26 0.0 0.0
71 0.26 0.0 0.0
72 0.26 0.0 0.0
73 0.26 0.0 0.0
74 0.26 0.0 0.0
75 0.26 0.0 0.0
76 0.26 -0.1 0.0
77 0.26 -0.1 0.0
78 0.26 -0.1 0.0
79 0.26 -0.2 0.0
80 0.26 -0.2 0.0
81 0.26 -0.2 0.0
82 0.26 -0.2 0.0
83 0.26 -0.2 0.0
84 0.26 -0.2 0.0
85 0.26 -0.2 0.0
86 0.26 -0.2 0.0
87 0.26 -0.2 0.0
88 0.26 -0.2 0.0
89 0.26 -0.2 0.0
90 0.26 -0.2 0.0
91 0.26 -0.2 0.0
92 0.26 -0.2 0.0
93 0.26 -0.2 0.0
94 0.26 -0.2 0.0
95 0.26 -0.2 0.0
96 0.26 -0.2 0.0
97 0.26 -0.2 0.0
98 0.26 -0.2 0.0
99 0.26 -0.2 0.0
100 0.26 -0.2 0.0
101 0.26 -0.2 0.0
102 0.0 0.0 0.0
103 0.0 0.0 0.0
104 0.0 0.0 0.0
105 0.005 0.0 0.0
106 0.01 0.0 0.0
107 0.01 0.0 0.0
108 0.02 0.0 0.0
109 0.045 0.0 0.0
110 0.075 0.0 0.0
111 0.105 0.0 0.0
112 0.13 0.0 0.0
113 0.16 0.0 0.0
114 0.19 0.0 0.0
115 0.215 0.0 0.0
116 0.245 0.0 0.0
117 0.26 0.0 0.0
118 0.26 0.0 0.0
119 0.26 0.0 0.0
120 0.26 0.0 0.0
121 0.26 0.0 0.0
122 0.26 0.0 0.0
123 0.26 0.0 0.0
124 0.26 0.0 0.0
125 0.26 0.0 0.0
126 0.26 0.0 0.0
127 0.26 0.0 0.0
128 0.26 0.0 0.0
129 0.26 0.0 0.0
130 0.26 0.0 0.0
131 0.26 0.0 0.0
132 0.26 0.0 0.0
133 0.26 0.0 0.0
134 0.26 0.0 0.0
135 0.26 0.0 0.0
136 0.26 0.0 0.0
137 0.26 -0.05 0.0
138 0.26 -0.1 0.0
139 0.26 -0.15 0.0
140 0.26 -0.2 0.0
141 0.26 -0.2 0.0
142 0.26 -0.3 0.0
143 0.26 -0.3 0.0
144 0.26 -0.3 0.0
145 0.26 -0.3 0.0
146 0.26 -0.3 0.0
147 0.26 -0.3 0.0
148 0.26 -0.3 0.0
149 0.26 -0.3 0.0
150 0.26 -0.3 0.0
151 0.26 -0.3 0.0
152 0.26 -0.35 0.0
153 0.26 -0.4 0.0
154 0.26 -0.4 0.0
155 0.26 -0.4 0.0
156 0.26 -0.4 0.0
157 0.26 -0.4 0.09375
158 0.26 -0.4 0.136916666667
159 0.26 -0.4 0.164583333333
160 0.26 -0.4 0.174166666667
161 0.26 -0.4 0.177416666667
162 0.26 -0.4 0.1845
163 0.26 -0.4 0.267166666667
164 0.26 -0.4 0.296833333333
165 0.0 0.0 0.378083333333
166 0.0 0.0 0.4815
167 0.0 0.0 0.564416666667
168 0.0 0.0 0.598916666667
169 0.01 0.0 0.616416666667
170 0.01 0.0 0.628
171 0.015 0.0 0.643666666667
172 0.045 0.0 0.647833333333
173 0.07 0.0 0.641583333333
174 0.1 0.0 0.620333333333
175 0.13 0.0 0.609833333333
176 0.16 0.0 0.596333333333
177 0.19 0.0 0.49025
178 0.215 0.0 0.33775
179 0.245 0.0 0.217583333333
180 0.26 0.0 0.0270833333333
181 0.26 0.0 0.0
182 0.26 0.0 0.0
183 0.26 0.0 0.0
184 0.26 0.0 0.0
185 0.26 0.0 0.0
186 0.26 0.0 0.0
187 0.26 0.0 0.0
188 0.26 0.0 0.0
189 0.26 0.0 0.0
190 0.26 0.0 0.0
191 0.26 0.0 0.0
192 0.26 0.0 0.0
193 0.26 0.0 0.0
194 0.26 0.0 0.0
195 0.26 0.0 0.0
196 0.26 0.0 0.0
197 0.26 0.0 0.0
198 0.26 0.0 0.0
199 0.26 0.0 0.0
200 0.26 0.0 0.0
201 0.26 0.0 0.0
202 0.26 0.0 0.0
203 0.26 0.0 0.0
204 0.26 0.0 0.0
205 0.26 0.0 0.0
206 0.26 0.0 0.0
207 0.26 0.0 0.0
208 0.26 0.0 0.0
209 0.26 0.0 0.0
210 0.26 0.0 0.0
211 0.26 0.0 0.0
212 0.26 0.0 0.0
213 0.26 0.0 0.0
214 0.26 0.0 0.0
215 0.26 0.0 0.0
216 0.26 0.0 0.0
217 0.26 0.0 0.0
218 0.26 0.0 0.0
219 0.26 0.0 0.0
220 0.26 0.0 0.0
221 0.26 0.0 0.0
222 0.26 0.0 0.0
223 0.26 0.0 0.0
224 0.26 0.0 0.0
225 0.26 0.0 0.0
226 0.26 0.0 0.0
227 0.26 0.0 0.0
228 0.26 0.0 0.0
229 0.26 -0.1 0.0
230 0.26 -0.1 0.0
231 0.26 -0.1 0.0
232 0.26 -0.1 0.0
233 0.26 -0.1 0.0
234 0.26 -0.1 0.0
235 0.26 -0.15 0.0
236 0.26 -0.2 0.0
237 0.26 -0.2 0.0
238 0.26 -0.2 0.0
239 0.26 -0.2 0.0
240 0.26 -0.2 0.0
241 0.26 -0.2 0.0
242 0.26 -0.2 0.0
243 0.26 -0.2 0.0
244 0.26 -0.2 0.0
245 0.26 -0.3 0.0
246 0.26 -0.3 0.0
247 0.26 -0.3 0.0
248 0.26 -0.3 0.0
249 0.26 -0.3 0.0
250 0.26 -0.3 0.0
251 0.26 -0.4 0.0
252 0.26 -0.4 0.0
253 0.26 -0.4 0.0
254 0.26 -0.4 0.0
255 0.26 -0.4 0.11875
256 0.26 -0.4 0.19925
257 0.26 -0.4 0.205833333333
258 0.26 -0.4 0.272333333333
259 0.26 -0.4 0.39625
260 0.26 -0.4 0.488833333333
261 0.26 -0.4 0.581
262 0.26 -0.4 0.566166666667
263 0.0 0.0 0.590166666667
264 0.0 0.0 0.609666666667
265 0.0 0.0 0.539916666667
266 0.0 0.0 0.510083333333
267 0.0 0.0 0.5405
268 0.0 0.0 0.589166666667
269 0.0 0.0 0.611833333333
270 0.005 0.0 0.610583333333
271 0.01 0.0 0.610583333333
272 0.01 0.0 0.610333333333
273 0.025 0.0 0.61025
274 0.055 0.0 0.612833333333
275 0.085 0.0 0.606833333333
276 0.115 0.0 0.60175
277 0.14 0.0 0.59675
278 0.17 0.0 0.596333333333
279 0.2 0.0 0.600416666667
280 0.23 0.0 0.594583333333
281 0.245 0.0 0.59375
282 0.255 0.0 0.592666666667
283 0.26 0.0 0.591333333333
284 0.26 0.0 0.586
285 0.26 0.0 0.5845
286 0.26 0.0 0.5785
287 0.26 0.0 0.57675
288 0.26 0.0 0.5755
289 0.26 0.0 0.569416666667
290 0.26 0.0 0.56775
291 0.26 0.0 0.566583333333
292 0.26 0.0 0.56025
293 0.26 0.0 0.5585
294 0.26 0.0 0.556666666667
295 0.26 0.0 0.55525
296 0.26 0.0 0.55325
297 0.26 0.0 0.551166666667
298 0.26 0.0 0.549833333333
299 0.26 0.0 0.54775
300 0.26 0.0 0.545833333333
301 0.26 0.0 0.544
302 0.26 0.0 0.468083333333
303 0.26 0.0 0.359666666667
304 0.26 0.0 0.238333333333
305 0.26 0.0 0.107666666667
306 0.26 0.0 0.0113333333333
307 0.26 0.0 0.003
308 0.26 0.0 0.0
309 0.26 0.0 0.0
310 0.26 0.0 0.0
311 0.26 0.0 0.0
312 0.26 0.0 0.0
313 0.26 0.0 0.0
314 0.26 0.0 0.0
315 0.26 0.0 0.0
316 0.26 0.0 0.0
317 0.26 0.0 0.0
318 0.26 0.0 0.0
319 0.26 0.0 0.0
320 0.26 0.0 0.0
321 0.26 0.0 0.0
322 0.26 0.0 0.0
323 0.26 0.0 0.0
324 0.26 0.0 0.0
325 0.26 0.0 0.0
326 0.26 0.0 0.0
327 0.26 0.0 0.0
328 0.26 0.0 0.0
329 0.26 0.0 0.0
330 0.26 0.0 0.0
331 0.26 0.0 0.0
332 0.26 0.0 0.0
333 0.26 0.0 0.0
334 0.26 0.0 0.0
335 0.26 0.0 0.0
336 0.26 0.0 0.0
337 0.26 0.0 0.0
338 0.26 0.0 0.0
339 0.26 0.0 0.0
340 0.26 0.0 0.0
341 0.26 0.0 0.0
342 0.26 0.0 0.0
343 0.26 0.0 0.0
344 0.26 0.0 0.0
345 0.26 0.0 0.0
346 0.26 0.0 0.0
347 0.26 0.0 0.0
348 0.26 0.0 0.0
349 0.26 0.0 0.0
