0 0.225 0.0 0.0
1 0.235 0.0 0.0
2 0.24 0.0 0.0
3 0.25 0.0 0.0
4 0.26 0.0 0.0
5 0.26 0.0 0.0
6 0.26 0.1 0.0
7 0.26 0.15 0.0
8 0.26 0.2 0.0
9 0.26 0.3 0.0
10 0.26 0.35 0.0
11 0.26 0.45 0.0
12 0.26 0.5 0.0
13 0.26 0.6 0.0
14 0.26 0.6 0.0
15 0.26 0.6 0.0
16 0.26 0.6 0.0
17 0.26 0.6 0.0
18 0.26 0.6 0.0
19 0.26 0.6 0.0
20 0.26 0.6 0.0
21 0.26 0.6 0.0
22 0.26 0.6 0.0
23 0.26 0.6 0.0
24 0.26 0.6 0.0
25 0.26 0.6 0.0
26 0.0 0.0 0.0
27 0.0 0.0 0.0
28 0.0 0.0 0.0
29 0.01 0.0 0.0
30 0.01 0.0 0.0
31 0.01 0.0 0.0
32 0.035 0.0 0.0
33 0.06 0.0 0.0
34 0.09 0.0 0.0
35 0.095 0.0 0.0
36 0.105 0.0 0.0
37 0.11 0.0 0.0
38 0.125 -0.15 0.0
39 0.14 -0.3 0.0
40 0.15 -0.4 0.0
41 0.155 -0.45 0.0
42 0.165 -0.5 0.0
43 0.175 -0.5 0.0
44 0.18 -0.5 0.0
45 0.18 -0.5 0.0
46 0.19 -0.5 0.0
47 0.22 -0.5 0.0
48 0.245 -0.5 0.0
49 0.26 -0.5 0.0
50 0.26 -0.5 0.0
51 0.26 -0.5 0.0
52 0.26 -0.5 0.0
53 0.26 -0.5 0.0
54 0.26 -0.5 0.0
55 0.26 -0.5 0.0
56 0.26 -0.5 0.0
57 0.26 -0.5 0.0
58 0.26 -0.5 0.0
59 0.26 -0.5 0.0
60 0.26 -0.5 0.0
61 0.26 -0.5 0.0
62 0.26 -0.5 0.0
63 0.26 -0.5 0.04375
64 0.26 -0.5 0.175
65 0.0 0.0 0.30625
66 0.0 0.0 0.43125
67 0.0 0.0 0.51875
68 0.01 0.0 0.53125
69 0.01 0.0 0.53125
70 0.01 0.0 0.53125
71 0.035 0.0 0.5375
72 0.06 0.0 0.5375
73 0.085 0.0 0.5375
74 0.11 0.0 0.5375
75 0.14 0.0 0.53125
76 0.165 0.0 0.525
77 0.185 0.0 0.525
78 0.195 0.1 0.525
79 0.2 0.1 0.50625
80 0.215 0.1 0.48125
81 0.22 0.1 0.45625
82 0.23 0.1 0.425
83 0.245 0.1 0.4
84 0.26 0.1 0.375
85 0.26 0.1 0.35
86 0.26 0.1 0.31875
87 0.26 0.1 0.2875
88 0.26 0.1 0.2625
89 0.26 0.1 0.23125
90 0.26 0.05 0.2
91 0.26 0.0 0.18125
92 0.26 0.0 0.16875
93 0.26 0.0 0.16875
94 0.26 0.0 0.1625
95 0.26 0.0 0.1625
96 0.26 0.0 0.15625
97 0.26 0.0 0.15625
98 0.26 0.0 0.15
99 0.26 0.0 0.14375
100 0.26 -0.05 0.14375
101 0.26 -0.1 0.15
102 0.26 -0.2 0.175
103 0.26 -0.2 0.21875
104 0.26 -0.2 0.26875
105 0.26 -0.2 0.325
106 0.26 -0.2 0.375
107 0.26 -0.2 0.428583333333
108 0.26 -0.15 0.475
109 0.26 -0.1 0.51875
110 0.26 0.0 0.55
111 0.26 0.0 0.55
112 0.26 0.0 0.55625
113 0.26 0.0 0.55625
114 0.26 0.0 0.55625
115 0.26 0.0 0.55625
116 0.26 0.0 0.55625
117 0.26 0.0 0.55625
118 0.26 0.0 0.55625
119 0.26 0.0 0.55625
120 0.26 0.0 0.55625
121 0.26 0.0 0.55625
122 0.26 0.0 0.5625
123 0.26 0.0 0.5625
124 0.26 0.0 0.5625
125 0.26 0.0 0.5625
126 0.26 0.0 0.5625
127 0.26 0.0 0.5625
128 0.26 0.0 0.5625
129 0.26 0.0 0.5625
130 0.26 0.0 0.5625
131 0.26 0.0 0.56875
132 0.26 0.0 0.56875
133 0.26 0.0 0.56875
134 0.26 0.0 0.56875
135 0.26 0.0 0.56875
136 0.26 0.0 0.56875
137 0.26 0.0 0.56875
138 0.26 0.0 0.56875
139 0.26 0.0 0.56875
140 0.26 0.0 0.56875
141 0.26 0.0 0.575
142 0.26 0.0 0.575
143 0.26 0.0 0.575
144 0.26 0.0 0.575
145 0.26 0.0 0.575
146 0.26 0.0 0.575
147 0.26 0.0 0.575
148 0.26 0.0 0.58125
149 0.26 0.0 0.58125
150 0.26 0.0 0.58125
151 0.26 0.0 0.58125
152 0.26 0.0 0.58125
153 0.26 0.0 0.58125
154 0.26 0.0 0.58125
155 0.26 0.0 0.58125
156 0.26 0.0 0.58125
157 0.26 0.0 0.58125
158 0.26 0.0 0.5875
159 0.26 0.0 0.5875
160 0.26 0.0 0.5875
161 0.26 0.0 0.5875
162 0.26 0.0 0.5875
163 0.26 0.0 0.5875
164 0.26 0.0 0.59375
165 0.26 0.0 0.59375
166 0.26 0.0 0.59375
167 0.26 0.0 0.59375
168 0.26 0.0 0.59375
169 0.26 0.0 0.59375
170 0.26 0.0 0.59375
171 0.26 0.0 0.59375
172 0.26 0.0 0.59375
173 0.26 0.0 0.597583333333
174 0.26 0.0 0.6
175 0.26 0.0 0.6
176 0.26 0.0 0.6
177 0.26 0.0 0.6
178 0.26 0.0 0.6
179 0.26 0.0 0.60625
180 0.26 0.0 0.60625
181 0.26 0.0 0.6125
182 0.26 0.0 0.6125
183 0.26 0.0 0.61875
184 0.26 0.0 0.61875
185 0.26 0.0 0.625
186 0.26 0.0 0.63125
187 0.26 0.0 0.63125
188 0.26 0.0 0.6375
189 0.26 0.0 0.6375
190 0.26 0.0 0.64375
191 0.26 0.0 0.64375
192 0.26 0.0 0.65
193 0.26 0.0 0.65625
194 0.26 0.0 0.659
195 0.26 0.0 0.6625
196 0.26 0.0 0.66875
197 0.26 0.0 0.66875
198 0.26 0.0 0.675
199 0.26 0.0 0.68125
200 0.26 0.0 0.687166666667
201 0.26 0.0 0.69375
202 0.26 0.0 0.69375
203 0.26 0.0 0.7
204 0.26 0.0 0.70625
205 0.26 0.0 0.70725
206 0.26 0.0 0.71875
207 0.26 0.0 0.71875
208 0.26 0.0 0.725
209 0.26 0.0 0.73125
210 0.26 0.0 0.7375
211 0.26 0.0 0.74375
212 0.26 0.0 0.75
213 0.26 0.0 0.75
214 0.26 0.0 0.75
