0 0.26 0.0 0.0
1 0.26 0.0 0.0
2 0.26 0.0 0.0
3 0.26 0.05 0.0
4 0.26 0.1 0.0
5 0.26 0.2 0.0
6 0.26 0.2 0.0
7 0.26 0.2 0.0
8 0.26 0.2 0.0
9 0.26 0.2 0.0
10 0.26 0.2 0.0
11 0.26 0.2 0.0
12 0.26 0.2 0.04375
13 0.26 0.2 0.13125
14 0.26 0.3 0.18125
15 0.26 0.3 0.2625
16 0.26 0.4 0.375
17 0.26 0.7 0.49375
18 0.26 0.8 0.6375
19 0.26 0.9 0.444
20 0.0 0.0 0.241
21 0.0 0.0 0.0
22 0.0 0.0 0.0
23 0.005 0.0 0.0
24 0.01 0.0 0.0
25 0.01 0.0 0.0
26 0.035 0.0 0.0
27 0.065 0.0 0.0
28 0.085 0.0 0.0
29 0.115 0.0 0.0
30 0.155 0.0 0.0
31 0.185 0.0 0.0
32 0.22 0.0 0.0
33 0.255 0.0 0.0
34 0.26 0.0 0.0
35 0.26 0.0 0.0
36 0.26 0.0 0.0
37 0.26 0.0 0.0
38 0.26 0.0 0.0
39 0.26 0.0 0.0
40 0.26 0.0 0.0
41 0.26 0.0 0.0
42 0.26 0.0 0.0
43 0.26 0.0 0.0
44 0.26 0.0 0.0
45 0.26 0.0 0.0
46 0.26 0.0 0.0
47 0.26 0.0 0.0
48 0.26 0.0 0.0
49 0.26 0.0 0.0
50 0.26 0.0 0.0
51 0.26 0.0 0.0
52 0.26 0.0 0.0
53 0.26 0.0 0.0
54 0.26 0.0 0.0
55 0.26 0.0 0.0
56 0.26 0.0 0.0
57 0.26 0.0 0.0
58 0.26 0.0 0.0
59 0.26 0.0 0.0
60 0.26 0.0 0.0
61 0.26 0.0 0.0
62 0.26 0.0 0.0
63 0.26 0.0 0.0
64 0.26 0.0 0.0
65 0.26 0.0 0.0
66 0.26 0.0 0.0
67 0.26 0.0 0.0
68 0.26 0.0 0.0
69 0.26 0.0 0.0
70 0.26 0.0 0.0
71 0.26 0.0 0.0
72 0.26 0.0 0.0
73 0.26 0.0 0.0
74 0.26 0.0 0.0
75 0.26 0.0 0.0
76 0.26 0.0 0.0
77 0.26 -0.1 0.0
78 0.26 -0.1 0.0
79 0.26 -0.1 0.0
80 0.26 -0.1 0.0
81 0.26 -0.1 0.0
82 0.26 -0.1 0.0
83 0.26 -0.15 0.0
84 0.26 -0.2 0.0
85 0.26 -0.2 0.0
86 0.26 -0.2 0.0
87 0.26 -0.2 0.0
88 0.26 -0.2 0.0
89 0.26 -0.2 0.0
90 0.26 -0.2 0.0
91 0.26 -0.2 0.0
92 0.26 -0.2 0.0
93 0.26 -0.2 0.0
94 0.26 -0.2 0.0
95 0.26 -0.2 0.0
96 0.26 -0.2 0.0
97 0.26 -0.2 0.0
98 0.26 -0.2 0.0
99 0.26 -0.2 0.0
100 0.26 -0.2 0.0
101 0.26 -0.2 0.0
102 0.26 -0.2 0.0
103 0.26 -0.2 0.0
104 0.26 -0.2 0.0
105 0.26 -0.2 0.0
106 0.26 -0.2 0.0
107 0.26 -0.2 0.0
108 0.26 -0.2 0.0
109 0.26 -0.2 0.0
110 0.26 -0.2 0.0
111 0.26 -0.2 0.0
112 0.26 -0.2 0.0
113 0.26 -0.2 0.0
114 0.26 -0.2 0.0
115 0.26 -0.2 0.0
116 0.26 -0.2 0.0
117 0.26 -0.2 0.0
118 0.26 -0.2 0.0
119 0.26 -0.2 0.0
120 0.26 -0.2 0.0
121 0.26 -0.2 0.0
122 0.26 -0.2 0.0
123 0.26 -0.1 0.0
124 0.26 -0.1 0.0
125 0.26 -0.1 0.0
126 0.26 -0.1 0.0
127 0.26 -0.1 0.0
128 0.26 -0.1 0.0
129 0.26 -0.1 0.0
130 0.26 -0.1 0.0
131 0.26 -0.1 0.0
132 0.26 -0.1 0.0
133 0.26 -0.1 0.0
134 0.26 -0.1 0.0
135 0.26 -0.1 0.0
136 0.26 -0.1 0.0
137 0.26 -0.1 0.0
138 0.26 -0.1 0.0
139 0.26 -0.15 0.03125
140 0.26 -0.2 0.075
141 0.26 -0.2 0.1375
142 0.26 -0.2 0.20625
143 0.26 -0.2 0.218583333333
144 0.26 -0.2 0.222333333333
145 0.26 -0.2 0.222166666667
146 0.26 -0.2 0.219166666667
147 0.26 -0.2 0.21125
148 0.26 -0.2 0.205833333333
149 0.26 -0.2 0.208333333333
150 0.26 -0.2 0.25025
151 0.0 0.0 0.289916666667
152 0.0 0.0 0.298
153 0.0 0.0 0.327416666667
154 0.01 0.0 0.441166666667
155 0.01 0.0 0.573666666667
156 0.025 0.0 0.75
157 0.055 0.0 0.628
158 0.08 0.0 0.5895
159 0.105 0.0 0.573083333333
160 0.135 0.0 0.5545
161 0.15 0.0 0.51375
162 0.165 0.1 0.45675
163 0.17 0.1 0.392333333333
164 0.18 0.1 0.328916666667
165 0.19 0.1 0.255
166 0.2 0.1 0.158833333333
167 0.215 0.1 0.00891666666667
168 0.23 0.1 0.0
169 0.245 0.1 0.0
170 0.0 0.0 0.0
171 0.0 0.0 0.0
172 0.01 0.0 0.0
173 0.01 0.0 0.0
174 0.02 0.0 0.0
175 0.055 0.0 0.0
176 0.08 0.0 0.0
177 0.105 0.0 0.0
178 0.135 0.0 0.0
179 0.165 0.0 0.0
180 0.195 0.0 0.0
181 0.23 0.0 0.0
182 0.26 0.0 0.0
183 0.26 0.0 0.0
184 0.26 0.0 0.0
185 0.26 0.0 0.0
186 0.26 0.0 0.0
187 0.26 0.0 0.0
188 0.26 0.0 0.0
189 0.26 0.0 0.0
190 0.26 0.0 0.0
191 0.26 -0.1 0.0
192 0.26 -0.1 0.0
193 0.26 -0.1 0.0
194 0.26 -0.1 0.0
195 0.26 -0.1 0.0
196 0.26 -0.1 0.0
197 0.26 -0.1 0.0
198 0.26 -0.1 0.0
199 0.26 -0.1 0.0
200 0.26 -0.1 0.0
201 0.26 -0.1 0.0
202 0.26 -0.1 0.0
203 0.26 -0.1 0.0
204 0.26 -0.1 0.0
205 0.26 -0.1 0.0
206 0.26 -0.1 0.0
207 0.26 -0.1 0.0
208 0.26 -0.1 0.0
209 0.26 -0.1 0.0
210 0.26 -0.1 0.0
211 0.26 -0.1 0.0
212 0.26 -0.1 0.0
213 0.26 -0.1 0.0
214 0.26 -0.1 0.0
215 0.26 -0.1 0.0
216 0.26 -0.1 0.0
217 0.26 0.0 0.0
218 0.26 0.0 0.0
219 0.26 0.0 0.0
220 0.26 0.0 0.0
221 0.26 0.0 0.0
222 0.26 0.0 0.0
223 0.26 0.0 0.0
224 0.26 0.0 0.0
225 0.26 0.0 0.0
226 0.26 0.0 0.0
227 0.26 -0.05 0.0
228 0.26 -0.1 0.0
229 0.26 -0.1 0.0
230 0.26 -0.1 0.0
231 0.26 -0.1 0.0
232 0.26 -0.1 0.0
233 0.26 -0.1 0.0
234 0.26 -0.1 0.0
235 0.26 -0.1 0.0
236 0.26 -0.1 0.0
237 0.26 -0.1 0.0
238 0.26 -0.15 0.0
239 0.26 -0.2 0.0
240 0.26 -0.2 0.0
241 0.26 -0.2 0.0
242 0.26 -0.2 0.0
243 0.26 -0.2 0.0
244 0.26 -0.2 0.0
245 0.26 -0.2 0.0
246 0.26 -0.2 0.0
247 0.26 -0.3 0.0
248 0.26 -0.3 0.0875
249 0.26 -0.3 0.0875
250 0.26 -0.3 0.08125
251 0.26 -0.3 0.0945833333333
252 0.26 -0.3 0.1695
253 0.26 -0.3 0.244416666667
254 0.26 -0.3 0.344083333333
255 0.26 -0.3 0.425333333333
256 0.26 -0.3 0.475166666667
257 0.26 -0.3 0.58125
258 0.26 -0.3 0.657
259 0.26 -0.3 0.531583333333
260 0.0 0.0 0.322666666667
261 0.0 0.0 0.249416666667
262 0.01 0.0 0.25975
263 0.01 0.0 0.25625
264 0.035 0.0 0.2485
265 0.065 0.0 0.238
266 0.095 0.0 0.217166666667
267 0.13 0.0 0.178666666667
268 0.17 0.0 0.120666666667
269 0.2 0.0 0.0690833333333
270 0.235 0.0 0.00975
271 0.26 0.0 0.0025
272 0.26 0.0 0.000416666666667
273 0.26 0.0 0.0
274 0.26 0.0 0.0
275 0.26 0.0 0.0
276 0.26 0.0 0.0
277 0.26 0.0 0.0
278 0.26 0.0 0.0
279 0.26 0.0 0.0
280 0.26 0.0 0.0
281 0.26 0.0 0.0
282 0.26 0.0 0.0
283 0.26 0.0 0.0
284 0.26 0.0 0.0
285 0.26 0.0 0.0
286 0.26 0.0 0.0
287 0.26 0.0 0.0
288 0.26 0.0 0.0
289 0.26 0.0 0.0
290 0.26 0.0 0.0
291 0.26 0.0 0.0
292 0.26 0.0 0.0
293 0.26 0.0 0.0
294 0.26 0.0 0.0
295 0.26 0.0 0.0
296 0.26 0.0 0.0
297 0.26 0.0 0.0
298 0.26 0.0 0.0
