0 0.26 0.0 0.0506666666667
1 0.26 0.0 0.0
2 0.26 0.0 0.0375
3 0.26 0.0 0.021
4 0.26 0.0 0.0125
5 0.26 0.0 0.0
6 0.26 0.0 0.0
7 0.26 0.0 0.0
8 0.26 0.0 0.0
9 0.26 0.0 0.0
10 0.26 0.0 0.0
11 0.26 0.0 0.0
12 0.26 -0.1 0.0
13 0.26 -0.1 0.0
14 0.26 -0.2 0.0
15 0.26 -0.25 0.0
16 0.26 -0.3 0.0
17 0.26 -0.35 0.0
18 0.26 -0.4 0.0
19 0.26 -0.45 0.1
20 0.26 -0.5 0.21875
21 0.26 -0.5 0.35625
22 0.26 -0.5 0.50625
23 0.26 -0.5 0.5625
24 0.26 -0.5 0.5125
25 0.26 -0.5 0.37375
26 0.26 -0.5 0.23125
27 0.0 0.0 0.08125
28 0.0 0.0 0.0
29 0.0 0.0 0.0
30 0.0 0.0 0.0
31 0.01 0.0 0.0
32 0.01 0.0 0.101666666667
33 0.01 0.0 0.23125
34 0.03 0.0 0.33125
35 0.06 0.0 0.4125
36 0.085 0.0 0.41875
37 0.11 0.0 0.4375
38 0.14 0.0 0.4375
39 0.165 0.0 0.4375
40 0.195 0.0 0.4375
41 0.22 0.0 0.43125
42 0.25 0.0 0.39375
43 0.26 0.0 0.4
44 0.26 0.0 0.4
45 0.26 0.0 0.4
46 0.26 0.0 0.39375
47 0.26 0.1 0.4
48 0.26 0.1 0.41875
49 0.26 0.15 0.44375
50 0.26 0.2 0.48125
51 0.26 0.2 0.5375
52 0.26 0.2 0.60625
53 0.26 0.2 0.6625
54 0.26 0.2 0.70625
55 0.26 0.2 0.75
56 0.26 0.2 0.75
57 0.26 0.2 0.75
58 0.26 0.2 0.75
59 0.26 0.2 0.75
60 0.26 0.2 0.75
61 0.26 0.2 0.75
62 0.26 0.2 0.75
63 0.26 0.2 0.75
64 0.0 0.0 0.75
65 0.0 0.0 0.75
66 0.0 0.0 0.75
67 0.005 0.0 0.75
68 0.01 0.0 0.75
69 0.01 0.0 0.75
70 0.01 0.0 0.75
71 0.035 0.0 0.75
72 0.06 0.0 0.75
73 0.075 0.0 0.75
74 0.085 -0.1 0.75
75 0.095 -0.1 0.75
76 0.1 -0.1 0.75
77 0.11 -0.1 0.75
78 0.12 -0.15 0.75
79 0.13 -0.2 0.75
80 0.14 -0.2 0.75
81 0.145 -0.2 0.75
82 0.16 -0.2 0.75
83 0.185 -0.2 0.75
84 0.205 -0.1 0.75
85 0.215 -0.05 0.75
86 0.225 0.0 0.75
87 0.235 0.0 0.75
88 0.245 0.0 0.75
89 0.26 0.0 0.75
90 0.26 0.0 0.75
91 0.26 0.0 0.75
92 0.26 0.0 0.75
93 0.26 0.0 0.75
94 0.26 0.0 0.75
95 0.26 0.0 0.75
96 0.26 0.0 0.75
97 0.26 0.0 0.75
98 0.26 0.0 0.75
99 0.26 0.0 0.75
100 0.26 0.0 0.75
101 0.26 0.0 0.75
102 0.26 0.0 0.75
103 0.26 0.0 0.75
104 0.26 0.0 0.75
105 0.26 0.0 0.75
106 0.26 0.0 0.75
107 0.26 0.0 0.75
108 0.26 0.0 0.75
109 0.26 0.0 0.75
