0 0.26 0.0 0.0705833333333
1 0.26 0.0 0.0125
2 0.26 0.0 0.0
3 0.26 0.0 0.0
4 0.26 0.0 0.0
5 0.26 0.0 0.0
6 0.26 0.0 0.0
7 0.26 0.0 0.0
8 0.26 0.0 0.0
9 0.26 0.0 0.0
10 0.26 0.0 0.0
11 0.26 0.0 0.0
12 0.26 0.0 0.0
13 0.26 0.0 0.0
14 0.26 0.0 0.0
15 0.26 0.0 0.0
16 0.26 0.0 0.0
17 0.26 0.0 0.0
18 0.26 0.0 0.0
19 0.26 -0.1 0.0
20 0.26 -0.15 0.0
21 0.26 -0.2 0.0
22 0.26 -0.25 0.0
23 0.26 -0.3 0.0
24 0.26 -0.35 0.0
25 0.26 -0.4 0.0
26 0.26 -0.4 0.05625
27 0.26 -0.4 0.1625
28 0.26 -0.4 0.26875
29 0.26 -0.4 0.39375
30 0.26 -0.4 0.525
31 0.26 -0.4 0.575
32 0.26 -0.4 0.53125
33 0.0 0.0 0.4
34 0.0 0.0 0.28125
35 0.0 0.0 0.175
36 0.005 0.0 0.15625
37 0.01 0.0 0.15625
38 0.01 0.0 0.15625
39 0.015 0.0 0.15625
40 0.045 0.0 0.15625
41 0.07 0.0 0.15625
42 0.1 0.0 0.15625
43 0.13 0.0 0.15
44 0.155 0.0 0.15
45 0.185 0.0 0.14375
46 0.215 0.0 0.13125
47 0.24 0.0 0.11875
48 0.26 0.0 0.103416666667
49 0.26 0.0 0.0875
50 0.26 0.0 0.06875
51 0.26 0.0 0.0465833333333
52 0.26 0.0 0.0295
53 0.26 0.0 0.00625
54 0.26 0.0 0.0
55 0.26 0.0 0.0
56 0.26 0.0 0.0
57 0.26 0.05 0.0
58 0.26 0.1 0.0
59 0.26 0.15 0.0
60 0.26 0.2 0.0
61 0.26 0.2 0.053
62 0.26 0.25 0.10625
63 0.26 0.3 0.1625
64 0.26 0.35 0.24375
65 0.26 0.4 0.325
66 0.26 0.4 0.4255
67 0.26 0.4 0.525
68 0.26 0.4 0.625
69 0.26 0.4 0.71875
70 0.0 0.0 0.75
71 0.0 0.0 0.75
72 0.0 0.0 0.75
73 0.0 0.0 0.75
74 0.0 0.0 0.75
75 0.0 0.05 0.75
76 0.0 0.1 0.75
77 0.0 0.1 0.75
78 0.0 0.15 0.75
79 0.0 0.4 0.75
80 0.0 0.65 0.75
81 0.0 0.0 0.75
82 0.0 0.0 0.75
83 0.005 0.0 0.75
84 0.01 0.0 0.75
85 0.01 0.0 0.75
86 0.02 0.0 0.75
87 0.045 0.0 0.75
88 0.07 0.0 0.75
89 0.1 0.0 0.75
90 0.125 0.0 0.75
91 0.145 0.0 0.75
92 0.155 0.0 0.75
93 0.16 0.0 0.75
94 0.17 0.0 0.75
95 0.175 0.0 0.75
96 0.185 0.0 0.75
97 0.195 0.0 0.75
98 0.2 0.0 0.75
99 0.21 0.0 0.75
100 0.215 0.0 0.75
101 0.225 0.0 0.75
102 0.235 0.0 0.75
103 0.24 0.0 0.75
104 0.25 0.0 0.75
105 0.26 0.0 0.75
106 0.26 0.0 0.75
107 0.26 0.0 0.75
108 0.26 0.0 0.75
