0 0.26 0.0 0.0633333333333
1 0.26 0.0 0.06875
2 0.26 0.0 0.0625
3 0.26 0.0 0.05625
4 0.26 0.0 0.04375
5 0.26 0.0 0.03125
6 0.26 0.0 0.01875
7 0.26 0.0 0.00625
8 0.26 0.0 0.0
9 0.26 0.0 0.0
10 0.26 0.0 0.0
11 0.26 0.05 0.0
12 0.26 0.1 0.0
13 0.26 0.15 0.0
14 0.26 0.2 0.0
15 0.26 0.3 0.025
16 0.26 0.35 0.10625
17 0.26 0.4 0.18125
18 0.26 0.4 0.3125
19 0.26 0.4 0.4125
20 0.26 0.4 0.51875
21 0.26 0.4 0.6625
22 0.26 0.4 0.66875
23 0.26 0.4 0.5625
24 0.26 0.4 0.45
25 0.26 0.4 0.34375
26 0.26 0.4 0.2375
27 0.0 0.0 0.125
28 0.0 0.0 0.05625
29 0.0 0.0 0.0625
30 0.0 0.0 0.0625
31 0.005 0.0 0.0625
32 0.01 0.0 0.0625
33 0.01 0.0 0.0625
34 0.025 0.0 0.05625
35 0.05 0.0 0.05625
36 0.075 0.0 0.05625
37 0.105 0.0 0.05625
38 0.13 0.0 0.0506666666667
39 0.155 0.0 0.0625
40 0.185 0.0 0.0625
41 0.215 0.0 0.05625
42 0.245 0.0 0.05
43 0.26 0.0 0.05
44 0.26 0.0 0.04375
45 0.26 0.0 0.04375
46 0.26 0.0 0.0375
47 0.26 0.0 0.03675
48 0.26 0.0 0.025
49 0.26 0.0 0.0035
50 0.26 0.0 0.0
51 0.26 0.0 0.0
52 0.26 0.0 0.0
53 0.26 0.0 0.0
54 0.26 0.0 0.0
55 0.26 0.0 0.0
56 0.26 0.0 0.0
57 0.26 0.0 0.0
58 0.26 -0.1 0.0
59 0.26 -0.1 0.0
60 0.26 -0.15 0.0
61 0.26 -0.2 0.0
62 0.26 -0.25 0.0
63 0.26 -0.3 0.0125
64 0.26 -0.3 0.0875
65 0.26 -0.4 0.166416666667
66 0.26 -0.4 0.2625
67 0.26 -0.4 0.35625
68 0.26 -0.4 0.45
69 0.26 -0.4 0.54375
70 0.26 -0.4 0.6375
71 0.26 -0.4 0.73125
72 0.26 -0.4 0.75
73 0.26 -0.4 0.75
74 0.26 -0.4 0.75
75 0.26 -0.4 0.75
76 0.0 0.0 0.75
77 0.0 0.0 0.75
78 0.0 0.0 0.75
79 0.0 0.0 0.75
80 0.0 0.0 0.75
81 0.0 0.05 0.74375
82 0.0 0.1 0.56875
83 0.0 0.1 0.431666666667
84 0.0 0.2 0.35
85 0.0 0.5 0.327083333333
86 0.0 0.75 0.43125
87 0.0 0.8 0.5875
88 0.0 0.9 0.75
89 0.0 0.95 0.75
90 0.0 1.05 0.75
91 0.0 1.15 0.75
92 0.0 0.0 0.75
93 0.0 0.0 0.75
94 0.005 0.0 0.75
95 0.01 0.0 0.75
96 0.01 0.0 0.75
97 0.015 0.0 0.75
98 0.045 0.0 0.75
99 0.07 0.0 0.75
100 0.1 0.0 0.75
101 0.13 0.0 0.75
102 0.155 0.0 0.75
103 0.185 0.0 0.75
104 0.215 0.0 0.75
105 0.24 0.0 0.75
106 0.26 0.0 0.75
107 0.26 0.0 0.75
