0 0.255 0.0 0.0
1 0.26 0.0 0.0
2 0.26 0.0 0.0
3 0.26 0.0 0.0
4 0.26 0.0 0.0
5 0.26 0.0 0.0
6 0.26 0.0 0.0
7 0.26 0.05 0.0
8 0.26 0.1 0.0
9 0.26 0.2 0.0
10 0.26 0.25 0.0
11 0.26 0.35 0.0
12 0.26 0.4 0.0
13 0.26 0.4 0.0
14 0.26 0.4 0.0886666666667
15 0.26 0.4 0.19375
16 0.26 0.4 0.3125
17 0.26 0.4 0.425
18 0.26 0.4 0.54375
19 0.26 0.4 0.60625
20 0.26 0.4 0.59375
21 0.0 0.0 0.4875
22 0.0 0.0 0.3875
23 0.0 0.0 0.328
24 0.005 0.0 0.327666666667
25 0.01 0.0 0.326166666667
26 0.01 0.0 0.325
27 0.025 0.0 0.325
28 0.055 0.0 0.325
29 0.08 0.0 0.33125
30 0.11 0.0 0.325
31 0.135 0.0 0.31875
32 0.165 0.0 0.307166666667
33 0.195 0.0 0.300916666667
34 0.225 0.0 0.283916666667
35 0.25 0.0 0.271333333333
36 0.26 0.0 0.247083333333
37 0.26 0.0 0.223
38 0.26 0.0 0.204833333333
39 0.26 0.0 0.180666666667
40 0.26 0.0 0.167916666667
41 0.26 0.0 0.15275
42 0.26 0.0 0.13625
43 0.26 0.0 0.12275
44 0.26 0.0 0.11
45 0.26 0.0 0.0966666666667
46 0.26 0.0 0.0775833333333
47 0.26 0.0 0.0649166666667
48 0.26 0.0 0.0510833333333
49 0.26 0.0 0.0390833333333
50 0.26 0.0 0.0265
51 0.26 0.0 0.0143333333333
52 0.26 0.0 0.0005
53 0.26 0.0 0.0
54 0.26 0.0 0.0
55 0.26 0.0 0.0
56 0.26 0.0 0.0
57 0.26 0.0 0.0
58 0.26 0.0 0.0
59 0.26 0.0 0.0
60 0.26 0.0 0.0
61 0.26 0.0 0.0
62 0.26 0.0 0.0
63 0.26 0.0 0.0
64 0.26 0.0 0.0
65 0.26 0.0 0.0
66 0.26 0.0 0.0
67 0.26 0.0 0.0
68 0.26 0.0 0.0
69 0.26 0.0 0.0
70 0.26 0.0 0.0
71 0.26 0.0 0.0
72 0.26 0.0 0.0
73 0.26 0.0 0.0
74 0.26 0.0 0.0
75 0.26 0.0 0.0
76 0.26 0.0 0.0
77 0.26 0.0 0.0
78 0.26 0.0 0.0
79 0.26 0.0 0.0
80 0.26 0.0 0.0
81 0.26 0.0 0.0
82 0.26 -0.1 0.0
83 0.26 -0.1 0.0
84 0.26 -0.15 0.0
85 0.26 -0.2 0.0
86 0.26 -0.2 0.0
87 0.26 -0.2 0.0
88 0.26 -0.2 0.0
89 0.26 -0.2 0.0
90 0.26 -0.2 0.0
91 0.26 -0.2 0.0
92 0.26 -0.2 0.0
93 0.26 -0.2 0.0
94 0.26 -0.2 0.0
95 0.26 -0.2 0.0
96 0.26 -0.2 0.0
97 0.26 -0.2 0.0
98 0.26 -0.2 0.0
99 0.26 -0.2 0.0
100 0.26 -0.2 0.0
101 0.26 -0.2 0.0
102 0.26 -0.2 0.0
103 0.26 -0.2 0.0
104 0.26 -0.2 0.0
105 0.0 0.0 0.0
106 0.0 0.0 0.0
107 0.0 0.0 0.0
108 0.005 0.0 0.0
109 0.01 0.0 0.0
110 0.01 0.0 0.0
111 0.015 0.0 0.0
112 0.045 0.0 0.0
113 0.075 0.0 0.0
114 0.1 0.0 0.0
115 0.13 0.0 0.0
116 0.16 0.0 0.0
117 0.185 0.0 0.0
118 0.21 0.0 0.0
119 0.24 0.0 0.0
120 0.26 0.0 0.0
121 0.26 0.0 0.0
122 0.26 0.0 0.0
123 0.26 0.0 0.0
124 0.26 0.0 0.0
125 0.26 0.0 0.0
126 0.26 0.0 0.0
127 0.26 0.0 0.0
128 0.26 0.0 0.0
129 0.26 -0.05 0.0
130 0.26 -0.1 0.0
131 0.26 -0.1 0.0
132 0.26 -0.1 0.0
133 0.26 -0.2 0.0
134 0.26 -0.2 0.0
135 0.26 -0.2 0.0
136 0.26 -0.3 0.0
137 0.26 -0.3 0.0
138 0.26 -0.3 0.0
139 0.26 -0.35 0.0
140 0.26 -0.4 0.0
141 0.26 -0.4 0.0
142 0.26 -0.4 0.0
143 0.26 -0.4 0.0
144 0.26 -0.4 0.0
145 0.26 -0.4 0.0
146 0.26 -0.4 0.0
147 0.26 -0.4 0.09375
148 0.26 -0.4 0.148333333333
149 0.26 -0.4 0.160416666667
150 0.26 -0.4 0.1675
151 0.26 -0.4 0.160333333333
152 0.26 -0.4 0.16475
153 0.26 -0.4 0.266833333333
154 0.26 -0.4 0.303083333333
155 0.26 -0.4 0.386416666667
156 0.26 -0.4 0.476416666667
157 0.26 -0.4 0.57975
158 0.0 0.0 0.355333333333
159 0.0 0.0 0.30375
160 0.0 0.0 0.24075
161 0.01 0.0 0.142666666667
162 0.01 0.0 0.0
163 0.01 0.0 0.0
164 0.025 0.0 0.0
165 0.055 0.0 0.0
166 0.085 0.0 0.0
167 0.115 0.0 0.0
168 0.145 0.0 0.0
169 0.175 0.0 0.0
170 0.2 0.0 0.0
171 0.23 0.0 0.0
172 0.26 0.0 0.0
173 0.26 0.0 0.0
174 0.26 0.0 0.0
175 0.26 0.0 0.0
176 0.26 0.0 0.0
177 0.26 0.0 0.0
178 0.26 0.0 0.0
179 0.26 0.0 0.0
180 0.26 0.0 0.0
181 0.26 0.0 0.0
182 0.26 0.0 0.0
183 0.26 0.0 0.0
184 0.26 0.0 0.0
185 0.26 0.0 0.0
186 0.26 0.0 0.0
187 0.26 0.0 0.0
188 0.26 0.0 0.0
189 0.26 0.0 0.0
190 0.26 0.0 0.0
191 0.26 0.0 0.0
192 0.26 0.0 0.0
193 0.26 0.0 0.0
194 0.26 0.0 0.0
195 0.26 0.0 0.0
196 0.26 -0.1 0.0
197 0.26 -0.1 0.0
198 0.26 -0.1 0.0
199 0.26 -0.1 0.0
200 0.26 -0.1 0.0
201 0.26 -0.1 0.0
202 0.26 -0.1 0.0
203 0.26 -0.1 0.0
204 0.26 -0.1 0.0
205 0.26 -0.1 0.0
206 0.26 -0.1 0.0
207 0.26 -0.1 0.0
208 0.26 -0.1 0.0
209 0.26 -0.1 0.0
210 0.26 -0.1 0.0
211 0.26 -0.1 0.0
212 0.26 -0.1 0.0
213 0.26 -0.1 0.0
214 0.26 -0.1 0.0
215 0.26 -0.1 0.0
216 0.26 -0.1 0.0
217 0.26 -0.1 0.0
218 0.26 -0.1 0.0
219 0.26 -0.1 0.0
220 0.26 -0.1 0.0
221 0.26 -0.1 0.0
222 0.26 -0.1 0.0
223 0.26 -0.1 0.0
224 0.26 -0.15 0.0
225 0.26 -0.2 0.0
226 0.26 -0.2 0.0
227 0.26 -0.2 0.0
228 0.26 -0.2 0.0
229 0.26 -0.2 0.0
230 0.26 -0.2 0.0
231 0.26 -0.3 0.0
232 0.26 -0.3 0.0
233 0.26 -0.3 0.0
234 0.26 -0.3 0.0
235 0.26 -0.3 0.0
236 0.26 -0.3 0.075
237 0.26 -0.3 0.15
238 0.26 -0.3 0.166916666667
239 0.26 -0.3 0.161583333333
240 0.26 -0.3 0.192666666667
241 0.26 -0.3 0.261333333333
242 0.26 -0.3 0.327833333333
243 0.26 -0.3 0.38825
244 0.26 -0.3 0.480083333333
245 0.26 -0.3 0.5055
246 0.26 -0.3 0.52325
247 0.0 0.0 0.589666666667
248 0.0 0.0 0.62
249 0.0 0.0 0.39575
250 0.005 0.0 0.065
251 0.01 0.0 0.0201666666667
252 0.01 0.1 0.0
253 0.01 0.1 0.0
254 0.01 0.15 0.0
255 0.01 0.4 0.00625
256 0.01 0.65 0.0
257 0.01 0.85 0.0
258 0.01 0.9 0.0
259 0.01 1.0 0.03525
260 0.01 1.1 0.300166666667
261 0.0 0.0 0.57675
262 0.0 0.0 0.49675
263 0.0 0.0 0.409416666667
264 0.01 0.0 0.358916666667
265 0.01 0.0 0.340333333333
266 0.01 0.0 0.33975
267 0.03 0.0 0.334166666667
268 0.06 0.0 0.352916666667
269 0.085 0.0 0.373166666667
270 0.115 0.0 0.35275
271 0.145 0.0 0.334
272 0.175 0.0 0.333583333333
273 0.2 0.0 0.321666666667
274 0.225 0.0 0.314083333333
275 0.23 0.0 0.307666666667
276 0.24 0.0 0.30125
277 0.25 0.0 0.294583333333
278 0.255 0.0 0.294416666667
279 0.26 0.0 0.28175
280 0.26 0.0 0.27525
281 0.26 0.0 0.269
282 0.26 0.0 0.262583333333
283 0.26 0.0 0.2625
284 0.26 -0.05 0.2625
285 0.26 -0.1 0.26875
286 0.26 -0.1 0.247333333333
287 0.26 -0.1 0.190166666667
288 0.26 -0.1 0.1275
289 0.26 -0.05 0.0409166666667
290 0.26 0.0 0.0
291 0.26 0.0 0.0
292 0.26 0.0 0.0
293 0.26 0.0 0.0
294 0.26 0.0 0.0
295 0.26 0.0 0.0
296 0.26 0.0 0.0
297 0.26 0.0 0.0
298 0.26 0.0 0.0
299 0.26 0.0 0.0
300 0.26 0.0 0.0
301 0.26 0.0 0.0
302 0.26 0.0 0.0
303 0.26 0.0 0.0
304 0.26 0.0 0.0
305 0.26 0.0 0.0
306 0.26 0.0 0.0
307 0.26 0.0 0.0
308 0.26 0.0 0.0
309 0.26 0.0 0.0
310 0.26 0.0 0.0
311 0.26 0.0 0.0
312 0.26 0.0 0.0
313 0.26 0.0 0.0
314 0.26 0.0 0.0
315 0.26 0.0 0.0
316 0.26 0.0 0.0
317 0.26 0.0 0.0
318 0.26 0.0 0.0
319 0.26 0.0 0.0
320 0.26 0.0 0.0
321 0.26 0.0 0.0
322 0.26 0.0 0.0
323 0.26 0.0 0.0
324 0.26 0.0 0.0
325 0.26 0.0 0.0
326 0.26 0.0 0.0
327 0.26 0.0 0.0
328 0.26 0.0 0.0
329 0.26 0.0 0.0
330 0.26 0.0 0.0
331 0.26 0.0 0.0
332 0.26 0.0 0.0
333 0.26 0.0 0.0
334 0.26 0.0 0.0
335 0.26 0.0 0.0
336 0.26 0.0 0.0
337 0.26 0.0 0.0
338 0.26 0.0 0.0
339 0.26 0.0 0.0
340 0.26 0.0 0.0
341 0.26 0.0 0.0
342 0.26 0.0 0.0
343 0.26 0.0 0.0
344 0.26 0.0 0.0
345 0.26 0.0 0.0
346 0.26 0.0 0.0
347 0.26 0.0 0.0
348 0.26 0.0 0.0
349 0.26 0.0 0.0
350 0.26 0.0 0.0
