0 0.26 0.0 0.0
1 0.26 0.0 0.0
2 0.26 0.0 0.0
3 0.26 0.0 0.0
4 0.26 0.0 0.0
5 0.26 0.0 0.0
6 0.26 0.0 0.0
7 0.26 0.0 0.0
8 0.26 0.0 0.0
9 0.26 0.0 0.0
10 0.26 0.0 0.0
11 0.26 0.0 0.0
12 0.26 0.0 0.0
13 0.26 0.0 0.0
14 0.26 0.0 0.0
15 0.26 0.0 0.0
16 0.26 0.0 0.0
17 0.26 0.0 0.0
18 0.26 0.0 0.0
19 0.26 0.0 0.0
20 0.26 0.0 0.0
21 0.26 0.0 0.0
22 0.26 0.0 0.0
23 0.26 0.0 0.0
24 0.26 0.0 0.0
25 0.26 0.0 0.0
26 0.26 0.0 0.0
27 0.26 0.0 0.0
28 0.26 0.0 0.0
29 0.26 0.0 0.0
30 0.26 0.0 0.0
31 0.26 0.0 0.0
32 0.26 0.0 0.0
33 0.26 0.0 0.0
34 0.26 0.0 0.0
35 0.26 0.0 0.0
36 0.26 0.0 0.0
37 0.26 0.0 0.0
38 0.26 0.0 0.0
39 0.26 0.0 0.0
40 0.26 0.0 0.0
41 0.26 0.0 0.0
42 0.26 0.0 0.0
43 0.26 0.0 0.0
44 0.26 0.0 0.0
45 0.26 0.0 0.0
46 0.26 0.05 0.0
47 0.26 0.1 0.0
48 0.26 0.1 0.0
49 0.26 0.1 0.0
50 0.26 0.1 0.0
51 0.26 0.15 0.0
52 0.26 0.35 0.0
53 0.26 0.4 0.0
54 0.26 0.45 0.0
55 0.26 0.5 0.0
56 0.26 0.55 0.0
57 0.26 0.6 0.0
58 0.26 0.65 0.0
59 0.26 0.7 0.0
60 0.26 0.7 0.0
61 0.26 0.7 0.0
62 0.26 0.7 0.0
63 0.26 0.7 0.0
64 0.26 0.7 0.08125
65 0.26 0.7 0.2
66 0.26 0.7 0.31875
67 0.26 0.7 0.44375
68 0.26 0.7 0.46725
69 0.26 0.7 0.475
70 0.26 0.7 0.40625
71 0.26 0.7 0.25625
72 0.26 0.7 0.14375
73 0.0 0.0 0.025
74 0.0 0.0 0.0
75 0.0 0.0 0.0
76 0.005 0.0 0.0
77 0.01 0.0 0.0
78 0.01 0.0 0.05625
79 0.01 0.0 0.15
80 0.01 0.0 0.2375
81 0.01 0.0 0.31875
82 0.025 0.0 0.4
83 0.04 0.0 0.45625
84 0.055 0.0 0.5
85 0.075 0.0 0.5125
86 0.09 0.0 0.5125
87 0.105 0.0 0.5125
88 0.12 0.0 0.5125
89 0.14 0.0 0.5125
90 0.155 0.0 0.5125
91 0.17 0.0 0.51875
92 0.185 0.0 0.53125
93 0.2 0.0 0.53125
94 0.215 0.0 0.53125
95 0.23 0.0 0.53125
96 0.25 0.0 0.5375
97 0.26 0.0 0.54375
98 0.26 0.0 0.552416666667
99 0.26 0.0 0.55625
100 0.26 0.0 0.5625
101 0.26 0.0 0.56875
102 0.26 0.0 0.575
103 0.26 0.0 0.58125
104 0.26 0.0 0.5875
105 0.26 0.0 0.59375
106 0.26 0.0 0.6
107 0.26 0.05 0.60625
108 0.26 0.1 0.6125
109 0.26 0.1 0.60625
110 0.26 0.1 0.59725
111 0.26 0.1 0.5875
112 0.26 0.15 0.575
113 0.26 0.2 0.5625
114 0.26 0.25 0.54375
115 0.26 0.3 0.50625
116 0.26 0.3 0.4625
117 0.26 0.3 0.4125
118 0.26 0.3 0.36875
119 0.26 0.3 0.31875
120 0.26 0.3 0.26875
121 0.26 0.3 0.21875
122 0.26 0.3 0.1625
123 0.26 0.3 0.111
124 0.26 0.3 0.05
125 0.26 0.3 0.0
126 0.26 0.3 0.0
127 0.26 0.3 0.0
128 0.0 0.0 0.0
129 0.0 0.0 0.0
130 0.0 0.0 0.0
131 0.0 0.0 0.0
132 0.0 0.0 0.0
133 0.0 -0.05 0.0
134 0.0 -0.1 0.0
135 0.0 -0.1 0.0
136 0.0 -0.1 0.0
137 0.0 -0.1 0.0
138 0.0 -0.2 0.0
139 0.0 -0.35 0.0
140 0.0 -0.5 0.0
141 0.0 -0.7 0.0
142 0.0 -0.85 0.0
143 0.0 -1.0 0.01875
144 0.0 -1.05 0.13125
145 0.0 -1.1 0.29375
146 0.0 -1.15 0.48125
147 0.0 -1.2 0.6875
148 0.0 -1.25 0.75
149 0.0 -1.3 0.75
150 0.0 0.0 0.75
151 0.0 0.0 0.75
152 0.0 0.0 0.75
153 0.0 0.0 0.75
154 0.005 0.0 0.75
155 0.01 0.0 0.75
156 0.01 0.0 0.75
157 0.01 0.0 0.75
158 0.01 0.0 0.75
159 0.01 0.0 0.75
160 0.025 0.0 0.75
161 0.04 0.0 0.75
162 0.06 0.0 0.75
163 0.075 0.0 0.75
164 0.09 0.0 0.75
165 0.11 0.0 0.75
166 0.125 0.0 0.75
167 0.145 0.0 0.75
168 0.16 0.0 0.75
169 0.18 0.0 0.75
170 0.195 0.0 0.75
171 0.21 0.0 0.75
172 0.225 0.0 0.75
173 0.245 0.0 0.75
174 0.26 0.0 0.75
175 0.26 0.0 0.75
176 0.26 0.0 0.75
177 0.26 0.0 0.75
178 0.26 0.0 0.75
179 0.26 0.0 0.75
180 0.26 0.0 0.75
181 0.26 0.0 0.75
182 0.26 0.0 0.75
183 0.26 0.0 0.75
