0 0.01 0.0 0.0
1 0.03 0.0 0.0
2 0.06 0.0 0.0
3 0.09 0.0 0.0
4 0.12 0.0 0.0
5 0.145 0.0 0.0
6 0.175 0.0 0.0
7 0.205 0.0 0.0
8 0.23 0.0 0.0
9 0.24 0.0 0.0
10 0.245 0.0 0.0
11 0.255 0.0 0.0
12 0.26 0.0 0.0
13 0.26 0.0 0.0
14 0.26 0.0 0.0
15 0.26 -0.05 0.0
16 0.26 -0.1 0.0
17 0.26 -0.1 0.0
18 0.26 -0.2 0.0
19 0.26 -0.35 0.0
20 0.26 -0.4 0.0
21 0.26 -0.5 0.0
22 0.26 -0.5 0.0
23 0.26 -0.5 0.0
24 0.26 -0.5 0.09375
25 0.26 -0.5 0.125
26 0.26 -0.5 0.1375
27 0.26 -0.5 0.15
28 0.0 0.0 0.137166666667
29 0.0 0.0 0.03125
30 0.0 0.0 0.125
31 0.0 0.0 0.21125
32 0.0 0.0 0.2
33 0.0 0.0 0.18125
34 0.0 -0.1 0.15625
35 0.0 -0.1 0.1125
36 0.0 -0.1 0.08125
37 0.0 -0.35 0.09375
38 0.0 -0.65 0.15625
39 0.0 -0.9 0.175
40 0.0 -1.05 0.20625
41 0.0 0.0 0.09375
42 0.0 0.0 0.0
43 0.01 0.0 0.0
44 0.01 0.0 0.0
45 0.01 0.0 0.0
46 0.04 0.0 0.0
47 0.065 0.0 0.0
48 0.095 0.0 0.0
49 0.125 0.0 0.0
50 0.155 0.0 0.0
51 0.18 0.0 0.0
52 0.205 0.0 0.0
53 0.235 0.0 0.0
54 0.26 0.0 0.0
55 0.26 0.0 0.0
56 0.26 0.0 0.0
57 0.26 0.0 0.0
58 0.26 0.0 0.0
59 0.26 0.0 0.0
60 0.26 0.0 0.0
61 0.26 0.0 0.0
62 0.26 0.0 0.0
63 0.26 0.0 0.0
64 0.26 0.05 0.0
65 0.26 0.1 0.0
66 0.26 0.1 0.0
67 0.26 0.2 0.0
68 0.26 0.2 0.0
69 0.26 0.2 0.0
70 0.26 0.3 0.0
71 0.26 0.3 0.0
72 0.26 0.3 0.0
73 0.26 0.3 0.0
74 0.26 0.3 0.00625
75 0.26 0.3 0.1
76 0.26 0.3 0.184333333333
77 0.26 0.3 0.275
78 0.26 0.3 0.30625
79 0.26 0.3 0.298916666667
80 0.26 0.3 0.29375
81 0.26 0.3 0.2875
82 0.26 0.3 0.282416666667
83 0.26 0.3 0.275
84 0.26 0.3 0.1875
85 0.26 0.3 0.09375
86 0.0 0.0 0.01875
87 0.005 0.0 0.0
88 0.01 0.0 0.01875
89 0.01 0.0 0.06875
90 0.02 0.0 0.10625
91 0.05 0.0 0.11875
92 0.08 0.0 0.125
93 0.11 0.0 0.15625
94 0.135 0.0 0.1625
95 0.15 0.0 0.1625
96 0.16 0.0 0.1625
97 0.165 0.0 0.15625
98 0.175 0.0 0.1625
99 0.185 0.0 0.1625
100 0.195 0.0 0.1625
101 0.205 0.05 0.15625
102 0.215 0.1 0.15625
103 0.22 0.1 0.125
104 0.23 0.1 0.0875
105 0.24 0.1 0.0625
106 0.245 0.1 0.03125
107 0.255 0.1 0.0
108 0.26 0.1 0.0
109 0.26 0.1 0.0
110 0.26 0.1 0.0
111 0.26 0.1 0.0
112 0.26 0.1 0.0
113 0.26 0.1 0.0
114 0.26 0.1 0.0
115 0.26 0.1 0.0
116 0.26 0.1 0.0
117 0.26 0.1 0.0
118 0.26 0.1 0.0
119 0.26 0.2 0.0
120 0.26 0.2 0.0
121 0.26 0.2 0.00625
122 0.26 0.2 0.05625
123 0.26 0.2 0.06875
124 0.26 0.2 0.0625
125 0.26 0.2 0.0625
126 0.26 0.2 0.0531666666667
127 0.26 0.2 0.05
128 0.26 0.2 0.04375
129 0.26 0.2 0.0375
130 0.26 0.2 0.0374166666667
131 0.26 0.2 0.0300833333333
132 0.26 0.2 0.02175
133 0.0 0.0 0.0125
134 0.0 0.0 0.00391666666667
135 0.0 0.0 0.0
136 0.005 0.0 0.0
137 0.01 0.0 0.0
138 0.01 0.0 0.0
139 0.015 0.0 0.0
140 0.04 0.0 0.0
141 0.07 0.0 0.0
142 0.1 0.0 0.0
143 0.125 0.0 0.0
144 0.15 0.0 0.0
145 0.18 0.0 0.0
146 0.21 0.0 0.0
147 0.235 0.0 0.0
148 0.26 0.0 0.0
149 0.26 0.0 0.0
150 0.26 0.0 0.0
151 0.26 0.0 0.0
152 0.26 0.0 0.0
153 0.26 0.0 0.0
154 0.26 0.0 0.0
155 0.26 0.0 0.0
156 0.26 0.0 0.0
157 0.26 0.0 0.0
158 0.26 0.0 0.0
159 0.26 0.0 0.0
160 0.26 0.0 0.0
161 0.26 0.0 0.0
162 0.26 0.0 0.0
163 0.26 0.0 0.0
164 0.26 0.0 0.0
165 0.26 0.0 0.0
166 0.26 0.0 0.0
167 0.26 0.0 0.0
168 0.26 0.0 0.0
169 0.26 0.0 0.0
170 0.26 0.0 0.0
171 0.26 0.0 0.0
172 0.26 0.0 0.0
173 0.26 0.0 0.0
174 0.26 0.0 0.0
175 0.26 0.0 0.0
176 0.26 -0.05 0.0
177 0.26 -0.1 0.0
178 0.26 -0.1 0.0
179 0.26 -0.1 0.0
180 0.26 -0.1 0.0
181 0.26 -0.1 0.0
182 0.26 -0.1 0.0
183 0.26 -0.15 0.0
184 0.26 -0.2 0.0
185 0.26 -0.2 0.0
186 0.26 -0.2 0.0
187 0.26 -0.2 0.0
188 0.26 -0.2 0.0
189 0.26 -0.2 0.0
190 0.26 -0.2 0.0
191 0.0 0.0 0.0
192 0.0 0.0 0.0
193 0.0 0.0 0.0
194 0.0 0.0 0.025
195 0.005 0.0 0.025
196 0.01 0.0 0.025
197 0.01 0.0 0.025
198 0.02 0.0 0.025
199 0.045 0.0 0.025
200 0.07 0.0 0.025
201 0.095 0.0 0.01875
202 0.125 0.0 0.0
203 0.15 0.0 0.0
204 0.175 0.0 0.0
205 0.2 0.0 0.0
