0 0.16 0.0 0.264916666667
1 0.16 0.0 0.264833333333
2 0.16 0.0 0.264916666667
3 0.16 0.0 0.26525
4 0.16 0.0 0.265916666667
5 0.16 0.0 0.265416666667
6 0.16 0.0 0.264916666667
7 0.165 0.0 0.265083333333
8 0.17 0.0 0.264583333333
9 0.17 0.0 0.263916666667
10 0.17 0.0 0.263083333333
11 0.185 0.0 0.263416666667
12 0.2 0.0 0.262333333333
13 0.21 0.0 0.26125
14 0.215 0.0 0.261083333333
15 0.22 0.0 0.26025
16 0.23 0.0 0.260333333333
17 0.23 0.05 0.259083333333
18 0.23 0.1 0.25825
19 0.23 0.15 0.257583333333
20 0.23 0.2 0.257083333333
21 0.23 0.2 0.257083333333
22 0.23 0.25 0.25575
23 0.23 0.3 0.255333333333
24 0.23 0.3 0.25475
25 0.23 0.4 0.254833333333
26 0.23 0.4 0.254916666667
27 0.23 0.4 0.259833333333
28 0.235 0.4 0.268916666667
29 0.24 0.4 0.269916666667
30 0.24 0.4 0.268833333333
31 0.24 0.4 0.269
32 0.26 0.4 0.269916666667
33 0.26 0.4 0.270416666667
34 0.26 0.4 0.275416666667
35 0.26 0.4 0.27925
36 0.26 0.4 0.290083333333
37 0.26 0.4 0.291666666667
38 0.26 0.4 0.291666666667
39 0.26 0.4 0.291666666667
40 0.26 0.4 0.291666666667
41 0.26 0.4 0.291666666667
42 0.26 0.4 0.291666666667
43 0.26 0.4 0.291666666667
44 0.26 0.4 0.291666666667
45 0.26 0.4 0.291666666667
46 0.26 0.4 0.291666666667
47 0.26 0.4 0.291666666667
48 0.26 0.4 0.291666666667
49 0.26 0.4 0.291666666667
50 0.26 0.35 0.291666666667
51 0.26 0.3 0.291666666667
52 0.26 0.25 0.291666666667
53 0.26 0.2 0.291666666667
54 0.26 0.2 0.291666666667
55 0.26 0.15 0.291666666667
56 0.26 0.1 0.291666666667
57 0.26 0.1 0.291666666667
58 0.26 0.1 0.291666666667
59 0.26 0.1 0.291666666667
60 0.26 0.1 0.291666666667
61 0.26 0.1 0.291666666667
62 0.26 0.1 0.291666666667
63 0.26 0.1 0.291666666667
64 0.26 0.1 0.291666666667
65 0.26 0.1 0.291666666667
66 0.26 0.1 0.291666666667
67 0.26 0.1 0.291666666667
68 0.26 0.1 0.291666666667
69 0.26 0.1 0.291666666667
70 0.26 0.1 0.291666666667
71 0.26 0.1 0.291666666667
72 0.26 0.1 0.291666666667
73 0.26 0.1 0.291666666667
74 0.26 0.1 0.291666666667
75 0.26 0.1 0.291666666667
76 0.26 0.1 0.291666666667
77 0.26 0.1 0.291666666667
78 0.26 0.1 0.291666666667
79 0.26 0.1 0.291666666667
80 0.26 0.1 0.291666666667
81 0.26 0.1 0.291666666667
82 0.26 0.1 0.291666666667
83 0.26 0.1 0.291666666667
84 0.26 0.1 0.291666666667
85 0.26 0.1 0.291666666667
86 0.26 0.1 0.291666666667
87 0.26 0.1 0.291666666667
88 0.26 0.1 0.291666666667
89 0.26 0.1 0.291666666667
90 0.26 0.1 0.291666666667
91 0.26 0.1 0.291666666667
92 0.26 0.1 0.291666666667
93 0.26 0.1 0.291666666667
94 0.26 0.1 0.291666666667
95 0.26 0.1 0.291666666667
96 0.26 0.1 0.291666666667
97 0.26 0.1 0.291666666667
98 0.26 0.1 0.291666666667
99 0.26 0.1 0.291666666667
100 0.26 0.1 0.291666666667
101 0.26 0.1 0.291666666667
102 0.26 0.1 0.291666666667
103 0.26 0.1 0.291666666667
104 0.26 2.77555756156e-17 0.291666666667
105 0.26 2.77555756156e-17 0.291666666667
106 0.26 2.77555756156e-17 0.291666666667
107 0.26 2.77555756156e-17 0.291666666667
108 0.26 2.77555756156e-17 0.291666666667
109 0.26 2.77555756156e-17 0.291666666667
110 0.26 2.77555756156e-17 0.291666666667
111 0.26 2.77555756156e-17 0.291666666667
112 0.26 2.77555756156e-17 0.291666666667
113 0.26 2.77555756156e-17 0.291666666667
114 0.26 2.77555756156e-17 0.291666666667
115 0.26 2.77555756156e-17 0.291666666667
116 0.26 2.77555756156e-17 0.291666666667
117 0.26 -0.05 0.291666666667
118 0.26 -0.1 0.291666666667
119 0.26 -0.1 0.291666666667
120 0.26 -0.1 0.291666666667
121 0.26 -0.1 0.291666666667
122 0.26 -0.1 0.291666666667
123 0.26 -0.1 0.291666666667
124 0.26 -0.1 0.291666666667
125 0.26 -0.1 0.291666666667
126 0.26 -0.1 0.291666666667
127 0.26 -0.1 0.291666666667
128 0.26 -0.1 0.291666666667
129 0.26 -0.1 0.291666666667
130 0.26 -0.1 0.291666666667
131 0.26 -0.1 0.291666666667
132 0.26 -0.1 0.291666666667
133 0.26 -0.15 0.291666666667
134 0.26 -0.2 0.291666666667
135 0.26 -0.2 0.291666666667
136 0.26 -0.2 0.291666666667
137 0.26 -0.2 0.291666666667
138 0.26 -0.2 0.291666666667
139 0.26 -0.2 0.291666666667
140 0.26 -0.2 0.291666666667
141 0.26 -0.2 0.291666666667
142 0.26 -0.2 0.291666666667
143 0.26 -0.2 0.291666666667
144 0.26 -0.2 0.291666666667
145 0.26 -0.1 0.291666666667
146 0.26 -0.1 0.291666666667
147 0.26 -0.1 0.291666666667
148 0.26 -0.1 0.291666666667
149 0.26 -0.1 0.291666666667
150 0.26 -0.1 0.291666666667
151 0.26 -0.1 0.291666666667
152 0.26 -0.1 0.291666666667
153 0.26 -0.05 0.291666666667
154 0.26 2.77555756156e-17 0.291666666667
155 0.26 2.77555756156e-17 0.291666666667
156 0.26 2.77555756156e-17 0.291666666667
157 0.26 2.77555756156e-17 0.291666666667
158 0.26 2.77555756156e-17 0.291666666667
159 0.26 2.77555756156e-17 0.291666666667
160 0.26 2.77555756156e-17 0.291666666667
161 0.26 2.77555756156e-17 0.291666666667
162 0.26 2.77555756156e-17 0.291666666667
163 0.26 2.77555756156e-17 0.291666666667
164 0.26 2.77555756156e-17 0.291666666667
165 0.26 2.77555756156e-17 0.28975
166 0.26 2.77555756156e-17 0.287833333333
167 0.26 2.77555756156e-17 0.285916666667
168 0.26 2.77555756156e-17 0.284
169 0.26 2.77555756156e-17 0.282083333333
170 0.26 2.77555756156e-17 0.280666666667
171 0.26 2.77555756156e-17 0.27825
172 0.26 2.77555756156e-17 0.276333333333
173 0.26 2.77555756156e-17 0.274416666667
174 0.26 2.77555756156e-17 0.2725
175 0.26 2.77555756156e-17 0.270583333333
176 0.26 2.77555756156e-17 0.268666666667
177 0.26 2.77555756156e-17 0.26675
178 0.26 2.77555756156e-17 0.264833333333
179 0.26 2.77555756156e-17 0.262916666667
180 0.26 2.77555756156e-17 0.261
181 0.26 2.77555756156e-17 0.259083333333
182 0.26 2.77555756156e-17 0.257166666667
183 0.26 2.77555756156e-17 0.25525
184 0.26 2.77555756156e-17 0.251416666667
185 0.26 2.77555756156e-17 0.251416666667
186 0.26 2.77555756156e-17 0.247583333333
187 0.26 2.77555756156e-17 0.247583333333
188 0.26 2.77555756156e-17 0.24375
189 0.26 2.77555756156e-17 0.241833333333
190 0.26 2.77555756156e-17 0.239916666667
191 0.26 2.77555756156e-17 0.238
192 0.26 2.77555756156e-17 0.236083333333
193 0.26 2.77555756156e-17 0.234166666667
194 0.26 2.77555756156e-17 0.23225
195 0.26 -0.1 0.230333333333
196 0.26 -0.1 0.230333333333
197 0.26 -0.15 0.230333333333
198 0.26 -0.2 0.230333333333
199 0.26 -0.2 0.23225
200 0.26 -0.25 0.236083333333
201 0.26 -0.3 0.238
202 0.26 -0.3 0.24375
203 0.26 -0.4 0.2495
204 0.26 -0.4 0.259083333333
205 0.26 -0.4 0.262916666667
206 0.26 -0.4 0.2725
207 0.26 -0.4 0.282083333333
208 0.26 -0.4 0.28975
209 0.26 -0.4 0.291666666667
210 0.26 -0.4 0.2915
211 0.26 -0.4 0.28775
212 0.26 -0.5 0.278916666667
213 0.26 -0.5 0.27925
214 0.26 -0.5 0.27475
215 0.26 -0.5 0.267666666667
216 0.26 -0.5 0.267083333333
217 0.26 -0.5 0.256916666667
218 0.26 -0.5 0.254666666667
219 0.26 -0.5 0.243833333333
220 0.26 -0.5 0.243916666667
221 0.26 -0.5 0.243583333333
222 0.26 -0.5 0.2555
223 0.26 -0.5 0.244
224 0.26 -0.5 0.243333333333
225 0.26 -0.5 0.243333333333
226 0.26 -0.5 0.24325
227 0.26 -0.5 0.248333333333
228 0.26 -0.5 0.25475
229 0.26 -0.5 0.265666666667
230 0.26 -0.5 0.25275
231 0.26 -0.5 0.243083333333
232 0.26 -0.5 0.24125
233 0.26 -0.5 0.254833333333
234 0.26 -0.5 0.25475
235 0.26 -0.5 0.268416666667
236 0.26 -0.5 0.26675
237 0.26 -0.5 0.259
238 0.26 -0.5 0.24875
239 0.26 -0.5 0.2485
240 0.26 -0.5 0.255916666667
241 0.26 -0.5 0.271583333333
242 0.26 -0.5 0.271416666667
243 0.26 -0.5 0.270166666667
244 0.26 -0.5 0.268333333333
245 0.26 -0.5 0.266666666667
246 0.26 -0.5 0.2645
247 0.26 -0.5 0.268416666667
248 0.26 -0.5 0.28875
249 0.26 -0.5 0.291666666667
250 0.26 -0.45 0.291666666667
251 0.26 -0.4 0.291666666667
252 0.26 -0.4 0.291666666667
253 0.26 -0.3 0.291666666667
254 0.26 -0.3 0.291666666667
255 0.26 -0.25 0.291666666667
256 0.26 -0.2 0.291666666667
257 0.26 -0.2 0.291666666667
258 0.26 -0.1 0.291666666667
259 0.26 -0.1 0.291666666667
260 0.26 -0.1 0.291666666667
261 0.26 -0.05 0.2895
262 0.26 -2.77555756156e-17 0.286833333333
263 0.26 -2.77555756156e-17 0.286833333333
264 0.26 -2.77555756156e-17 0.286833333333
265 0.26 -2.77555756156e-17 0.286833333333
266 0.26 -2.77555756156e-17 0.2865
267 0.26 -2.77555756156e-17 0.286333333333
268 0.26 -2.77555756156e-17 0.286416666667
269 0.26 -2.77555756156e-17 0.28725
270 0.26 -2.77555756156e-17 0.2875
271 0.26 -2.77555756156e-17 0.28725
272 0.26 -2.77555756156e-17 0.287166666667
273 0.26 -2.77555756156e-17 0.28675
274 0.26 -2.77555756156e-17 0.286916666667
275 0.26 -2.77555756156e-17 0.287166666667
276 0.26 -2.77555756156e-17 0.28725
277 0.26 -2.77555756156e-17 0.287416666667
278 0.26 -2.77555756156e-17 0.287583333333
279 0.26 -2.77555756156e-17 0.2875
280 0.26 -2.77555756156e-17 0.287416666667
281 0.26 -2.77555756156e-17 0.2885
282 0.26 -2.77555756156e-17 0.287
283 0.26 -2.77555756156e-17 0.287583333333
284 0.26 -2.77555756156e-17 0.287583333333
285 0.26 -2.77555756156e-17 0.288166666667
286 0.26 -2.77555756156e-17 0.288666666667
287 0.26 -2.77555756156e-17 0.289416666667
288 0.26 -2.77555756156e-17 0.290083333333
289 0.26 -2.77555756156e-17 0.290583333333
290 0.26 -2.77555756156e-17 0.290916666667
291 0.26 -2.77555756156e-17 0.29125
292 0.26 -2.77555756156e-17 0.291333333333
293 0.26 -2.77555756156e-17 0.291666666667
294 0.26 -2.77555756156e-17 0.291666666667
295 0.26 -2.77555756156e-17 0.291666666667
296 0.26 -2.77555756156e-17 0.291666666667
297 0.26 -2.77555756156e-17 0.291666666667
298 0.26 -2.77555756156e-17 0.291666666667
299 0.26 -2.77555756156e-17 0.291666666667
300 0.26 -2.77555756156e-17 0.291666666667
301 0.26 -2.77555756156e-17 0.291666666667
302 0.26 -2.77555756156e-17 0.291666666667
303 0.26 -2.77555756156e-17 0.291666666667
304 0.26 -2.77555756156e-17 0.291666666667
305 0.26 -2.77555756156e-17 0.291666666667
306 0.26 -2.77555756156e-17 0.291666666667
307 0.26 -2.77555756156e-17 0.291666666667
308 0.26 -2.77555756156e-17 0.291666666667
309 0.26 -2.77555756156e-17 0.291666666667
310 0.26 -2.77555756156e-17 0.291666666667
311 0.26 -2.77555756156e-17 0.291666666667
312 0.26 -2.77555756156e-17 0.291666666667
313 0.26 -2.77555756156e-17 0.291666666667
314 0.26 -2.77555756156e-17 0.291666666667
315 0.26 -2.77555756156e-17 0.291666666667
316 0.26 -2.77555756156e-17 0.291666666667
317 0.26 -2.77555756156e-17 0.291333333333
318 0.26 -2.77555756156e-17 0.290666666667
319 0.26 -2.77555756156e-17 0.28925
320 0.26 -2.77555756156e-17 0.287666666667
321 0.26 -2.77555756156e-17 0.285583333333
322 0.26 -2.77555756156e-17 0.279
323 0.26 -2.77555756156e-17 0.275833333333
324 0.26 -2.77555756156e-17 0.275083333333
325 0.26 -2.77555756156e-17 0.275083333333
326 0.26 -2.77555756156e-17 0.275916666667
327 0.26 -2.77555756156e-17 0.275916666667
328 0.26 -2.77555756156e-17 0.2775
329 0.26 -2.77555756156e-17 0.278083333333
330 0.26 -2.77555756156e-17 0.278083333333
331 0.26 -2.77555756156e-17 0.278916666667
332 0.26 -2.77555756156e-17 0.279
333 0.26 -2.77555756156e-17 0.2785
334 0.26 -2.77555756156e-17 0.27875
335 0.26 -2.77555756156e-17 0.277833333333
336 0.26 -2.77555756156e-17 0.276416666667
337 0.26 -2.77555756156e-17 0.27525
338 0.26 -2.77555756156e-17 0.275166666667
339 0.26 -2.77555756156e-17 0.27525
340 0.26 -2.77555756156e-17 0.275416666667
341 0.26 -2.77555756156e-17 0.275
342 0.26 -2.77555756156e-17 0.275333333333
343 0.26 -2.77555756156e-17 0.274916666667
344 0.26 -2.77555756156e-17 0.275333333333
345 0.26 -2.77555756156e-17 0.27625
346 0.26 -2.77555756156e-17 0.275916666667
347 0.26 -2.77555756156e-17 0.275916666667
348 0.26 -2.77555756156e-17 0.275916666667
349 0.26 -2.77555756156e-17 0.275916666667
350 0.26 -2.77555756156e-17 0.276333333333
351 0.26 -2.77555756156e-17 0.276916666667
352 0.26 -2.77555756156e-17 0.27675
353 0.26 -2.77555756156e-17 0.27675
354 0.26 -2.77555756156e-17 0.276833333333
355 0.26 -2.77555756156e-17 0.276916666667
356 0.26 -2.77555756156e-17 0.276666666667
357 0.26 -2.77555756156e-17 0.276916666667
358 0.26 -2.77555756156e-17 0.277
359 0.26 -2.77555756156e-17 0.277083333333
360 0.26 -2.77555756156e-17 0.277
361 0.26 -2.77555756156e-17 0.276833333333
362 0.26 -2.77555756156e-17 0.27675
363 0.26 -2.77555756156e-17 0.276083333333
364 0.26 -2.77555756156e-17 0.2765
365 0.26 -2.77555756156e-17 0.2765
366 0.26 -2.77555756156e-17 0.276416666667
367 0.26 -2.77555756156e-17 0.27675
368 0.26 -2.77555756156e-17 0.277083333333
369 0.26 -2.77555756156e-17 0.2775
370 0.26 -2.77555756156e-17 0.277666666667
371 0.26 -2.77555756156e-17 0.278916666667
372 0.26 -2.77555756156e-17 0.278833333333
373 0.26 -2.77555756156e-17 0.27875
374 0.26 -2.77555756156e-17 0.280166666667
375 0.26 -2.77555756156e-17 0.2805
376 0.26 -2.77555756156e-17 0.28225
377 0.26 -2.77555756156e-17 0.282666666667
378 0.26 -2.77555756156e-17 0.282666666667
379 0.26 -2.77555756156e-17 0.28425
380 0.26 -2.77555756156e-17 0.28475
381 0.26 -2.77555756156e-17 0.284916666667
382 0.26 -2.77555756156e-17 0.28675
383 0.26 -2.77555756156e-17 0.287583333333
384 0.26 -2.77555756156e-17 0.288583333333
385 0.26 -2.77555756156e-17 0.288583333333
386 0.26 -2.77555756156e-17 0.28925
387 0.26 -2.77555756156e-17 0.290666666667
388 0.26 -2.77555756156e-17 0.290833333333
389 0.26 -2.77555756156e-17 0.291
390 0.26 -2.77555756156e-17 0.291166666667
391 0.26 -2.77555756156e-17 0.291166666667
392 0.26 -2.77555756156e-17 0.291416666667
393 0.26 -2.77555756156e-17 0.291583333333
394 0.26 -2.77555756156e-17 0.291583333333
395 0.26 -2.77555756156e-17 0.291583333333
396 0.26 -2.77555756156e-17 0.291666666667
397 0.26 -2.77555756156e-17 0.291666666667
398 0.26 -2.77555756156e-17 0.291666666667
399 0.26 -2.77555756156e-17 0.291666666667
400 0.26 -2.77555756156e-17 0.291666666667
401 0.26 -2.77555756156e-17 0.291666666667
402 0.26 -2.77555756156e-17 0.291666666667
403 0.26 -2.77555756156e-17 0.291666666667
404 0.26 -2.77555756156e-17 0.291666666667
405 0.26 -2.77555756156e-17 0.291666666667
406 0.26 -2.77555756156e-17 0.291666666667
407 0.26 -2.77555756156e-17 0.291666666667
408 0.26 -2.77555756156e-17 0.291666666667
409 0.26 -2.77555756156e-17 0.291666666667
410 0.26 -2.77555756156e-17 0.291666666667
411 0.26 -2.77555756156e-17 0.291666666667
412 0.26 -2.77555756156e-17 0.291666666667
413 0.26 -2.77555756156e-17 0.291666666667
414 0.26 -2.77555756156e-17 0.291666666667
415 0.26 -2.77555756156e-17 0.291666666667
416 0.26 -2.77555756156e-17 0.291666666667
417 0.26 -2.77555756156e-17 0.291666666667
418 0.26 -2.77555756156e-17 0.291666666667
419 0.26 -2.77555756156e-17 0.291666666667
420 0.26 -2.77555756156e-17 0.291583333333
421 0.26 -2.77555756156e-17 0.291416666667
422 0.26 -2.77555756156e-17 0.29125
423 0.26 -2.77555756156e-17 0.291166666667
424 0.26 -2.77555756156e-17 0.291166666667
425 0.26 -2.77555756156e-17 0.291166666667
426 0.26 -2.77555756156e-17 0.291
427 0.26 -2.77555756156e-17 0.290833333333
428 0.26 -2.77555756156e-17 0.290083333333
429 0.26 -2.77555756156e-17 0.289416666667
430 0.26 -2.77555756156e-17 0.289916666667
431 0.26 -2.77555756156e-17 0.2895
432 0.26 -2.77555756156e-17 0.288833333333
433 0.26 -2.77555756156e-17 0.288416666667
434 0.26 -2.77555756156e-17 0.286416666667
435 0.26 -2.77555756156e-17 0.28575
436 0.26 -2.77555756156e-17 0.285
437 0.26 -2.77555756156e-17 0.285666666667
438 0.26 -2.77555756156e-17 0.284083333333
439 0.26 -2.77555756156e-17 0.282666666667
440 0.26 -2.77555756156e-17 0.282
441 0.26 -2.77555756156e-17 0.283
442 0.26 -2.77555756156e-17 0.283416666667
443 0.26 -2.77555756156e-17 0.283166666667
444 0.26 -2.77555756156e-17 0.283166666667
445 0.26 -2.77555756156e-17 0.28275
446 0.26 -2.77555756156e-17 0.284666666667
447 0.26 -2.77555756156e-17 0.285416666667
448 0.26 -2.77555756156e-17 0.287166666667
449 0.26 -2.77555756156e-17 0.287416666667
450 0.26 -2.77555756156e-17 0.287916666667
451 0.26 -2.77555756156e-17 0.289
452 0.26 -2.77555756156e-17 0.289916666667
453 0.26 -2.77555756156e-17 0.290166666667
454 0.26 -2.77555756156e-17 0.291166666667
455 0.26 -2.77555756156e-17 0.291583333333
456 0.26 -2.77555756156e-17 0.291666666667
457 0.26 -2.77555756156e-17 0.291666666667
458 0.26 -2.77555756156e-17 0.291666666667
459 0.26 -2.77555756156e-17 0.291666666667
460 0.26 -2.77555756156e-17 0.291666666667
461 0.26 -2.77555756156e-17 0.291666666667
462 0.26 -2.77555756156e-17 0.291666666667
463 0.26 -2.77555756156e-17 0.291666666667
464 0.26 -2.77555756156e-17 0.291666666667
465 0.26 -2.77555756156e-17 0.291666666667
466 0.26 -2.77555756156e-17 0.291666666667
467 0.26 -2.77555756156e-17 0.291666666667
468 0.26 -2.77555756156e-17 0.291666666667
469 0.26 -2.77555756156e-17 0.291666666667
470 0.26 -2.77555756156e-17 0.291666666667
471 0.26 -2.77555756156e-17 0.291666666667
472 0.26 -2.77555756156e-17 0.291666666667
473 0.26 -2.77555756156e-17 0.291666666667
474 0.26 -2.77555756156e-17 0.291666666667
475 0.26 -2.77555756156e-17 0.291666666667
476 0.26 -2.77555756156e-17 0.291666666667
477 0.26 -2.77555756156e-17 0.291666666667
478 0.26 -2.77555756156e-17 0.291666666667
479 0.26 -2.77555756156e-17 0.291666666667
480 0.26 -2.77555756156e-17 0.291666666667
481 0.26 -2.77555756156e-17 0.291666666667
482 0.26 -2.77555756156e-17 0.291666666667
483 0.26 -2.77555756156e-17 0.291666666667
484 0.26 -2.77555756156e-17 0.291666666667
485 0.26 -2.77555756156e-17 0.291666666667
486 0.26 -2.77555756156e-17 0.291666666667
487 0.26 -2.77555756156e-17 0.291666666667
488 0.26 -2.77555756156e-17 0.291666666667
489 0.26 -2.77555756156e-17 0.291666666667
490 0.26 -2.77555756156e-17 0.291666666667
491 0.26 -2.77555756156e-17 0.291666666667
492 0.26 -2.77555756156e-17 0.291666666667
493 0.26 -2.77555756156e-17 0.291666666667
494 0.26 -2.77555756156e-17 0.291666666667
495 0.26 -2.77555756156e-17 0.291666666667
496 0.26 -2.77555756156e-17 0.291666666667
497 0.26 -2.77555756156e-17 0.291666666667
498 0.26 -2.77555756156e-17 0.291666666667
499 0.26 -2.77555756156e-17 0.291666666667
500 0.26 -2.77555756156e-17 0.291666666667
501 0.26 -2.77555756156e-17 0.291666666667
502 0.26 -2.77555756156e-17 0.291666666667
503 0.26 -2.77555756156e-17 0.291666666667
504 0.26 -2.77555756156e-17 0.291666666667
505 0.26 -2.77555756156e-17 0.291666666667
506 0.26 -2.77555756156e-17 0.291666666667
507 0.26 -2.77555756156e-17 0.291666666667
508 0.26 -2.77555756156e-17 0.291666666667
509 0.26 -2.77555756156e-17 0.291666666667
510 0.26 -2.77555756156e-17 0.291666666667
511 0.26 -2.77555756156e-17 0.291666666667
512 0.26 -2.77555756156e-17 0.291666666667
513 0.26 -2.77555756156e-17 0.291666666667
514 0.26 -2.77555756156e-17 0.291666666667
515 0.26 -2.77555756156e-17 0.291666666667
516 0.26 -2.77555756156e-17 0.291666666667
517 0.26 -2.77555756156e-17 0.291666666667
518 0.26 -2.77555756156e-17 0.291666666667
519 0.26 -2.77555756156e-17 0.291666666667
520 0.26 -2.77555756156e-17 0.291666666667
521 0.26 -2.77555756156e-17 0.291666666667
522 0.26 -2.77555756156e-17 0.291666666667
523 0.26 -0.1 0.291666666667
524 0.26 -0.1 0.291666666667
525 0.26 -0.1 0.291666666667
526 0.26 -0.1 0.291666666667
527 0.26 -0.1 0.291666666667
528 0.26 -0.1 0.291666666667
529 0.26 -0.05 0.291666666667
530 0.26 -2.77555756156e-17 0.291666666667
531 0.26 -2.77555756156e-17 0.291666666667
532 0.26 -2.77555756156e-17 0.291666666667
533 0.26 -2.77555756156e-17 0.291666666667
534 0.26 -2.77555756156e-17 0.291666666667
535 0.26 -2.77555756156e-17 0.291666666667
536 0.26 -2.77555756156e-17 0.291666666667
537 0.26 -2.77555756156e-17 0.291666666667
538 0.26 -2.77555756156e-17 0.291666666667
539 0.26 -2.77555756156e-17 0.291666666667
540 0.26 -2.77555756156e-17 0.291666666667
541 0.26 -2.77555756156e-17 0.291666666667
542 0.26 -2.77555756156e-17 0.291666666667
543 0.26 -2.77555756156e-17 0.291666666667
544 0.26 -2.77555756156e-17 0.291666666667
545 0.26 -2.77555756156e-17 0.291666666667
546 0.26 -2.77555756156e-17 0.291666666667
547 0.26 -2.77555756156e-17 0.291666666667
548 0.26 -2.77555756156e-17 0.291666666667
549 0.26 -2.77555756156e-17 0.291666666667
550 0.26 -2.77555756156e-17 0.291666666667
551 0.26 -2.77555756156e-17 0.291666666667
552 0.26 -2.77555756156e-17 0.291666666667
553 0.26 -2.77555756156e-17 0.291666666667
554 0.26 -2.77555756156e-17 0.291666666667
555 0.26 -2.77555756156e-17 0.291666666667
556 0.26 -2.77555756156e-17 0.291666666667
557 0.26 -2.77555756156e-17 0.291666666667
558 0.26 -2.77555756156e-17 0.291666666667
559 0.26 -2.77555756156e-17 0.291666666667
560 0.26 -2.77555756156e-17 0.291666666667
561 0.26 -2.77555756156e-17 0.291666666667
562 0.26 -2.77555756156e-17 0.291666666667
563 0.26 -2.77555756156e-17 0.291666666667
564 0.26 -2.77555756156e-17 0.291666666667
565 0.26 -2.77555756156e-17 0.291666666667
566 0.26 -2.77555756156e-17 0.291666666667
567 0.26 -2.77555756156e-17 0.291666666667
568 0.26 -2.77555756156e-17 0.291666666667
569 0.26 -2.77555756156e-17 0.291666666667
570 0.26 -2.77555756156e-17 0.291666666667
571 0.26 -2.77555756156e-17 0.291666666667
