0 0.26 0.0 0.0705833333333
1 0.26 0.0 0.05
2 0.26 0.0 0.0
3 0.26 0.0 0.0
4 0.26 0.0 0.0
5 0.26 0.0 0.0
6 0.26 0.0 0.0
7 0.26 0.0 0.0
8 0.26 0.0 0.0
9 0.26 0.0 0.0
10 0.26 0.0 0.0
11 0.26 0.0 0.0
12 0.26 0.0 0.0
13 0.26 0.1 0.0
14 0.26 0.15 0.0
15 0.26 0.2 0.0
16 0.26 0.25 0.0
17 0.26 0.3 0.0
18 0.26 0.4 0.0125
19 0.26 0.4 0.1125
20 0.26 0.4 0.2125
21 0.26 0.4 0.319
22 0.26 0.4 0.43125
23 0.26 0.4 0.54375
24 0.26 0.4 0.6625
25 0.26 0.4 0.64375
26 0.26 0.4 0.5375
27 0.26 0.4 0.43125
28 0.26 0.4 0.31875
29 0.26 0.4 0.2125
30 0.26 0.4 0.1
31 0.0 0.0 0.0
32 0.0 0.0 0.0
33 0.0 0.0 0.0
34 0.01 0.0 0.0
35 0.01 0.0 0.0
36 0.01 0.0 0.0
37 0.03 0.0 0.0
38 0.055 0.0 0.0
39 0.08 0.0 0.0
40 0.11 0.0 0.0
41 0.135 0.0 0.0
42 0.165 0.0 0.0
43 0.195 0.0 0.0
44 0.22 0.0 0.0
45 0.25 0.0 0.0
46 0.26 0.0 0.0
47 0.26 0.0 0.0
48 0.26 0.0 0.0
49 0.26 0.0 0.0
50 0.26 0.0 0.0
51 0.26 0.0 0.0
52 0.26 -0.1 0.0
53 0.26 -0.1 0.0
54 0.26 -0.1 0.0
55 0.26 -0.15 0.0
56 0.26 -0.2 0.0
57 0.26 -0.2 0.0
58 0.26 -0.2 0.0
59 0.26 -0.3 0.0
60 0.26 -0.3 0.0
61 0.26 -0.3 0.0
62 0.26 -0.3 0.054
63 0.26 -0.35 0.130833333333
64 0.26 -0.4 0.2125
65 0.26 -0.4 0.3125
66 0.26 -0.4 0.40625
67 0.26 -0.4 0.5
68 0.26 -0.4 0.59375
69 0.26 -0.4 0.688583333333
70 0.26 -0.4 0.75
71 0.26 -0.4 0.75
72 0.0 0.0 0.75
73 0.0 0.0 0.75
74 0.0 0.0 0.75
75 0.0 0.0 0.75
76 0.01 0.0 0.75
77 0.01 0.0 0.75
78 0.01 0.0 0.75
79 0.035 0.0 0.75
80 0.06 0.0 0.75
81 0.085 0.0 0.75
82 0.115 0.0 0.75
83 0.14 0.0 0.75
84 0.165 0.0 0.75
85 0.195 0.0 0.75
86 0.22 0.0 0.75
87 0.245 0.0 0.75
88 0.26 0.0 0.75
89 0.26 0.0 0.75
90 0.26 0.0 0.75
91 0.26 0.0 0.75
92 0.26 0.0 0.75
93 0.26 0.0 0.75
94 0.26 0.0 0.75
95 0.26 0.0 0.75
96 0.26 0.0 0.75
97 0.26 0.0 0.75
98 0.26 0.0 0.75
99 0.26 0.0 0.75
100 0.26 0.0 0.75
101 0.26 0.0 0.75
102 0.26 0.0 0.75
103 0.26 0.0 0.75
104 0.26 0.0 0.75
105 0.26 0.0 0.75
106 0.26 0.0 0.75
107 0.26 0.0 0.75
108 0.26 0.0 0.75
109 0.26 0.0 0.75
110 0.26 0.0 0.75
