0 0.26 0.0 0.0
1 0.26 0.0 0.0
2 0.26 0.0 0.0
3 0.26 0.0 0.0
4 0.26 0.0 0.0
5 0.26 0.0 0.0
6 0.26 0.0 0.0
7 0.26 0.0 0.0
8 0.26 0.0 0.0
9 0.26 0.0 0.0
10 0.26 0.0 0.0
11 0.26 -0.05 0.0
12 0.26 -0.1 0.0
13 0.26 -0.15 0.0
14 0.26 -0.2 0.0
15 0.26 -0.3 0.0
16 0.26 -0.3 0.0
17 0.26 -0.3 0.0
18 0.26 -0.4 0.0
19 0.26 -0.4 0.0
20 0.26 -0.4 0.0
21 0.26 -0.4 0.04375
22 0.26 -0.4 0.06875
23 0.26 -0.4 0.075
24 0.26 -0.4 0.08125
25 0.26 -0.4 0.0875
26 0.26 -0.4 0.10625
27 0.26 -0.45 0.0503333333333
28 0.26 -0.5 0.0
29 0.26 -0.5 0.0
30 0.0 0.0 0.0
31 0.0 0.0 0.0
32 0.0 0.0 0.0
33 0.005 0.0 0.0
34 0.01 0.0 0.0
35 0.01 0.0 0.0
36 0.015 0.0 0.0
37 0.04 0.0 0.0
38 0.065 0.0 0.0
39 0.095 0.0 0.0
40 0.12 0.0 0.0
41 0.145 0.0 0.0
42 0.17 0.0 0.0
43 0.2 0.0 0.0
44 0.215 0.0 0.0
45 0.22 0.0 0.0
46 0.23 0.0 0.0
47 0.24 0.0 0.0
48 0.245 0.0 0.0
49 0.255 0.0 0.0
50 0.26 0.0 0.0
51 0.26 0.0 0.0
52 0.26 0.0 0.0
53 0.26 0.0 0.0
54 0.26 0.0 0.0
55 0.26 0.0 0.0
56 0.26 0.0 0.0
57 0.26 0.0 0.0
58 0.26 0.0 0.0
59 0.26 0.0 0.0
60 0.26 0.0 0.0
61 0.26 0.0 0.0
62 0.26 0.0 0.0
63 0.26 0.05 0.0
64 0.26 0.1 0.0
65 0.26 0.1 0.0
66 0.26 0.1 0.0
67 0.26 0.2 0.0
68 0.26 0.2 0.0
69 0.26 0.2 0.0
70 0.26 0.2 0.0
71 0.26 0.2 0.0
72 0.26 0.2 0.0
73 0.26 0.2 0.0
74 0.26 0.2 0.0
75 0.26 0.2 0.0
76 0.26 0.2 0.0
77 0.26 0.2 0.0
78 0.26 0.2 0.0
79 0.26 0.2 0.0
80 0.26 0.2 0.0
81 0.26 0.2 0.0
82 0.26 0.2 0.0
83 0.26 0.2 0.0
84 0.26 0.2 0.0
85 0.26 0.2 0.0
86 0.26 0.2 0.0
87 0.26 0.2 0.0
88 0.26 0.2 0.0
89 0.26 0.2 0.0
90 0.26 0.2 0.0
91 0.26 0.2 0.05625
92 0.26 0.2 0.1125
93 0.26 0.2 0.1625
94 0.26 0.2 0.2125
95 0.26 0.2 0.26875
96 0.26 0.2 0.31875
97 0.26 0.2 0.36875
98 0.0 0.0 0.41875
99 0.0 0.0 0.425
100 0.005 0.0 0.43125
101 0.01 0.0 0.43125
102 0.01 0.0 0.43125
103 0.01 0.0 0.43125
104 0.04 0.0 0.43125
105 0.065 0.0 0.43125
106 0.09 0.0 0.43125
107 0.11 0.05 0.4375
108 0.12 0.1 0.43125
109 0.13 0.1 0.4375
110 0.14 0.1 0.43375
111 0.165 0.1 0.43125
112 0.19 0.1 0.4375
113 0.215 0.1 0.4375
114 0.24 0.1 0.43125
115 0.26 0.1 0.4375
116 0.26 0.1 0.4375
117 0.26 0.05 0.4375
118 0.26 0.0 0.44375
119 0.26 0.0 0.45
120 0.26 0.0 0.45
121 0.26 0.0 0.45
122 0.26 0.0 0.452
123 0.26 0.0 0.45625
124 0.26 0.0 0.4625
125 0.26 0.0 0.46875
126 0.26 0.0 0.475
127 0.26 0.0 0.475
128 0.26 0.0 0.48125
129 0.26 0.0 0.4875
130 0.26 0.0 0.49375
131 0.26 0.0 0.49375
132 0.26 0.0 0.5
133 0.26 0.0 0.5
134 0.26 0.0 0.50625
135 0.26 0.0 0.5125
136 0.26 0.0 0.51875
137 0.26 0.0 0.525
138 0.26 0.0 0.53125
139 0.26 0.0 0.5375
140 0.26 0.0 0.54375
141 0.26 0.0 0.55
142 0.26 0.0 0.55625
143 0.26 0.0 0.5625
144 0.26 0.0 0.575
145 0.26 0.0 0.58125
146 0.26 0.0 0.5875
147 0.26 0.0 0.6
148 0.26 0.0 0.60625
149 0.26 0.0 0.61875
150 0.26 0.0 0.63125
151 0.26 0.0 0.6375
152 0.26 0.0 0.65
153 0.26 0.0 0.66875
154 0.26 0.0 0.675
155 0.26 0.0 0.6875
156 0.26 0.0 0.7
157 0.26 0.0 0.7
158 0.26 0.0 0.7
159 0.26 0.0 0.7
160 0.26 0.0 0.7
161 0.26 0.0 0.7
162 0.26 0.0 0.7
163 0.26 0.0 0.69375
164 0.26 0.0 0.7
165 0.26 0.0 0.7
166 0.26 0.0 0.7
167 0.26 0.0 0.70625
168 0.26 -0.05 0.70625
169 0.26 -0.1 0.7
170 0.26 -0.1 0.66875
171 0.26 -0.1 0.64375
172 0.26 -0.1 0.61875
173 0.26 -0.05 0.59375
174 0.26 0.0 0.58125
175 0.26 0.0 0.58125
176 0.26 0.0 0.58125
177 0.26 0.0 0.58125
178 0.26 0.0 0.58125
179 0.26 0.0 0.58125
180 0.26 0.0 0.58125
181 0.26 0.0 0.58125
182 0.26 0.0 0.5875
183 0.26 0.0 0.58125
184 0.26 0.0 0.5875
185 0.26 0.0 0.5875
186 0.26 0.0 0.5875
187 0.26 0.0 0.5875
188 0.26 0.0 0.5875
189 0.26 0.0 0.5875
190 0.26 0.0 0.5875
191 0.26 0.0 0.5875
192 0.26 0.0 0.59375
193 0.26 0.0 0.5875
194 0.26 0.0 0.59375
195 0.26 0.0 0.59375
196 0.26 0.0 0.59375
197 0.26 0.0 0.59375
198 0.26 0.0 0.59375
199 0.26 0.0 0.59375
200 0.26 0.0 0.59375
201 0.26 0.0 0.59375
202 0.26 0.0 0.6
203 0.26 0.0 0.6
204 0.26 0.0 0.6
205 0.26 0.0 0.6
206 0.26 0.0 0.6
207 0.26 0.0 0.603083333333
208 0.26 0.0 0.6
209 0.26 0.0 0.60625
210 0.26 0.0 0.60625
211 0.26 0.0 0.60625
212 0.26 0.0 0.60625
213 0.26 0.0 0.60625
