0 0.26 0.0 0.0
1 0.26 0.0 0.0
2 0.26 0.05 0.0
3 0.26 0.1 0.0
4 0.26 0.15 0.0
5 0.26 0.2 0.0
6 0.26 0.3 0.0
7 0.26 0.35 0.0
8 0.26 0.4 0.0
9 0.26 0.4 0.0965
10 0.26 0.4 0.2125
11 0.26 0.4 0.33125
12 0.26 0.4 0.44375
13 0.26 0.4 0.55625
14 0.26 0.4 0.66875
15 0.26 0.4 0.638916666667
16 0.26 0.4 0.53125
17 0.26 0.4 0.413833333333
18 0.0 0.0 0.2875
19 0.0 0.0 0.09375
20 0.0 0.0 0.0
21 0.0 0.0 0.0
22 0.01 0.0 0.0
23 0.01 0.0 0.0
24 0.01 0.0 0.0
25 0.035 0.0 0.0
26 0.06 0.0 0.0
27 0.09 0.0 0.0
28 0.12 0.0 0.0
29 0.15 0.0 0.0
30 0.175 0.0 0.0
31 0.205 0.0 0.0
32 0.23 0.0 0.0
33 0.255 0.0 0.0
34 0.26 0.0 0.0
35 0.26 0.0 0.0
36 0.26 0.0 0.0
37 0.26 0.0 0.0
38 0.26 0.0 0.0
39 0.26 0.0 0.0
40 0.26 0.0 0.0
41 0.26 0.0 0.0
42 0.26 0.0 0.0
43 0.26 0.0 0.0
44 0.26 0.0 0.0
45 0.26 0.0 0.0
46 0.26 0.0 0.0
47 0.26 0.0 0.0
48 0.26 0.0 0.0
49 0.26 0.0 0.0
50 0.26 0.0 0.0
51 0.26 0.0 0.0
52 0.26 0.0 0.0
53 0.26 0.0 0.0
54 0.26 0.0 0.0
55 0.26 0.0 0.0
56 0.26 0.0 0.0
57 0.26 0.0 0.0
58 0.26 0.0 0.0
59 0.26 0.0 0.0
60 0.26 0.0 0.0
61 0.26 0.0 0.0
62 0.26 0.0 0.0
63 0.26 0.0 0.0
64 0.26 0.0 0.0
65 0.26 0.0 0.0
66 0.26 0.0 0.0
67 0.26 0.0 0.0
68 0.26 -0.1 0.0
69 0.26 -0.1 0.0
70 0.26 -0.1 0.0
71 0.26 -0.1 0.0
72 0.26 -0.1 0.0
73 0.26 -0.1 0.0
74 0.26 -0.1 0.0
75 0.26 -0.1 0.0
76 0.26 -0.1 0.0
77 0.26 -0.1 0.0
78 0.26 -0.1 0.0
79 0.26 -0.1 0.0
80 0.26 -0.1 0.0
81 0.26 -0.1 0.0
82 0.26 -0.1 0.0
83 0.26 -0.15 0.0
84 0.26 -0.2 0.0
85 0.26 -0.2 0.0
86 0.26 -0.2 0.0
87 0.26 -0.2 0.0
88 0.26 -0.2 0.0
89 0.26 -0.2 0.0
90 0.26 -0.2 0.0
91 0.26 -0.2 0.0
92 0.26 -0.2 0.0
93 0.26 -0.2 0.0
94 0.26 -0.3 0.0
95 0.26 -0.3 0.0
96 0.26 -0.3 0.0
97 0.26 -0.4 0.0
98 0.26 -0.4 0.0
99 0.26 -0.4 0.0
100 0.26 -0.4 0.0
101 0.26 -0.4 0.0
102 0.26 -0.4 0.0
103 0.26 -0.4 0.0
104 0.26 -0.4 0.0
105 0.0 0.0 0.0
106 0.0 0.0 0.0
107 0.0 0.0 0.0
108 0.01 0.0 0.000333333333333
109 0.01 0.0 0.000333333333333
110 0.01 0.0 0.0
111 0.03 0.0 0.0
112 0.055 0.0 0.0
113 0.085 0.0 0.0
114 0.11 0.0 0.0
115 0.14 0.0 0.0
116 0.17 0.0 0.0
117 0.195 0.0 0.0
118 0.225 0.0 0.0
119 0.255 0.0 0.0
120 0.26 0.0 0.0
121 0.26 0.0 0.0
122 0.26 0.0 0.0
123 0.26 0.0 0.0
124 0.26 0.0 0.0
125 0.26 0.0 0.0
126 0.26 0.0 0.0
127 0.26 0.0 0.0
128 0.26 0.0 0.0
129 0.26 0.0 0.0
130 0.26 0.0 0.0
131 0.26 0.0 0.0
132 0.26 0.0 0.0
133 0.26 0.0 0.0
134 0.26 0.0 0.0
135 0.26 0.0 0.0
136 0.26 0.0 0.0
137 0.26 0.0 0.0
138 0.26 0.0 0.0
139 0.26 0.0 0.0
140 0.26 0.0 0.0
141 0.26 0.0 0.0
142 0.26 0.0 0.0
143 0.26 0.0 0.0
144 0.26 0.0 0.0
145 0.26 0.0 0.0
146 0.26 0.0 0.0
147 0.26 0.0 0.0
148 0.26 0.0 0.0
149 0.26 0.0 0.0
150 0.26 0.0 0.0
151 0.26 0.0 0.0
152 0.26 0.0 0.0
153 0.26 0.0 0.0
154 0.26 0.0 0.0
155 0.26 0.0 0.0
156 0.26 0.0 0.0
157 0.26 0.0 0.0
158 0.26 0.0 0.0
159 0.26 -0.1 0.0
160 0.26 -0.1 0.0
161 0.26 -0.1 0.0
162 0.26 -0.15 0.0
163 0.26 -0.2 0.0
164 0.26 -0.2 0.0
165 0.26 -0.2 0.0
166 0.26 -0.2 0.0
167 0.26 -0.2 0.0
168 0.26 -0.3 0.0
169 0.26 -0.3 0.0
170 0.26 -0.3 0.0
171 0.26 -0.3 0.0
172 0.26 -0.3 0.0
173 0.26 -0.3 0.0
174 0.26 -0.3 0.0
175 0.26 -0.3 0.0
176 0.26 -0.3 0.0
177 0.26 -0.3 0.0
178 0.26 -0.3 0.00625
179 0.26 -0.3 0.10075
180 0.26 -0.3 0.105
181 0.26 -0.3 0.1175
182 0.26 -0.3 0.115416666667
183 0.26 -0.3 0.116083333333
184 0.26 -0.3 0.111166666667
185 0.26 -0.3 0.104083333333
186 0.26 -0.3 0.128583333333
187 0.26 -0.3 0.177666666667
188 0.26 -0.3 0.0864166666667
189 0.0 0.0 0.0085
190 0.0 0.0 0.0
191 0.0 0.0 0.0178333333333
192 0.0 0.0 0.0295833333333
193 0.01 0.0 0.0290833333333
194 0.01 0.0 0.0318333333333
195 0.01 -0.1 0.0196666666667
196 0.01 -0.1 0.0144166666667
197 0.01 -0.15 0.0129166666667
198 0.01 -0.4 0.0146666666667
199 0.01 -0.7 0.0193333333333
200 0.01 -0.85 0.0235833333333
201 0.01 -0.95 0.0186666666667
202 0.0 0.0 0.0136666666667
203 0.0 0.0 0.0118333333333
204 0.005 0.0 0.0118333333333
205 0.01 0.0 0.0118333333333
206 0.01 0.0 0.0118333333333
207 0.01 0.0 0.0118333333333
208 0.04 0.0 0.0115833333333
209 0.07 0.0 0.0110833333333
210 0.095 0.0 0.00908333333333
211 0.125 0.0 0.00725
212 0.15 0.0 0.00416666666667
213 0.175 0.0 0.00125
214 0.205 0.0 0.0
215 0.23 0.0 0.0
216 0.235 0.0 0.0
217 0.245 0.0 0.0
218 0.255 0.0 0.0
219 0.26 0.0 0.0
220 0.26 0.0 0.0
221 0.26 0.0 0.0
222 0.26 0.0 0.0
223 0.26 0.0 0.0
224 0.26 0.0 0.0
225 0.26 0.0 0.0
226 0.26 0.0 0.0
227 0.26 0.0 0.0
228 0.26 0.0 0.0
229 0.26 0.0 0.0
230 0.26 0.0 0.0
231 0.26 0.0 0.0
232 0.26 0.0 0.0
233 0.26 0.0 0.0
234 0.26 0.0 0.0
235 0.26 0.0 0.0
236 0.26 0.0 0.0
237 0.26 0.0 0.0
238 0.26 0.0 0.0
239 0.26 0.0 0.0
240 0.26 -0.05 0.0
241 0.26 -0.1 0.0
242 0.26 -0.1 0.0
243 0.26 -0.1 0.0
244 0.26 -0.1 0.0
245 0.26 -0.1 0.0
246 0.26 -0.1 0.0
247 0.26 -0.1 0.0
248 0.26 -0.1 0.0
249 0.26 -0.1 0.0
250 0.26 -0.1 0.0
251 0.26 -0.1 0.0
252 0.26 -0.1 0.0
253 0.26 -0.1 0.0
254 0.26 -0.1 0.0
255 0.26 -0.1 0.0
256 0.26 -0.1 0.0
257 0.26 -0.1 0.0
258 0.26 -0.1 0.0
259 0.26 -0.1 0.0
260 0.26 -0.1 0.0
261 0.26 -0.1 0.0
262 0.26 -0.2 0.0
263 0.26 -0.2 0.0
264 0.26 -0.2 0.0
265 0.26 -0.2 0.0
266 0.26 -0.2 0.0
267 0.26 -0.2 0.0
268 0.26 -0.2 0.0
269 0.26 -0.2 0.0
270 0.26 -0.2 0.0
271 0.26 -0.2 0.0
272 0.26 -0.2 0.0
273 0.26 -0.2 0.0
274 0.26 -0.2 0.0
275 0.26 -0.2 0.0
276 0.26 -0.2 0.0
277 0.26 -0.2 0.0
278 0.26 -0.2 0.0
279 0.26 -0.2 0.0
280 0.26 -0.2 0.0
281 0.26 -0.2 0.0
282 0.26 -0.2 0.0
283 0.26 -0.2 0.0
284 0.26 -0.2 0.0
285 0.26 -0.2 0.0
286 0.26 -0.2 0.0
287 0.26 -0.2 0.0
288 0.26 -0.2 0.0
289 0.26 -0.2 0.0
290 0.26 -0.2 0.0125
291 0.26 -0.2 0.0625
292 0.26 -0.2 0.1125
293 0.26 -0.2 0.16875
294 0.26 -0.2 0.21875
295 0.26 -0.2 0.253916666667
296 0.26 -0.2 0.257416666667
297 0.26 -0.2 0.280416666667
298 0.26 -0.2 0.339666666667
299 0.26 -0.2 0.399666666667
300 0.0 0.0 0.44325
301 0.0 0.0 0.417833333333
302 0.0 0.0 0.342416666667
303 0.0 0.0 0.3425
304 0.0 -0.05 0.3425
305 0.0 -0.1 0.347833333333
306 0.0 -0.1 0.37375
307 0.0 -0.15 0.398833333333
308 0.0 -0.45 0.442666666667
309 0.0 -0.55 0.536583333333
310 0.0 0.0 0.610666666667
311 0.0 0.0 0.60875
312 0.005 0.0 0.60875
313 0.01 0.0 0.60875
314 0.01 0.0 0.60625
315 0.03 0.0 0.603083333333
316 0.055 0.0 0.603083333333
317 0.085 0.0 0.60325
318 0.11 0.0 0.597583333333
319 0.14 0.0 0.595916666667
320 0.17 0.0 0.595583333333
321 0.195 0.0 0.5955
322 0.215 0.0 0.58775
323 0.225 0.0 0.58775
324 0.235 0.0 0.5755
325 0.24 0.0 0.57575
326 0.25 0.0 0.57375
327 0.255 0.0 0.57375
328 0.26 0.0 0.577583333333
329 0.26 0.0 0.575833333333
330 0.26 0.0 0.57175
331 0.26 0.0 0.57
332 0.26 0.0 0.569916666667
333 0.26 0.0 0.575666666667
334 0.26 0.0 0.575666666667
335 0.26 0.0 0.571333333333
336 0.26 0.0 0.576833333333
337 0.26 0.0 0.57675
338 0.26 0.0 0.582333333333
339 0.26 0.0 0.582333333333
340 0.26 0.0 0.588166666667
341 0.26 0.0 0.58825
342 0.26 0.0 0.59175
343 0.26 0.0 0.590833333333
344 0.26 0.0 0.595083333333
345 0.26 0.0 0.600916666667
346 0.26 0.0 0.600916666667
347 0.26 0.0 0.606833333333
348 0.26 0.0 0.613
349 0.26 0.0 0.6175
350 0.26 0.0 0.623416666667
351 0.26 0.0 0.623333333333
352 0.26 0.0 0.634166666667
353 0.26 0.0 0.640416666667
354 0.26 0.0 0.642333333333
355 0.26 0.0 0.6465
356 0.26 0.0 0.657583333333
357 0.26 0.0 0.663833333333
358 0.26 0.0 0.489333333333
359 0.26 0.0 0.156
