0 0.26 0.0 0.0
1 0.26 0.0 0.0
2 0.26 0.0 0.0
3 0.26 0.1 0.0
4 0.26 0.2 0.0
5 0.26 0.3 0.0
6 0.26 0.4 0.0
7 0.26 0.4 0.05
8 0.26 0.4 0.2
9 0.26 0.4 0.325
10 0.26 0.4 0.5
11 0.26 0.4 0.59375
12 0.26 0.4 0.68125
13 0.26 0.4 0.614
14 0.26 0.4 0.51875
15 0.0 0.0 0.34375
16 0.0 0.0 0.2875
17 0.005 0.0 0.2875
18 0.01 0.0 0.2875
19 0.01 0.0 0.2875
20 0.045 0.0 0.2875
21 0.085 0.0 0.28125
22 0.115 0.0 0.26875
23 0.14 0.0 0.25
24 0.175 0.0 0.24375
25 0.195 0.0 0.24375
26 0.21 0.0 0.23125
27 0.22 0.0 0.217916666667
28 0.225 0.0 0.2
29 0.235 0.0 0.18125
30 0.245 0.0 0.166916666667
31 0.255 0.0 0.15
32 0.26 0.0 0.133666666667
33 0.26 0.0 0.11875
34 0.26 0.0 0.10625
35 0.26 0.0 0.0875
36 0.26 0.0 0.06875
37 0.26 0.0 0.05625
38 0.26 0.0 0.04375
39 0.26 0.0 0.025
40 0.26 0.0 0.00625
41 0.26 0.0 0.0
42 0.26 0.0 0.0
43 0.26 0.0 0.0
44 0.26 0.0 0.0
45 0.26 0.0 0.0
46 0.26 0.0 0.0
47 0.26 0.0 0.0
48 0.26 0.0 0.0
49 0.26 0.0 0.0
50 0.26 0.0 0.0
51 0.26 0.0 0.0
52 0.26 0.0 0.0
53 0.26 0.0 0.0
54 0.26 0.0 0.0
55 0.26 0.0 0.0
56 0.26 0.0 0.0
57 0.26 0.0 0.0
58 0.26 0.0 0.0
59 0.26 0.0 0.0
60 0.26 0.0 0.0
61 0.26 0.0 0.0
62 0.26 0.0 0.0
63 0.26 0.0 0.0
64 0.26 0.0 0.0
65 0.26 0.0 0.0
66 0.26 0.0 0.0
67 0.26 0.0 0.0
68 0.26 0.0 0.0
69 0.26 0.0 0.0
70 0.26 0.0 0.0
71 0.26 0.0 0.0
72 0.26 0.0 0.0
73 0.26 0.0 0.0
74 0.26 0.0 0.0
75 0.26 0.0 0.0
76 0.26 0.0 0.0
77 0.26 0.0 0.0
78 0.26 0.0 0.0
79 0.26 0.0 0.0
80 0.26 -0.05 0.0
81 0.26 -0.1 0.0
82 0.26 -0.1 0.0
83 0.26 -0.2 0.0
84 0.26 -0.25 0.0
85 0.26 -0.3 0.0
86 0.26 -0.3 0.0
87 0.26 -0.3 0.0
88 0.26 -0.3 0.0
89 0.26 -0.3 0.0
90 0.26 -0.3 0.0
91 0.26 -0.3 0.0
92 0.26 -0.3 0.0
93 0.26 -0.25 0.0
94 0.26 -0.2 0.0
95 0.26 -0.2 0.0
96 0.26 -0.2 0.0
97 0.26 -0.2 0.0
98 0.26 -0.2 0.0
99 0.26 -0.2 0.0
100 0.26 -0.2 0.0
101 0.26 -0.2 0.0
102 0.26 -0.2 0.0
103 0.26 -0.2 0.0
104 0.26 -0.2 0.0
105 0.26 -0.2 0.0
106 0.26 -0.2 0.0
107 0.26 -0.2 0.0
108 0.26 -0.2 0.0
109 0.26 -0.2 0.0
110 0.26 -0.2 0.0
111 0.26 -0.2 0.0
112 0.26 -0.2 0.0
113 0.26 -0.2 0.0
114 0.26 -0.2 0.0
115 0.26 -0.2 0.0
116 0.26 -0.2 0.0
117 0.26 -0.2 0.0
118 0.26 -0.2 0.0
119 0.26 -0.2 0.05
120 0.26 -0.2 0.1125
121 0.26 -0.1 0.16875
122 0.26 -2.77555756156e-17 0.20625
123 0.26 0.05 0.20625
124 0.26 0.1 0.18125
125 0.26 0.2 0.12725
126 0.26 0.2 0.03125
127 0.26 0.2 0.0
128 0.26 0.2 0.0
129 0.26 0.2 0.0
130 0.26 0.1 0.0
131 0.26 0.1 0.0
132 0.26 0.05 0.0
133 0.26 -2.77555756156e-17 0.0
134 0.26 -2.77555756156e-17 0.0
135 0.26 -2.77555756156e-17 0.0
136 0.26 -2.77555756156e-17 0.0
137 0.26 -2.77555756156e-17 0.0
138 0.26 -2.77555756156e-17 0.0
139 0.26 -2.77555756156e-17 0.0
140 0.26 -0.1 0.0
141 0.26 -0.1 0.0
142 0.26 -0.15 0.0
143 0.26 -0.2 0.0
144 0.26 -0.2 0.0
145 0.26 -0.2 0.0
146 0.26 -0.2 0.0
147 0.26 -0.2 0.0
148 0.26 -0.2 0.0
149 0.26 -0.2 0.0
150 0.26 -0.2 0.0
151 0.26 -0.2 0.0
152 0.26 -0.2 0.0
153 0.26 -0.3 0.00175
154 0.26 -0.3 0.00491666666667
155 0.26 -0.35 0.00458333333333
156 0.26 -0.65 0.00266666666667
157 0.26 -0.75 0.0
158 0.26 -0.85 0.0
159 0.0 0.0 0.0
160 0.0 0.0 0.0
161 0.005 0.0 0.0689166666667
162 0.01 0.0 0.375
163 0.01 0.0 0.28125
164 0.035 0.0 0.11875
165 0.06 0.0 0.125
166 0.085 0.0 0.13125
167 0.115 0.0 0.13125
168 0.14 0.0 0.13125
169 0.17 0.0 0.1375
170 0.2 0.0 0.1375
171 0.235 0.0 0.14375
172 0.26 0.0 0.14375
173 0.26 0.0 0.15
174 0.26 0.0 0.15
175 0.26 0.05 0.1625
176 0.26 0.1 0.16875
177 0.0 0.0 0.168916666667
178 0.0 0.0 0.18125
179 0.0 0.0 0.18125
180 0.0 0.1 0.175
181 0.0 0.1 0.175
182 0.0 0.3 0.179916666667
183 0.0 0.35 0.1625
184 0.0 0.5 0.01875
185 0.0 0.5 0.0
186 0.0 0.5 0.00625
187 0.0 0.0 0.00625
188 0.0 0.0 0.00258333333333
189 0.01 0.0 0.00575
190 0.01 0.0 0.00625
191 0.02 0.0 0.004
192 0.05 0.0 0.0
193 0.085 0.0 0.0
194 0.11 0.0 0.0
195 0.14 0.0 0.0
196 0.17 0.0 0.0
197 0.195 0.0 0.0
198 0.23 0.0 0.0
199 0.26 0.0 0.0
200 0.26 0.0 0.0
201 0.26 0.0 0.0
202 0.26 0.0 0.0
203 0.26 0.0 0.0
204 0.26 0.0 0.0
205 0.26 0.05 0.0
206 0.26 0.1 0.0
207 0.26 0.15 0.0
208 0.26 0.2 0.0
209 0.26 0.2 0.0
210 0.26 0.2 0.0
211 0.26 0.2 0.0
212 0.26 0.2 0.0
213 0.26 0.2 0.0
214 0.26 0.2 0.0
215 0.26 0.2 0.0
216 0.26 0.2 0.0
217 0.26 0.2 0.0
218 0.26 0.15 0.0
219 0.26 0.1 0.0
220 0.26 0.0 0.0
221 0.26 -0.05 0.0
222 0.26 -0.1 0.0
223 0.26 -0.1 0.0
224 0.26 -0.1 0.0
225 0.26 -0.1 0.0
226 0.26 -0.1 0.0
227 0.26 -0.1 0.0
228 0.26 -0.1 0.0
229 0.26 -0.1 0.0
230 0.26 -0.1 0.0
231 0.26 -0.1 0.0
232 0.26 -0.1 0.0
233 0.26 -0.1 0.0
234 0.26 -0.1 0.0
235 0.26 -0.1 0.0
236 0.26 -0.1 0.0
237 0.26 -0.1 0.0
238 0.26 -0.1 0.0
239 0.26 -0.1 0.0
240 0.26 -0.1 0.0
241 0.26 -0.1 0.0
242 0.26 -0.1 0.0
243 0.26 -0.1 0.0
244 0.26 -0.1 0.0
245 0.26 -0.1 0.0
246 0.26 -0.1 0.0
247 0.26 -0.1 0.0
248 0.26 -0.1 0.0
249 0.26 -0.1 0.0
250 0.26 -0.1 0.0
251 0.26 -0.1 0.0
252 0.26 -0.1 0.0
253 0.26 -0.1 0.0
254 0.26 -0.1 0.0
255 0.26 -0.1 0.0
256 0.26 -0.1 0.0
257 0.26 -0.1 0.0
258 0.26 -0.1 0.0
259 0.26 -0.2 0.0
260 0.26 -0.25 0.0
261 0.26 -0.35 0.0
262 0.26 -0.45 0.0
263 0.26 -0.55 0.0
264 0.26 -0.6 0.0
265 0.26 -0.7 0.11875
266 0.26 -0.7 0.190833333333
267 0.26 -0.7 0.362583333333
268 0.26 -0.7 0.531333333333
269 0.26 -0.7 0.588166666667
270 0.0 0.0 0.624416666667
271 0.0 0.0 0.467916666667
272 0.005 0.0 0.3545
273 0.01 0.0 0.292
274 0.01 0.0 0.291916666667
275 0.035 0.0 0.291583333333
276 0.06 0.0 0.291333333333
277 0.09 0.0 0.290333333333
278 0.115 0.0 0.275166666667
279 0.145 0.0 0.254
280 0.18 0.0 0.251833333333
281 0.205 0.0 0.25775
282 0.235 0.0 0.243666666667
283 0.26 0.0 0.238
284 0.26 0.0 0.226833333333
285 0.26 0.0 0.205333333333
286 0.26 0.0 0.165916666667
287 0.26 0.0 0.126583333333
288 0.26 0.0 0.0809166666667
289 0.26 0.0 0.0669166666667
290 0.26 0.0 0.0594166666667
291 0.26 0.0 0.0505833333333
292 0.26 0.0 0.0436666666667
293 0.26 0.0 0.0380833333333
294 0.26 0.0 0.0345833333333
295 0.26 0.0 0.03025
296 0.26 0.0 0.02725
297 0.26 0.0 0.0224166666667
298 0.26 0.0 0.0173333333333
299 0.26 0.0 0.0144166666667
300 0.26 0.0 0.0116666666667
301 0.26 0.0 0.00816666666667
302 0.26 0.0 0.00575
