0 0.26 0.0 0.0
1 0.26 0.0 0.0
2 0.26 0.0 0.0
3 0.26 0.0 0.0
4 0.26 0.1 0.0
5 0.26 0.1 0.0
6 0.26 0.2 0.0
7 0.26 0.2 0.0
8 0.26 0.25 0.0
9 0.26 0.3 0.0625
10 0.26 0.3 0.14375
11 0.26 0.3 0.225
12 0.26 0.3 0.30625
13 0.26 0.3 0.3875
14 0.26 0.3 0.46875
15 0.26 0.3 0.55625
16 0.26 0.3 0.6375
17 0.26 0.3 0.65925
18 0.26 0.3 0.60625
19 0.26 0.3 0.525
20 0.0 0.0 0.44375
21 0.0 0.0 0.4
22 0.0 0.0 0.413583333333
23 0.005 0.0 0.4125
24 0.01 0.0 0.4125
25 0.01 0.0 0.4125
26 0.01 0.0 0.4125
27 0.04 0.0 0.40875
28 0.065 0.0 0.40625
29 0.095 0.0 0.403166666667
30 0.125 0.0 0.4
31 0.15 0.0 0.39375
32 0.18 0.0 0.39675
33 0.21 0.0 0.37475
34 0.235 0.0 0.36925
35 0.26 0.0 0.354666666667
36 0.26 0.0 0.32875
37 0.26 0.0 0.303833333333
38 0.26 0.0 0.289083333333
39 0.26 0.0 0.264916666667
40 0.26 0.0 0.245666666667
41 0.26 0.0 0.222333333333
42 0.26 0.0 0.20825
43 0.26 0.0 0.1945
44 0.26 0.0 0.168666666667
45 0.26 0.0 0.132583333333
46 0.26 0.0 0.108166666667
47 0.26 0.0 0.0893333333333
48 0.26 0.0 0.0865
49 0.26 0.0 0.0681666666667
50 0.26 0.0 0.0546666666667
51 0.26 0.0 0.04125
52 0.26 0.0 0.0275833333333
53 0.26 0.0 0.0160833333333
54 0.26 0.0 0.00116666666667
55 0.26 0.0 0.000416666666667
56 0.26 0.0 0.0
57 0.26 0.0 0.0
58 0.26 0.0 0.0
59 0.26 0.0 0.0
60 0.26 0.0 0.0
61 0.26 0.0 0.0
62 0.26 0.0 0.0
63 0.26 0.0 0.0
64 0.26 0.0 0.0
65 0.26 0.0 0.0
66 0.26 0.0 0.0
67 0.26 0.0 0.0
68 0.26 0.0 0.0
69 0.26 0.0 0.0
70 0.26 0.0 0.0
71 0.26 0.0 0.0
72 0.26 0.0 0.0
73 0.26 0.0 0.0
74 0.26 0.0 0.0
75 0.26 0.0 0.0
76 0.26 0.0 0.0
77 0.26 0.0 0.0
78 0.26 0.0 0.0
79 0.26 0.0 0.0
80 0.26 0.0 0.0
81 0.26 0.0 0.0
82 0.26 0.0 0.0
83 0.26 0.0 0.0
84 0.26 0.0 0.0
85 0.26 0.0 0.0
86 0.26 0.0 0.0
87 0.26 -0.05 0.0
88 0.26 -0.1 0.0
89 0.26 -0.1 0.0
90 0.26 -0.1 0.0
91 0.26 -0.1 0.0
92 0.26 -0.1 0.0
93 0.26 -0.1 0.0
94 0.26 -0.1 0.0
95 0.26 -0.1 0.0
96 0.26 -0.1 0.0
97 0.26 -0.1 0.0
98 0.26 -0.1 0.0
99 0.26 -0.1 0.0
100 0.26 -0.1 0.0
101 0.26 -0.1 0.0
102 0.26 -0.1 0.0
103 0.26 -0.1 0.0
104 0.26 -0.1 0.0
105 0.26 -0.1 0.0
106 0.26 -0.15 0.0
107 0.26 -0.2 0.0
108 0.26 -0.2 0.0
109 0.26 -0.2 0.0
110 0.26 -0.2 0.0
111 0.26 -0.2 0.0
112 0.26 -0.2 0.0
113 0.26 -0.2 0.0
114 0.26 -0.2 0.0
115 0.26 -0.2 0.0
116 0.26 -0.2 0.0
117 0.26 -0.2 0.0
118 0.26 -0.2 0.0
119 0.26 -0.2 0.0
120 0.0 0.0 0.0
121 0.0 0.0 0.0
122 0.0 0.0 0.0
123 0.005 0.0 0.0
124 0.01 0.0 0.0
125 0.01 0.0 0.0
126 0.025 0.0 0.0
127 0.055 0.0 0.0
128 0.08 0.0 0.0
129 0.105 0.0 0.0
130 0.135 0.0 0.0
131 0.16 0.0 0.0
132 0.19 0.0 0.0
133 0.215 0.0 0.0
134 0.245 0.0 0.0
135 0.26 0.0 0.0
136 0.26 0.0 0.0
137 0.26 0.0 0.0
138 0.26 0.0 0.0
139 0.26 0.0 0.0
140 0.26 0.0 0.0
141 0.26 0.0 0.0
142 0.26 0.0 0.0
143 0.26 0.0 0.0
144 0.26 0.0 0.0
145 0.26 0.0 0.0
146 0.26 0.0 0.0
147 0.26 0.0 0.0
148 0.26 -0.05 0.0
149 0.26 -0.1 0.0
150 0.26 -0.1 0.0
151 0.26 -0.1 0.0
152 0.26 -0.1 0.0
153 0.26 -0.1 0.0
154 0.26 -0.1 0.0
155 0.26 -0.15 0.0
156 0.26 -0.2 0.0
157 0.26 -0.2 0.0
158 0.26 -0.2 0.0
159 0.26 -0.25 0.0
160 0.26 -0.3 0.0
161 0.26 -0.3 0.0
162 0.26 -0.35 0.0
163 0.26 -0.4 0.0594166666667
164 0.26 -0.4 0.0924166666667
165 0.26 -0.4 0.102916666667
166 0.26 -0.4 0.0985833333333
167 0.26 -0.4 0.0955833333333
168 0.26 -0.4 0.0846666666667
169 0.26 -0.4 0.0840833333333
170 0.26 -0.4 0.0368333333333
171 0.0 0.0 0.00808333333333
172 0.0 0.0 0.0
173 0.0 0.0 0.0
174 0.0 0.0 0.117583333333
175 0.01 0.0 0.137333333333
176 0.01 0.0 0.132583333333
177 0.01 0.0 0.12725
178 0.035 0.0 0.12125
179 0.06 0.0 0.11
180 0.09 0.0 0.0913333333333
181 0.12 0.0 0.0961666666667
182 0.145 0.0 0.0835
183 0.175 0.0 0.0349166666667
184 0.205 0.0 0.0
185 0.23 0.0 0.0
186 0.26 0.0 0.0
187 0.26 0.0 0.0
188 0.26 0.0 0.0
189 0.26 0.0 0.0
190 0.26 0.0 0.0
191 0.26 0.0 0.0
192 0.26 0.0 0.0
193 0.26 0.0 0.0
194 0.26 0.0 0.0
195 0.26 0.0 0.0
196 0.26 0.0 0.0
197 0.26 0.0 0.0
198 0.26 0.0 0.0
199 0.26 0.0 0.0
200 0.26 0.0 0.0
201 0.26 0.0 0.0
202 0.26 0.0 0.0
203 0.26 0.0 0.0
204 0.26 0.0 0.0
205 0.26 0.0 0.0
206 0.26 0.0 0.0
207 0.26 0.0 0.0
208 0.26 0.0 0.0
209 0.26 0.0 0.0
210 0.26 0.0 0.0
211 0.26 0.0 0.0
212 0.26 0.0 0.0
213 0.26 0.0 0.0
214 0.26 0.0 0.0
215 0.26 0.0 0.0
216 0.26 0.0 0.0
217 0.26 0.0 0.0
218 0.26 0.0 0.0
219 0.26 0.0 0.0
220 0.26 0.0 0.0
221 0.26 0.0 0.0
222 0.26 0.0 0.0
223 0.26 0.0 0.0
224 0.26 0.0 0.0
225 0.26 0.0 0.0
226 0.26 0.0 0.0
227 0.26 0.0 0.0
228 0.26 0.0 0.0
229 0.26 0.0 0.0
230 0.26 0.0 0.0
231 0.26 0.0 0.0
232 0.26 0.0 0.0
233 0.26 0.0 0.0
234 0.26 0.0 0.0
235 0.26 -0.05 0.0
236 0.26 -0.1 0.0
237 0.26 -0.1 0.0
238 0.26 -0.1 0.0
239 0.26 -0.1 0.0
240 0.26 -0.1 0.0
241 0.26 -0.1 0.0
242 0.26 -0.1 0.0
243 0.26 -0.2 0.0
244 0.26 -0.2 0.0
245 0.26 -0.2 0.0
246 0.26 -0.2 0.0
247 0.26 -0.2 0.0
248 0.26 -0.25 0.0
249 0.26 -0.3 0.0
250 0.26 -0.3 0.0
251 0.26 -0.3 0.0
252 0.26 -0.3 0.0
253 0.26 -0.3 0.0
254 0.26 -0.3 0.0
255 0.26 -0.3 0.0
256 0.26 -0.3 0.0
257 0.26 -0.3 0.0
258 0.26 -0.3 0.0
259 0.26 -0.3 0.0
260 0.26 -0.3 0.0
261 0.26 -0.3 0.075
262 0.26 -0.3 0.15625
263 0.26 -0.3 0.171333333333
264 0.26 -0.3 0.167166666667
265 0.26 -0.3 0.188416666667
266 0.26 -0.3 0.25025
267 0.26 -0.3 0.336166666667
268 0.26 -0.3 0.409666666667
269 0.26 -0.3 0.496916666667
270 0.26 -0.3 0.534583333333
271 0.0 0.0 0.5335
272 0.0 0.0 0.576416666667
273 0.0 0.0 0.5395
274 0.0 0.0 0.52125
275 0.005 0.0 0.5275
276 0.01 0.0 0.5275
277 0.01 0.0 0.524583333333
278 0.02 0.0 0.527
279 0.045 0.0 0.527083333333
280 0.07 0.0 0.527333333333
281 0.1 0.0 0.52125
282 0.13 0.0 0.52675
283 0.155 0.0 0.521
284 0.185 0.0 0.5205
285 0.21 0.0 0.51825
286 0.22 0.0 0.52
287 0.23 0.0 0.513916666667
288 0.235 0.0 0.513416666667
289 0.245 0.0 0.507166666667
290 0.255 0.0 0.504
291 0.26 0.0 0.50075
292 0.26 0.0 0.500333333333
293 0.26 0.0 0.494083333333
294 0.26 0.0 0.487833333333
295 0.26 0.0 0.481416666667
296 0.26 0.0 0.485666666667
297 0.26 0.0 0.479083333333
298 0.26 0.0 0.47325
299 0.26 0.0 0.475
300 0.26 0.0 0.475
301 0.26 0.0 0.475
302 0.26 0.0 0.48125
303 0.26 0.0 0.340166666667
304 0.26 0.0 0.0
305 0.26 0.0 0.0
306 0.26 0.0 0.0
307 0.26 0.0 0.0
308 0.26 0.0 0.0
309 0.26 0.0 0.0
310 0.26 0.0 0.0
311 0.26 0.0 0.0
312 0.26 0.0 0.0
313 0.26 0.0 0.0
314 0.26 0.0 0.0
315 0.26 0.0 0.0
316 0.26 0.0 0.0
317 0.26 0.0 0.0
318 0.26 0.0 0.0
319 0.26 0.0 0.0
320 0.26 0.0 0.0
321 0.26 0.0 0.0
322 0.26 0.0 0.0
323 0.26 0.0 0.0
324 0.26 0.0 0.0
325 0.26 0.0 0.0
326 0.26 0.0 0.0
327 0.26 0.0 0.0
328 0.26 0.0 0.0
329 0.26 0.0 0.0
330 0.26 0.0 0.0
331 0.26 0.0 0.0
332 0.26 0.0 0.0
333 0.26 0.0 0.0
334 0.26 0.0 0.0
335 0.26 0.0 0.0
336 0.26 0.0 0.0
337 0.26 0.0 0.0
338 0.26 0.0 0.0
339 0.26 0.0 0.0
340 0.26 0.0 0.0
341 0.26 0.0 0.0
342 0.26 0.0 0.0
343 0.26 0.0 0.0
344 0.26 0.0 0.0
345 0.26 0.0 0.0
346 0.26 0.0 0.0
347 0.26 0.0 0.0
348 0.26 0.0 0.0
349 0.26 0.0 0.0
350 0.26 0.0 0.0
351 0.26 0.0 0.0
352 0.26 0.0 0.0
353 0.26 0.0 0.0
354 0.26 0.0 0.0
355 0.26 0.0 0.0
356 0.26 0.0 0.0
357 0.26 0.0 0.0
358 0.26 0.0 0.0
