0 0.26 0.0 0.0
1 0.26 0.05 0.0
2 0.26 0.1 0.0
3 0.26 0.2 0.0
4 0.26 0.25 0.0
5 0.26 0.3 0.0
6 0.26 0.4 0.01875
7 0.26 0.4 0.1125
8 0.26 0.4 0.21875
9 0.26 0.4 0.35625
10 0.26 0.4 0.4625
11 0.26 0.4 0.6125
12 0.26 0.4 0.67725
13 0.26 0.4 0.54375
14 0.0 0.0 0.425
15 0.0 0.0 0.36875
16 0.0 0.0 0.45625
17 0.01 0.0 0.46375
18 0.01 0.0 0.466666666667
19 0.035 0.0 0.468166666667
20 0.06 0.0 0.4625
21 0.09 0.0 0.45
22 0.12 0.0 0.41875
23 0.15 0.0 0.40625
24 0.18 0.0 0.36875
25 0.2 0.0 0.38125
26 0.235 0.0 0.375
27 0.26 0.0 0.350916666667
28 0.26 0.0 0.3305
29 0.26 0.0 0.3005
30 0.26 0.0 0.282333333333
31 0.26 0.0 0.253083333333
32 0.26 0.0 0.234416666667
33 0.26 0.0 0.204083333333
34 0.26 0.0 0.186833333333
35 0.26 0.0 0.168333333333
36 0.26 0.0 0.149833333333
37 0.26 0.0 0.126
38 0.26 0.0 0.106666666667
39 0.26 0.0 0.0935833333333
40 0.26 0.0 0.0745
41 0.26 0.0 0.0603333333333
42 0.26 0.0 0.0465
43 0.26 0.0 0.0273333333333
44 0.26 0.0 0.0130833333333
45 0.26 0.0 0.000833333333333
46 0.26 0.0 0.000166666666667
47 0.26 0.0 0.0
48 0.26 0.0 0.0
49 0.26 0.0 0.0
50 0.26 0.0 0.0
51 0.26 0.0 0.0
52 0.26 0.0 0.0
53 0.26 0.0 0.0
54 0.26 0.0 0.0
55 0.26 0.0 0.0
56 0.26 0.0 0.0
57 0.26 0.0 0.0
58 0.26 0.0 0.0
59 0.26 0.0 0.0
60 0.26 0.0 0.0
61 0.26 0.0 0.0
62 0.26 0.0 0.0
63 0.26 0.0 0.0
64 0.26 0.0 0.0
65 0.26 0.0 0.0
66 0.26 0.0 0.0
67 0.26 0.0 0.0
68 0.26 0.0 0.0
69 0.26 0.0 0.0
70 0.26 0.0 0.0
71 0.26 0.0 0.0
72 0.26 0.0 0.0
73 0.26 0.0 0.0
74 0.26 0.0 0.0
75 0.26 0.0 0.0
76 0.26 0.0 0.0
77 0.26 0.0 0.0
78 0.26 0.0 0.0
79 0.26 0.0 0.0
80 0.26 0.0 0.0
81 0.26 0.0 0.0
82 0.26 0.0 0.0
83 0.26 -0.1 0.0
84 0.26 -0.1 0.0
85 0.26 -0.2 0.0
86 0.26 -0.2 0.0
87 0.26 -0.2 0.0
88 0.26 -0.25 0.0
89 0.26 -0.3 0.0
90 0.26 -0.3 0.0
91 0.26 -0.3 0.0
92 0.26 -0.3 0.0
93 0.26 -0.3 0.0
94 0.26 -0.3 0.0
95 0.26 -0.3 0.0
96 0.26 -0.3 0.0
97 0.26 -0.3 0.0
98 0.26 -0.3 0.0
99 0.26 -0.3 0.0
100 0.26 -0.3 0.0
101 0.26 -0.3 0.0
102 0.26 -0.3 0.0
103 0.26 -0.3 0.0
104 0.26 -0.3 0.0
105 0.26 -0.3 0.0
106 0.26 -0.3 0.0
107 0.26 -0.3 0.0
108 0.26 -0.3 0.0
109 0.26 -0.3 0.0
110 0.26 -0.3 0.0
111 0.26 -0.3 0.0
112 0.26 -0.3 0.0
113 0.26 -0.3 0.075
114 0.26 -0.3 0.15625
115 0.26 -0.3 0.25
116 0.26 -0.3 0.32625
117 0.26 -0.2 0.359
118 0.26 -0.2 0.349166666667
119 0.26 -0.2 0.341833333333
120 0.26 -0.2 0.320916666667
121 0.26 -0.1 0.319166666667
122 0.26 -0.05 0.31825
123 0.26 -2.77555756156e-17 0.338833333333
124 0.26 -2.77555756156e-17 0.318833333333
125 0.26 -2.77555756156e-17 0.30825
126 0.26 -2.77555756156e-17 0.285333333333
127 0.26 -0.05 0.267833333333
128 0.26 -0.1 0.259333333333
129 0.26 -0.15 0.274666666667
130 0.26 -0.25 0.290666666667
131 0.26 -0.3 0.294416666667
132 0.26 -0.3 0.3585
133 0.26 -0.3 0.362333333333
134 0.26 -0.3 0.299
135 0.26 -0.3 0.00491666666667
136 0.0 0.0 0.0
137 0.005 0.0 0.0
138 0.01 0.0 0.0
139 0.01 0.0 0.0
140 0.025 0.0 0.0
141 0.055 0.0 0.0
142 0.09 0.0 0.0
143 0.125 0.0 0.0
144 0.155 0.0 0.0
145 0.185 0.0 0.0
146 0.21 0.0 0.0
147 0.24 0.0 0.0
148 0.25 0.0 0.0
149 0.26 0.0 0.0
150 0.26 0.0 0.0
151 0.26 0.0 0.0
152 0.26 0.0 0.0
153 0.26 0.0 0.0
154 0.26 0.0 0.0
155 0.26 0.0 0.0
156 0.26 0.0 0.0
157 0.26 0.0 0.0
158 0.26 0.0 0.0
159 0.26 0.0 0.0
160 0.26 0.0 0.0
161 0.26 0.0 0.0
162 0.26 0.0 0.0
163 0.26 0.0 0.0
164 0.26 0.0 0.0
165 0.26 0.0 0.0
166 0.26 0.0 0.0
167 0.26 0.0 0.0
168 0.26 0.0 0.0
169 0.26 0.0 0.0
170 0.26 0.0 0.0
171 0.26 0.0 0.0
172 0.26 0.0 0.0
173 0.26 0.0 0.0
174 0.26 0.0 0.0
175 0.26 0.0 0.0
176 0.26 0.0 0.0
177 0.26 0.0 0.0
178 0.26 0.0 0.0
179 0.26 0.0 0.0
180 0.26 0.0 0.0
181 0.26 0.0 0.0
182 0.26 0.0 0.0
183 0.26 -0.1 0.0
184 0.26 -0.1 0.0
185 0.26 -0.1 0.0
186 0.26 -0.1 0.0
187 0.26 -0.1 0.0
188 0.26 -0.1 0.0
189 0.26 -0.2 0.0
190 0.26 -0.2 0.0
191 0.26 -0.2 0.0
192 0.26 -0.2 0.0
193 0.26 -0.2 0.0
194 0.26 -0.2 0.0
195 0.26 -0.2 0.0
196 0.26 -0.2 0.0
197 0.26 -0.2 0.0
198 0.26 -0.2 0.0
199 0.26 -0.2 0.0
200 0.26 -0.2 0.0
201 0.26 -0.2 0.0
202 0.26 -0.2 0.0
203 0.26 -0.2 0.0
204 0.26 -0.2 0.0
205 0.26 -0.2 0.0
206 0.26 -0.2 0.0
207 0.26 -0.2 0.0
208 0.26 -0.2 0.0
209 0.26 -0.2 0.0
210 0.26 -0.2 0.0
211 0.26 -0.2 0.0
212 0.26 -0.15 0.04925
213 0.26 -0.1 0.09375
214 0.26 -0.1 0.1005
215 0.26 -0.05 0.1
216 0.26 0.0 0.09375
217 0.26 0.0 0.0875
218 0.26 0.0 0.0829166666667
219 0.26 0.0 0.0809166666667
220 0.26 -0.05 0.075
221 0.26 -0.1 0.06875
222 0.26 -0.2 0.0625
223 0.26 -0.2 0.05625
224 0.26 -0.2 0.05625
225 0.26 -0.2 0.06875
226 0.26 -0.2 0.14375
227 0.26 -0.2 0.2
228 0.26 -0.2 0.198083333333
229 0.26 -0.1 0.09
230 0.26 -0.1 0.0
231 0.26 -0.1 0.0
232 0.26 -0.1 0.0
233 0.26 -0.1 0.0
234 0.26 -0.1 0.0
235 0.26 -0.1 0.0
236 0.26 -0.1 0.0
237 0.26 -0.1 0.0
238 0.26 -0.1 0.0
239 0.26 -0.1 0.0
240 0.26 -0.1 0.0
241 0.26 -0.1 0.0
242 0.26 -0.1 0.0
243 0.26 -0.1 0.0
244 0.26 0.0 0.0
245 0.26 0.0 0.0
246 0.26 0.0 0.0
247 0.26 0.0 0.0
248 0.26 0.0 0.0
249 0.26 0.0 0.0
250 0.26 0.0 0.0
251 0.26 0.0 0.0
252 0.26 0.0 0.0
253 0.26 0.0 0.0
254 0.26 0.0 0.0
255 0.26 0.0 0.0
256 0.26 0.0 0.0
257 0.26 0.0 0.0
258 0.26 0.0 0.0
259 0.26 0.0 0.0
260 0.26 0.0 0.0
261 0.26 0.0 0.0
262 0.26 0.0 0.0
263 0.26 0.0 0.0
264 0.26 0.0 0.0
265 0.26 0.0 0.0
266 0.26 0.0 0.0
267 0.26 0.0 0.0
268 0.26 0.0 0.0
269 0.26 0.0 0.0
270 0.26 0.0 0.0
271 0.26 0.0 0.0
272 0.26 0.0 0.0
273 0.26 0.0 0.0
274 0.26 0.0 0.0
275 0.26 0.0 0.0
276 0.26 0.0 0.0
277 0.26 0.0 0.0
278 0.26 0.0 0.0
279 0.26 0.0 0.0
280 0.26 0.0 0.0
281 0.26 0.0 0.0
282 0.26 0.0 0.0
283 0.26 0.0 0.0
284 0.26 0.0 0.0
285 0.26 0.0 0.0
286 0.26 0.0 0.0
287 0.26 0.0 0.0
288 0.26 0.0 0.0
289 0.26 0.0 0.0
290 0.26 0.0 0.0
291 0.26 0.0 0.0
292 0.26 0.0 0.0
