0 0.26 0.0 0.0641666666667
1 0.26 0.0 0.075
2 0.26 0.0 0.125
3 0.26 0.0 0.11875
4 0.26 0.0 0.10625
5 0.26 0.0 0.1
6 0.26 0.0 0.093
7 0.26 0.0 0.08125
8 0.26 0.0 0.06875
9 0.26 0.0 0.0625
10 0.26 0.0 0.05
11 0.26 0.0 0.0375
12 0.26 0.0 0.025
13 0.26 0.0 0.0125
14 0.26 -0.05 0.0
15 0.26 -0.1 0.0
16 0.26 -0.15 0.0
17 0.26 -0.2 0.0
18 0.26 -0.25 0.0
19 0.26 -0.3 0.0
20 0.26 -0.4 0.0
21 0.26 -0.4 0.0
22 0.26 -0.4 0.0
23 0.26 -0.4 0.06875
24 0.26 -0.4 0.18125
25 0.26 -0.4 0.3
26 0.26 -0.4 0.44375
27 0.26 -0.4 0.5125
28 0.26 -0.4 0.54375
29 0.0 0.0 0.48125
30 0.0 0.0 0.39375
31 0.0 0.0 0.425
32 0.005 0.0 0.43125
33 0.01 0.0 0.43125
34 0.01 0.0 0.43125
35 0.015 0.0 0.425
36 0.04 0.0 0.425
37 0.065 0.0 0.425
38 0.095 0.0 0.425
39 0.12 0.0 0.41875
40 0.145 0.0 0.43125
41 0.17 0.0 0.44375
42 0.2 0.0 0.4375
43 0.225 0.0 0.45
44 0.25 0.0 0.4375
45 0.26 0.0 0.44375
46 0.26 0.0 0.4375
47 0.26 0.0 0.4375
48 0.26 0.0 0.4375
49 0.26 0.0 0.436416666667
50 0.26 0.0 0.4375
51 0.26 0.0 0.425
52 0.26 0.0 0.4125
53 0.26 0.0 0.396583333333
54 0.26 0.0 0.38125
55 0.26 0.0 0.36875
56 0.26 0.0 0.35625
57 0.26 0.0 0.34375
58 0.26 0.0 0.33125
59 0.26 0.05 0.31875
60 0.26 0.1 0.31875
61 0.26 0.15 0.3375
62 0.26 0.2 0.375
63 0.26 0.2 0.41875
64 0.26 0.2 0.4625
65 0.26 0.3 0.507916666667
66 0.26 0.3 0.575
67 0.26 0.3 0.64375
68 0.26 0.3 0.7125
69 0.26 0.3 0.75
70 0.26 0.3 0.75
71 0.26 0.3 0.75
72 0.26 0.3 0.75
73 0.26 0.3 0.75
74 0.26 0.3 0.75
75 0.0 0.0 0.75
76 0.0 0.0 0.75
77 0.0 0.0 0.75
78 0.0 0.0 0.75
79 0.01 0.0 0.75
80 0.01 0.0 0.75
81 0.01 0.1 0.75
82 0.01 0.1 0.75
83 0.01 0.1 0.75
84 0.01 0.3 0.75
85 0.01 0.5 0.75
86 0.01 0.6 0.75
87 0.0 0.0 0.75
88 0.0 0.0 0.75
89 0.005 0.0 0.75
90 0.01 0.0 0.75
91 0.01 0.0 0.75
92 0.025 0.0 0.75
93 0.05 0.0 0.75
94 0.08 0.0 0.75
95 0.105 0.0 0.75
96 0.13 0.0 0.75
97 0.14 0.0 0.75
98 0.15 0.0 0.75
99 0.155 0.0 0.75
100 0.165 0.0 0.75
101 0.17 0.0 0.75
102 0.18 0.0 0.75
103 0.19 0.0 0.75
104 0.195 0.0 0.75
105 0.205 0.0 0.75
106 0.21 0.0 0.75
107 0.22 0.0 0.75
108 0.23 0.0 0.75
109 0.235 0.0 0.75
