0 0.26 0.1 0.0
1 0.26 0.1 0.0
2 0.26 0.1 0.0
3 0.26 0.1 0.0
4 0.26 0.1 0.0
5 0.26 0.1 0.0
6 0.26 0.1 0.0
7 0.26 0.1 0.0
8 0.26 0.1 0.0
9 0.26 0.1 0.0
10 0.26 0.1 0.0
11 0.26 0.1 0.0
12 0.26 0.1 0.0
13 0.26 0.15 0.0
14 0.26 0.2 0.0
15 0.26 0.2 0.0
16 0.26 0.2 0.0
17 0.26 0.2 0.0
18 0.26 0.15 0.0
19 0.26 0.05 0.0
20 0.26 1.38777878078e-17 0.0
21 0.26 0.0 0.0
22 0.26 0.0 0.0
23 0.26 0.0 0.0
24 0.26 0.0 0.0
25 0.26 0.0 0.0
26 0.26 0.0 0.0
27 0.26 0.0 0.0
28 0.26 0.0 0.0
29 0.26 0.0 0.0
30 0.26 0.0 0.0
31 0.26 0.0 0.0
32 0.26 0.0 0.0
33 0.26 0.0 0.0
34 0.26 0.0 0.0
35 0.26 0.0 0.0
36 0.26 0.0 0.0
37 0.26 0.0 0.0
38 0.26 0.0 0.0
39 0.26 0.0 0.0
40 0.26 0.0 0.0
41 0.26 0.0 0.0
42 0.26 0.0 0.0
43 0.26 0.0 0.0
44 0.26 0.0 0.0
45 0.26 0.0 0.0
46 0.26 0.0 0.0
47 0.26 0.0 0.0
48 0.26 0.0 0.0
49 0.26 0.0 0.0
50 0.26 0.0 0.0
51 0.26 0.05 0.0
52 0.26 0.1 0.0
53 0.26 0.1 0.0
54 0.26 0.1 0.0
55 0.26 0.15 0.0
56 0.26 0.2 0.0
57 0.26 0.2 0.0
58 0.26 0.2 0.0
59 0.26 0.2 0.0
60 0.26 0.25 0.0
61 0.26 0.4 0.0
62 0.26 0.45 0.0
63 0.26 0.5 0.0
64 0.26 0.55 0.0
65 0.26 0.6 0.0
66 0.26 0.65 0.0
67 0.26 0.7 0.0
68 0.26 0.7 0.0
69 0.26 0.7 0.0875
70 0.26 0.7 0.2
71 0.26 0.7 0.31875
72 0.26 0.7 0.4375
73 0.0 0.0 0.50625
74 0.0 0.0 0.5125
75 0.0 0.0 0.49375
76 0.0 0.0 0.43125
77 0.005 0.0 0.425
78 0.01 0.0 0.425
79 0.01 0.0 0.425
80 0.01 0.0 0.425
81 0.01 0.0 0.425
82 0.015 0.0 0.425
83 0.035 0.0 0.425
84 0.05 0.0 0.425
85 0.065 0.0 0.43125
86 0.08 0.0 0.43125
87 0.095 0.0 0.43125
88 0.11 0.0 0.43125
89 0.125 0.0 0.43125
90 0.145 0.0 0.425
91 0.16 0.0 0.41875
92 0.175 0.0 0.425
93 0.19 0.0 0.4375
94 0.205 0.0 0.44375
95 0.225 0.0 0.44375
96 0.24 0.0 0.44375
97 0.255 0.0 0.45
98 0.26 0.0 0.45625
99 0.26 0.0 0.465583333333
100 0.26 0.0 0.46875
101 0.26 0.0 0.47025
102 0.26 0.0 0.475
103 0.26 0.0 0.48125
104 0.26 0.0 0.4875
105 0.26 0.0 0.49375
106 0.26 0.0 0.49375
107 0.26 0.0 0.50625
108 0.26 0.0 0.50625
109 0.26 0.0 0.5125
110 0.26 0.0 0.51875
111 0.26 0.0 0.525
112 0.26 0.0 0.53125
113 0.26 0.0 0.5375
114 0.26 0.0 0.54375
115 0.26 0.0 0.55625
116 0.26 0.0 0.5625
117 0.26 0.0 0.56875
118 0.26 -0.05 0.58125
119 0.26 -0.1 0.5875
120 0.26 -0.1 0.6125
121 0.26 -0.1 0.64375
122 0.26 -0.1 0.675
123 0.26 -0.15 0.70625
124 0.26 -0.3 0.7375
125 0.26 -0.5 0.75
126 0.26 -0.65 0.75
127 0.26 -0.85 0.75
128 0.26 -1.0 0.75
129 0.26 -1.05 0.75
130 0.26 -1.1 0.75
131 0.26 -1.1 0.75
132 0.0 0.0 0.75
133 0.0 0.0 0.75
134 0.0 0.0 0.75
135 0.0 0.0 0.75
136 0.0 0.0 0.75
137 0.005 0.0 0.75
138 0.01 0.0 0.75
139 0.01 0.0 0.75
140 0.01 0.0 0.75
141 0.01 0.0 0.75
142 0.025 0.0 0.75
143 0.04 0.0 0.75
144 0.055 0.0 0.75
145 0.075 0.0 0.75
146 0.09 0.0 0.75
147 0.105 0.0 0.75
148 0.12 0.0 0.75
149 0.135 0.0 0.75
150 0.155 0.0 0.75
151 0.17 0.0 0.75
152 0.19 0.0 0.75
153 0.205 0.0 0.75
154 0.22 0.0 0.75
155 0.235 0.0 0.75
156 0.25 0.0 0.75
157 0.26 0.0 0.75
158 0.26 0.0 0.75
159 0.26 0.0 0.75
160 0.26 0.0 0.75
161 0.26 0.0 0.75
162 0.26 0.0 0.75
163 0.26 0.0 0.75
164 0.26 0.0 0.75
165 0.26 0.0 0.75
166 0.26 0.0 0.75
167 0.26 0.0 0.75
168 0.26 0.0 0.75
169 0.26 0.0 0.75
170 0.26 0.0 0.75
171 0.26 0.0 0.75
172 0.26 0.0 0.75
173 0.26 0.0 0.75
174 0.26 0.0 0.75
175 0.26 0.0 0.75
176 0.26 0.0 0.75
177 0.26 0.0 0.75
178 0.26 0.0 0.75
179 0.26 0.0 0.75
180 0.26 0.0 0.75
