0 0.26 0.0 0.0633333333333
1 0.26 0.0 0.0625
2 0.26 0.0 0.0625
3 0.26 0.0 0.05
4 0.26 0.0 0.04375
5 0.26 0.0 0.03125
6 0.26 0.0 0.01875
7 0.26 0.0 0.01125
8 0.26 0.0 0.0
9 0.26 0.0 0.0
10 0.26 0.0 0.0
11 0.26 0.1 0.0
12 0.26 0.15 0.0
13 0.26 0.2 0.0
14 0.26 0.25 0.04375
15 0.26 0.3 0.09375
16 0.26 0.3 0.1625
17 0.26 0.4 0.24375
18 0.26 0.4 0.34375
19 0.26 0.4 0.45625
20 0.26 0.4 0.56875
21 0.26 0.4 0.6875
22 0.26 0.4 0.65
23 0.26 0.4 0.5375
24 0.26 0.4 0.43125
25 0.26 0.4 0.325
26 0.26 0.4 0.21875
27 0.26 0.4 0.10625
28 0.0 0.0 0.0
29 0.0 0.0 0.00625
30 0.0 0.0 0.13125
31 0.005 0.0 0.23125
32 0.01 0.0 0.24375
33 0.01 0.0 0.24375
34 0.015 0.0 0.2375
35 0.045 0.0 0.2375
36 0.07 0.0 0.2375
37 0.095 0.0 0.23125
38 0.12 0.0 0.2375
39 0.15 0.0 0.25625
40 0.175 0.0 0.25625
41 0.2 0.0 0.25
42 0.23 0.0 0.24375
43 0.26 0.0 0.25625
44 0.26 0.0 0.25
45 0.26 0.0 0.25
46 0.26 0.0 0.25
47 0.26 0.0 0.25
48 0.26 0.0 0.24375
49 0.26 0.0 0.23125
50 0.26 0.0 0.21875
51 0.26 0.0 0.2
52 0.26 0.0 0.1875
53 0.26 0.0 0.175
54 0.26 0.0 0.1625
55 0.26 0.0 0.15
56 0.26 -0.05 0.1375
57 0.26 -0.1 0.138333333333
58 0.26 -0.15 0.15625
59 0.26 -0.2 0.18125
60 0.26 -0.25 0.23125
61 0.26 -0.3 0.278083333333
62 0.26 -0.3 0.34375
63 0.26 -0.3 0.4125
64 0.26 -0.3 0.476416666667
65 0.26 -0.3 0.562
66 0.26 -0.3 0.63125
67 0.26 -0.3 0.69375
68 0.26 -0.3 0.75
69 0.26 -0.3 0.75
70 0.26 -0.3 0.75
71 0.26 -0.3 0.75
72 0.26 -0.3 0.75
73 0.26 -0.3 0.75
74 0.0 0.0 0.75
75 0.0 0.0 0.75
76 0.0 0.0 0.75
77 0.005 0.0 0.75
78 0.01 0.0 0.6875
79 0.01 0.0 0.60625
80 0.01 -0.1 0.575
81 0.01 -0.1 0.59375
82 0.01 -0.1 0.61875
83 0.01 -0.3 0.64425
84 0.01 -0.6 0.69375
85 0.01 -0.7 0.75
86 0.0 0.0 0.75
87 0.0 0.0 0.75
88 0.0 0.0 0.75
89 0.01 0.0 0.75
90 0.01 0.0 0.75
91 0.01 0.0 0.75
92 0.035 0.0 0.75
93 0.06 0.0 0.75
94 0.09 0.0 0.75
95 0.115 0.0 0.75
96 0.145 0.0 0.75
97 0.175 0.0 0.75
98 0.2 0.0 0.75
99 0.225 0.0 0.75
100 0.255 0.0 0.75
101 0.26 0.0 0.75
102 0.26 0.0 0.75
103 0.26 0.0 0.75
104 0.26 0.0 0.75
105 0.26 0.0 0.75
106 0.26 0.0 0.75
107 0.26 0.0 0.75
108 0.26 0.0 0.75
