0 0.26 0.0 0.0
1 0.26 0.0 0.0
2 0.26 0.0 0.0
3 0.26 0.0 0.0
4 0.26 0.0 0.0
5 0.26 0.0 0.0
6 0.26 0.0 0.0
7 0.26 0.0 0.0
8 0.26 0.0 0.0
9 0.26 0.0 0.0
10 0.26 0.0 0.0
11 0.26 0.0 0.0
12 0.26 0.0 0.0
13 0.26 0.0 0.0
14 0.26 -0.1 0.0
15 0.26 -0.15 0.0
16 0.26 -0.25 0.0
17 0.26 -0.3 0.0
18 0.26 -0.4 0.0
19 0.26 -0.5 0.0
20 0.26 -0.55 0.0
21 0.26 -0.6 0.0
22 0.26 -0.6 0.0550833333333
23 0.26 -0.6 0.0625
24 0.26 -0.6 0.075
25 0.26 -0.6 0.0875
26 0.0 0.0 0.0
27 0.0 0.0 0.0
28 0.0 0.0 0.0
29 0.0 0.0 0.04375
30 0.0 0.0 0.1685
31 0.0 -0.05 0.19375
32 0.0 -0.1 0.19375
33 0.0 -0.1 0.19375
34 0.0 -0.15 0.188666666667
35 0.0 -0.4 0.15625
36 0.0 -0.7 0.05
37 0.0 -0.9 0.0
38 0.0 -0.95 0.0
39 0.0 0.0 0.0
40 0.0 0.0 0.0
41 0.005 0.0 0.0
42 0.01 0.0 0.0
43 0.01 0.0 0.0
44 0.015 0.0 0.0
45 0.045 0.0 0.0
46 0.075 0.0 0.0
47 0.105 0.0 0.0
48 0.13 0.0 0.0
49 0.16 0.0 0.0
50 0.19 0.0 0.0
51 0.215 0.0 0.0
52 0.22 0.0 0.0
53 0.23 0.0 0.0
54 0.24 0.0 0.0
55 0.245 0.0 0.0
56 0.255 0.0 0.0
57 0.26 0.0 0.0
58 0.26 0.0 0.0
59 0.26 0.0 0.0
60 0.26 0.0 0.0
61 0.26 0.1 0.0
62 0.26 0.2 0.0
63 0.26 0.2 0.0
64 0.26 0.2 0.0
65 0.26 0.45 0.0
66 0.26 0.6 0.0
67 0.26 0.7 0.0
68 0.26 0.75 0.0
69 0.26 0.85 0.0
70 0.26 0.9 0.0
71 0.26 0.9 0.18125
72 0.26 0.9 0.325
73 0.0 0.0 0.3125
74 0.0 0.0 0.08125
75 0.0 0.0 0.11875
76 0.0 0.0 0.25
77 0.0 0.0 0.29375
78 0.01 0.0 0.2875
79 0.01 0.0 0.2875
80 0.01 0.0 0.2875
81 0.035 0.0 0.28125
82 0.065 0.0 0.28125
83 0.095 0.0 0.3125
84 0.125 0.0 0.3375
85 0.155 0.0 0.34375
86 0.18 0.0 0.3375
87 0.21 0.0 0.33125
88 0.24 0.0 0.325
89 0.26 0.0 0.34375
90 0.26 0.0 0.3375
91 0.26 0.0 0.3375
92 0.26 0.0 0.33125
93 0.26 0.0 0.33125
94 0.26 0.0 0.33125
95 0.26 0.0 0.329916666667
96 0.26 0.0 0.325
97 0.26 0.0 0.325
98 0.26 0.0 0.325
99 0.26 0.0 0.31875
100 0.26 0.0 0.31875
101 0.26 0.0 0.31875
102 0.26 0.0 0.3125
103 0.26 0.0 0.3125
104 0.26 0.0 0.30625
105 0.26 0.0 0.30625
106 0.26 0.0 0.30625
107 0.26 0.0 0.3
108 0.26 0.0 0.3
109 0.26 0.0 0.29375
110 0.26 0.0 0.29375
111 0.26 0.0 0.2875
112 0.26 0.0 0.2875
113 0.26 0.0 0.28125
114 0.26 0.0 0.28125
115 0.26 0.0 0.275
116 0.26 0.0 0.26875
117 0.26 0.0 0.26875
118 0.26 0.0 0.2625
119 0.26 0.0 0.2625
120 0.26 0.0 0.25625
121 0.26 0.0 0.25
122 0.26 0.0 0.24375
123 0.26 0.0 0.24375
124 0.26 0.0 0.2375
125 0.26 0.0 0.23125
126 0.26 0.0 0.225
127 0.26 0.0 0.225
128 0.26 0.0 0.20625
129 0.26 0.0 0.2
130 0.26 0.0 0.1875
131 0.26 0.0 0.18125
132 0.26 0.0 0.16875
133 0.26 0.0 0.1625
134 0.26 0.0 0.14375
135 0.26 0.0 0.1375
136 0.26 0.0 0.125
137 0.26 0.0 0.1125
138 0.26 0.0 0.10625
139 0.26 0.05 0.0875
140 0.26 0.1 0.08125
141 0.26 0.2 0.06875
142 0.26 0.25 0.05625
143 0.26 0.3 0.05625
144 0.26 0.35 0.05
145 0.26 0.4 0.05
146 0.26 0.5 0.05
147 0.26 0.5 0.05
148 0.26 0.5 0.0
149 0.26 0.5 0.0
150 0.26 0.5 0.0
151 0.0 0.0 0.0
152 0.0 0.0 0.0
153 0.0 0.0 0.0
154 0.01 0.0 0.0
155 0.01 0.0 0.0
156 0.015 0.0 0.0
157 0.025 0.0 0.0
158 0.03 0.0 0.0
159 0.03 -0.1 0.0
160 0.03 -0.1 0.0
161 0.03 -0.1 0.0
162 0.03 -0.4 0.0
163 0.03 -0.7 0.0
164 0.03 -0.95 0.0
165 0.03 -1.05 0.0
166 0.0 0.0 0.0
167 0.0 0.0 0.0
168 0.005 0.0 0.0
169 0.01 0.0 0.0
170 0.01 0.0 0.0
171 0.01 0.0 0.0
172 0.035 0.0 0.0
173 0.065 0.0 0.0
174 0.095 0.0 0.0
175 0.125 0.0 0.0
176 0.155 0.0 0.0
177 0.18 0.0 0.0
178 0.21 0.0 0.0
179 0.24 0.0 0.0
180 0.26 0.0 0.0
181 0.26 0.0 0.0
182 0.26 0.0 0.0
183 0.26 0.0 0.0
184 0.26 0.0 0.0
185 0.26 0.0 0.0
186 0.26 -0.05 0.0
187 0.26 -0.1 0.0
188 0.26 -0.1 0.0
189 0.26 -0.2 0.0
190 0.26 -0.5 0.0
191 0.26 -0.65 0.0
192 0.26 -0.75 0.0
193 0.26 -0.8 0.0
194 0.26 -0.9 0.0
195 0.26 -1.0 0.0875
196 0.0 0.0 0.3375
197 0.0 0.0 0.45625
198 0.0 0.0 0.31875
199 0.005 0.0 0.16875
200 0.01 0.0 0.05625
201 0.01 0.0 0.0
202 0.03 0.0 0.0
203 0.055 0.0 0.0
204 0.085 0.0 0.0
