0 0.125 0.0 0.291666666667
1 0.15 0.0 0.291666666667
2 0.175 0.0 0.291666666667
3 0.2 0.0 0.291666666667
4 0.225 0.0 0.291666666667
5 0.245 0.0 0.291666666667
6 0.26 0.0 0.291666666667
7 0.26 0.0 0.291666666667
8 0.26 0.0 0.291666666667
9 0.26 0.0 0.291666666667
10 0.26 0.0 0.291666666667
11 0.26 0.0 0.291666666667
12 0.26 0.0 0.291666666667
13 0.26 0.0 0.291666666667
14 0.26 0.0 0.291666666667
15 0.26 0.0 0.291666666667
16 0.26 0.0 0.291666666667
17 0.26 0.0 0.291666666667
18 0.26 0.0 0.291666666667
19 0.26 0.0 0.291666666667
20 0.26 0.0 0.291666666667
21 0.26 0.0 0.291666666667
22 0.26 0.0 0.236083333333
23 0.26 0.0 0.197083333333
24 0.26 -0.1 0.197416666667
25 0.26 -0.1 0.21
26 0.26 -0.1 0.218666666667
27 0.26 -0.1 0.219916666667
28 0.26 -0.1 0.218083333333
29 0.26 -0.1 0.15925
30 0.26 -0.2 0.165416666667
31 0.26 -0.2 0.17575
32 0.26 -0.2 0.202833333333
33 0.26 -0.2 0.195166666667
34 0.26 -0.2 0.239083333333
35 0.26 -0.2 0.251
36 0.26 -0.3 0.249083333333
37 0.26 -0.3 0.262333333333
38 0.26 -0.3 0.291666666667
39 0.26 -0.3 0.291666666667
40 0.26 -0.3 0.280083333333
41 0.26 -0.3 0.251
42 0.26 -0.3 0.238333333333
43 0.26 -0.3 0.233583333333
44 0.26 -0.3 0.230416666667
45 0.26 -0.3 0.2265
46 0.26 -0.3 0.266833333333
47 0.26 -0.3 0.291666666667
48 0.26 -0.3 0.291666666667
49 0.26 -0.3 0.291666666667
50 0.26 -0.25 0.291666666667
51 0.26 -0.2 0.291666666667
52 0.26 -0.2 0.291666666667
53 0.26 -0.2 0.291666666667
54 0.26 -0.2 0.291666666667
55 0.26 -0.2 0.291666666667
56 0.26 -0.2 0.291666666667
57 0.26 -0.2 0.291
58 0.26 -0.2 0.278416666667
59 0.26 -0.2 0.264
60 0.26 -0.2 0.247416666667
61 0.26 -0.2 0.236333333333
62 0.26 -0.1 0.211833333333
63 0.26 -0.1 0.172
64 0.26 -0.05 0.19025
65 0.26 -2.77555756156e-17 0.232166666667
66 0.26 -2.77555756156e-17 0.2415
67 0.26 -2.77555756156e-17 0.239916666667
68 0.26 -2.77555756156e-17 0.238083333333
69 0.26 -2.77555756156e-17 0.233833333333
70 0.26 -2.77555756156e-17 0.229833333333
71 0.26 -2.77555756156e-17 0.22625
72 0.26 -2.77555756156e-17 0.224083333333
73 0.26 -2.77555756156e-17 0.227
74 0.26 -2.77555756156e-17 0.230666666667
75 0.26 -2.77555756156e-17 0.259333333333
76 0.26 -2.77555756156e-17 0.271166666667
77 0.26 0.05 0.277916666667
78 0.26 0.1 0.291666666667
79 0.26 0.15 0.291666666667
80 0.26 0.2 0.291666666667
81 0.26 0.2 0.291666666667
82 0.26 0.3 0.291666666667
83 0.26 0.3 0.291666666667
84 0.26 0.3 0.291666666667
85 0.26 0.3 0.291666666667
86 0.26 0.3 0.291666666667
87 0.26 0.3 0.291666666667
88 0.26 0.3 0.291666666667
89 0.26 0.3 0.291666666667
90 0.26 0.3 0.291666666667
91 0.26 0.3 0.277666666667
92 0.26 0.3 0.25475
93 0.26 0.3 0.244333333333
94 0.26 0.3 0.24325
95 0.26 0.3 0.243
96 0.26 0.3 0.24225
97 0.26 0.3 0.24125
98 0.26 0.3 0.239666666667
99 0.26 0.3 0.231083333333
100 0.26 0.3 0.216
101 0.26 0.3 0.227833333333
102 0.26 0.3 0.248916666667
103 0.26 0.3 0.25525
104 0.26 0.3 0.2555
105 0.26 0.3 0.25575
106 0.26 0.3 0.255666666667
107 0.26 0.2 0.256
108 0.26 0.15 0.2575
109 0.26 0.1 0.268666666667
110 0.26 -2.77555756156e-17 0.277833333333
111 0.26 -0.1 0.28175
112 0.26 -0.15 0.278166666667
113 0.26 -0.2 0.270083333333
114 0.26 -0.2 0.261166666667
115 0.26 -0.2 0.250666666667
116 0.26 -0.2 0.247083333333
117 0.26 -0.2 0.2455
118 0.26 -0.2 0.20725
119 0.26 -0.2 0.197666666667
120 0.26 -0.2 0.212583333333
121 0.26 -0.2 0.216
122 0.26 -0.2 0.200333333333
123 0.26 -0.2 0.220583333333
124 0.26 -0.2 0.23525
125 0.26 -0.2 0.258666666667
126 0.26 -0.2 0.280916666667
127 0.26 -0.2 0.291666666667
128 0.26 -0.2 0.291666666667
129 0.26 -0.2 0.291666666667
130 0.26 -0.2 0.291666666667
131 0.26 -0.2 0.291666666667
132 0.26 -0.2 0.291666666667
133 0.26 -0.2 0.291666666667
134 0.26 -0.2 0.291666666667
135 0.26 -0.2 0.291666666667
136 0.26 -0.2 0.291666666667
137 0.26 -0.2 0.291666666667
138 0.26 -0.2 0.291666666667
139 0.26 -0.2 0.291666666667
140 0.26 -0.2 0.291666666667
141 0.26 -0.15 0.291666666667
142 0.26 -0.1 0.291666666667
143 0.26 -0.1 0.291666666667
144 0.26 -2.77555756156e-17 0.291666666667
145 0.26 -2.77555756156e-17 0.291666666667
146 0.26 -2.77555756156e-17 0.291666666667
147 0.26 -2.77555756156e-17 0.291666666667
148 0.26 -2.77555756156e-17 0.291666666667
149 0.26 -2.77555756156e-17 0.291666666667
150 0.26 -2.77555756156e-17 0.291666666667
151 0.26 -2.77555756156e-17 0.291666666667
152 0.26 -2.77555756156e-17 0.291666666667
153 0.26 -2.77555756156e-17 0.291666666667
154 0.26 -2.77555756156e-17 0.291666666667
155 0.26 -2.77555756156e-17 0.291666666667
156 0.26 0.1 0.291666666667
157 0.26 0.1 0.291666666667
158 0.26 0.1 0.291666666667
159 0.26 0.1 0.291666666667
160 0.26 0.1 0.291666666667
161 0.26 0.1 0.291666666667
162 0.26 0.1 0.291666666667
163 0.26 0.1 0.291666666667
164 0.26 0.1 0.291666666667
165 0.26 0.1 0.291666666667
166 0.26 0.1 0.291666666667
167 0.26 0.1 0.291666666667
168 0.26 0.1 0.291666666667
169 0.26 0.1 0.291666666667
170 0.26 0.1 0.291666666667
171 0.26 0.1 0.291666666667
172 0.26 0.1 0.291666666667
173 0.26 0.1 0.291666666667
174 0.26 0.1 0.291666666667
175 0.26 0.1 0.291666666667
176 0.26 0.1 0.291666666667
177 0.26 0.1 0.291666666667
178 0.26 0.2 0.291666666667
179 0.26 0.2 0.291666666667
180 0.26 0.2 0.291666666667
181 0.26 0.15 0.291666666667
182 0.26 0.1 0.291666666667
183 0.26 0.1 0.291666666667
184 0.26 0.1 0.291666666667
185 0.26 0.1 0.291666666667
186 0.26 0.1 0.291666666667
187 0.26 0.1 0.291666666667
188 0.26 -2.77555756156e-17 0.291666666667
189 0.26 -2.77555756156e-17 0.291666666667
190 0.26 -2.77555756156e-17 0.291666666667
