0 0.185 0.0 0.0
1 0.2 0.0 0.0
2 0.21 0.0 0.0
3 0.215 0.0 0.0
4 0.225 0.0 0.0
5 0.235 0.0 0.0
6 0.245 0.0 0.0
7 0.25 0.0 0.0
8 0.26 0.0 0.0
9 0.26 0.0 0.0
10 0.26 0.0 0.0
11 0.26 -0.1 0.0
12 0.26 -0.1 0.0
13 0.26 -0.2 0.0
14 0.26 -0.2 0.0
15 0.26 -0.25 0.0
16 0.26 -0.3 0.0
17 0.26 -0.35 0.0
18 0.26 -0.4 0.0
19 0.26 -0.4 0.0
20 0.26 -0.4 0.1
21 0.26 -0.4 0.11875
22 0.26 -0.4 0.13125
23 0.26 -0.4 0.1375
24 0.26 -0.4 0.15625
25 0.26 -0.4 0.16875
26 0.26 -0.4 0.0
27 0.26 -0.4 0.0
28 0.26 -0.4 0.0
29 0.0 0.0 0.0
30 0.0 0.0 0.0
31 0.0 0.0 0.0
32 0.01 0.0 0.0
33 0.01 0.0 0.0
34 0.01 0.0 0.0
35 0.04 0.0 0.0
36 0.07 0.0 0.0
37 0.095 0.0 0.0
38 0.125 0.0 0.0
39 0.155 0.0 0.0
40 0.185 0.0 0.0
41 0.205 0.0 0.0
42 0.21 0.0 0.0
43 0.22 0.0 0.0
44 0.23 0.0 0.0
45 0.235 0.0 0.0
46 0.245 0.05 0.0
47 0.255 0.1 0.0
48 0.26 0.1 0.0
49 0.26 0.15 0.0
50 0.26 0.2 0.0
51 0.26 0.2 0.0
52 0.26 0.2 0.0
53 0.26 0.2 0.0
54 0.26 0.2 0.0
55 0.26 0.2 0.0
56 0.26 0.2 0.0
57 0.26 0.2 0.0
58 0.26 0.2 0.0
59 0.26 0.2 0.0
60 0.26 0.2 0.0
61 0.26 0.2 0.0
62 0.26 0.3 0.0
63 0.26 0.3 0.0375
64 0.26 0.3 0.1375
65 0.26 0.3 0.2125
66 0.26 0.3 0.30625
67 0.26 0.3 0.3125
68 0.26 0.3 0.30625
69 0.26 0.3 0.3
70 0.26 0.3 0.29375
71 0.26 0.3 0.29375
72 0.26 0.3 0.2375
73 0.26 0.3 0.14375
74 0.26 0.3 0.06875
75 0.26 0.3 0.0
76 0.26 0.3 0.0
77 0.0 0.0 0.05
78 0.0 0.0 0.09375
79 0.005 0.0 0.1125
80 0.01 0.0 0.116083333333
81 0.01 0.0 0.11875
82 0.02 0.0 0.11875
83 0.05 0.0 0.11875
84 0.08 0.0 0.11875
85 0.11 0.0 0.11875
86 0.14 0.0 0.10625
87 0.17 0.0 0.1
88 0.2 0.0 0.10625
89 0.23 0.0 0.10625
90 0.26 0.0 0.09375
91 0.26 0.0 0.0375
92 0.26 0.0 0.01875
93 0.26 0.0 0.00625
94 0.26 0.0 0.0
95 0.26 0.0 0.0
96 0.26 0.0 0.0
97 0.26 0.0 0.0
98 0.26 0.0 0.0
99 0.26 0.0 0.0
100 0.26 0.0 0.0
101 0.26 0.0 0.0
102 0.26 0.0 0.0
103 0.26 0.0 0.0
104 0.26 0.0 0.0
105 0.26 0.0 0.0
106 0.26 0.0 0.0
107 0.26 0.0 0.0
108 0.26 0.0 0.0
109 0.26 0.0 0.0
110 0.26 0.0 0.0
111 0.26 0.0 0.0
112 0.26 0.0 0.0
113 0.26 0.0 0.0
114 0.26 0.0 0.0
115 0.26 0.0 0.0
116 0.26 0.0 0.0
117 0.26 0.0 0.0
118 0.26 0.0 0.0
119 0.26 0.0 0.0
120 0.26 0.0 0.0
121 0.26 0.1 0.0
122 0.26 0.1 0.0
123 0.26 0.1 0.0
124 0.26 0.2 0.0
125 0.26 0.2 0.0
126 0.26 0.25 0.0
127 0.26 0.3 0.0
128 0.26 0.4 0.0
129 0.26 0.5 0.0
130 0.26 0.5 0.0
131 0.26 0.5 0.0
132 0.26 0.5 0.0
133 0.26 0.5 0.0
134 0.26 0.5 0.0
135 0.0 0.0 0.0
136 0.0 0.0 0.0
137 0.0 0.0 0.0
138 0.0 0.0 0.0
139 0.01 0.0 0.0
140 0.01 0.0 0.0
141 0.01 0.0 0.0
142 0.04 0.0 0.0
143 0.07 0.0 0.0
144 0.1 0.0 0.0
145 0.125 0.0 0.0
146 0.155 0.0 0.0
147 0.185 0.0 0.0
148 0.215 0.0 0.0
149 0.245 0.0 0.0
150 0.26 0.0 0.0
151 0.26 0.0 0.0
152 0.26 0.0 0.0
153 0.26 -0.05 0.0
154 0.26 -0.1 0.0
155 0.26 -0.15 0.0
156 0.26 -0.2 0.0
157 0.26 -0.2 0.0
158 0.26 -0.2 0.0
159 0.26 -0.2 0.0
160 0.26 -0.2 0.0
161 0.26 -0.2 0.0
162 0.26 -0.2 0.0
163 0.26 -0.2 0.0
164 0.26 -0.2 0.0
165 0.26 -0.2 0.0
166 0.26 -0.2 0.0
167 0.26 -0.2 0.0
168 0.26 -0.2 0.0
169 0.26 -0.2 0.0
170 0.26 -0.2 0.0
171 0.26 -0.2 0.0
172 0.26 -0.2 0.0
173 0.26 -0.2 0.0
174 0.26 -0.2 0.0
175 0.26 -0.2 0.0
176 0.26 -0.2 0.0
177 0.26 -0.2 0.0
178 0.26 -0.2 0.0
179 0.26 -0.2 0.0
180 0.26 -0.2 0.0
181 0.26 -0.2 0.0
182 0.26 -0.2 0.0
183 0.26 -0.2 0.0
184 0.26 -0.2 0.0375
185 0.26 -0.2 0.09375
186 0.26 -0.2 0.15
187 0.26 -0.2 0.2125
188 0.26 -0.2 0.275
189 0.26 -0.2 0.3375
190 0.0 0.0 0.3875
191 0.0 0.0 0.425
192 0.0 0.0 0.43125
193 0.01 0.0 0.43125
194 0.01 0.0 0.425
195 0.015 0.0 0.425
196 0.045 0.0 0.425
