0 0.26 0.0 0.0696666666667
1 0.26 0.0 0.03125
2 0.26 0.0 0.0
3 0.26 0.0 0.0
4 0.26 0.0 0.0
5 0.26 0.0 0.0
6 0.26 0.0 0.0
7 0.26 0.0 0.0
8 0.26 0.0 0.0
9 0.26 0.0 0.0
10 0.26 0.0 0.0
11 0.26 0.0 0.0
12 0.26 0.05 0.0
13 0.26 0.1 0.0
14 0.26 0.2 0.0
15 0.26 0.2 0.0
16 0.26 0.3 0.0
17 0.26 0.35 0.0125
18 0.26 0.45 0.1
19 0.26 0.5 0.2125
20 0.26 0.5 0.375
21 0.26 0.5 0.5
22 0.26 0.5 0.64375
23 0.26 0.5 0.625
24 0.26 0.5 0.48125
25 0.26 0.5 0.34375
26 0.26 0.5 0.2
27 0.26 0.5 0.03125
28 0.0 0.0 0.0
29 0.0 0.0 0.0
30 0.0 0.0 0.0
31 0.0 0.0 0.0
32 0.005 0.0 0.0
33 0.01 0.0 0.0
34 0.01 0.0 0.0
35 0.01 0.0 0.0
36 0.04 0.0 0.0
37 0.065 0.0 0.0
38 0.09 0.0 0.0
39 0.12 0.0 0.0
40 0.145 0.0 0.0
41 0.175 0.0 0.0
42 0.2 0.0 0.0
43 0.225 0.0 0.0
44 0.255 0.0 0.0
45 0.26 0.0 0.0
46 0.26 0.0 0.0
47 0.26 0.0 0.0
48 0.26 0.0 0.0
49 0.26 0.0 0.0
50 0.26 0.0 0.0
51 0.26 0.0 0.0
52 0.26 0.0 0.0
53 0.26 0.0 0.0
54 0.26 0.0 0.0
55 0.26 0.0 0.0
56 0.26 -0.05 0.0
57 0.26 -0.1 0.0
58 0.26 -0.1 0.0
59 0.26 -0.2 0.0
60 0.26 -0.2 0.0
61 0.26 -0.25 0.0
62 0.26 -0.3 0.0
63 0.26 -0.35 0.0
64 0.26 -0.4 0.0
65 0.26 -0.5 0.0
66 0.26 -0.5 0.0
67 0.26 -0.5 0.0
68 0.26 -0.5 0.00625
69 0.26 -0.5 0.14075
70 0.26 -0.5 0.28125
71 0.26 -0.5 0.41875
72 0.26 -0.5 0.56875
73 0.26 -0.5 0.71875
74 0.26 -0.5 0.75
75 0.0 0.0 0.75
76 0.0 0.0 0.75
77 0.0 0.0 0.75
78 0.0 0.0 0.75
79 0.0 0.0 0.60625
80 0.01 0.0 0.46875
81 0.01 0.0 0.375
82 0.01 0.0 0.3
83 0.035 0.0 0.26025
84 0.065 0.0 0.25625
85 0.095 0.0 0.2625
86 0.12 0.0 0.2625
87 0.13 -0.1 0.2625
88 0.14 -0.15 0.27175
89 0.15 -0.2 0.30625
90 0.16 -0.3 0.3625
91 0.165 -0.3 0.43125
92 0.175 -0.3 0.5
93 0.185 -0.3 0.56875
94 0.19 -0.3 0.64375
95 0.2 -0.3 0.71875
96 0.205 -0.3 0.75
97 0.215 -0.3 0.75
98 0.225 -0.3 0.75
99 0.23 -0.3 0.75
100 0.0 0.0 0.75
101 0.0 0.0 0.75
102 0.0 0.0 0.75
103 0.005 0.0 0.75
104 0.01 0.0 0.75
105 0.01 0.0 0.75
106 0.02 0.0 0.75
107 0.045 0.0 0.75
108 0.07 0.0 0.75
109 0.1 0.0 0.75
