0 0.26 0.0 0.0385
1 0.26 0.0 0.0316666666667
2 0.26 0.0 0.03125
3 0.26 0.0 0.03125
4 0.26 0.0 0.025
5 0.26 0.0 0.01875
6 0.26 0.0 0.0125
7 0.26 0.0 0.00625
8 0.26 0.0 0.0
9 0.26 0.0 0.0
10 0.26 0.0 0.0
11 0.26 0.0 0.0
12 0.26 0.0 0.0
13 0.26 0.0 0.0
14 0.26 0.0 0.0
15 0.26 0.0 0.0
16 0.26 0.0 0.0
17 0.26 0.0 0.0
18 0.26 0.0 0.0
19 0.26 0.0 0.0
20 0.26 0.0 0.0
21 0.26 0.0 0.0
22 0.26 0.0 0.0
23 0.26 0.0 0.0
24 0.26 0.0 0.0
25 0.26 0.0 0.0
26 0.26 0.0 0.0
27 0.26 0.0 0.0
28 0.26 0.0 0.0
29 0.26 0.0 0.0
30 0.26 0.0 0.0
31 0.26 0.05 0.0
32 0.26 0.1 0.0
33 0.26 0.1 0.0
34 0.26 0.1 0.0
35 0.26 0.15 0.0
36 0.26 0.2 0.0
37 0.26 0.2 0.0
38 0.26 0.25 0.0
39 0.26 0.3 0.0
40 0.26 0.3 0.0
41 0.26 0.35 0.0
42 0.26 0.35 0.0
43 0.26 0.4 0.0
44 0.26 0.4 0.0
45 0.26 0.4 0.0
46 0.26 0.4 0.0
47 0.26 0.4 0.0
48 0.26 0.4 0.0
49 0.26 0.4 0.0
50 0.26 0.4 0.0
51 0.26 0.4 0.0
52 0.26 0.4 0.0
53 0.26 0.4 0.0
54 0.26 0.4 0.0
55 0.26 0.4 0.0
56 0.26 0.4 0.0
57 0.26 0.4 0.0
58 0.26 0.4 0.0
59 0.26 0.4 0.0
60 0.26 0.4 0.0
61 0.26 0.4 0.0
62 0.26 0.4 0.0
63 0.26 0.4 0.0
64 0.26 0.4 0.0
65 0.26 0.4 0.0
66 0.26 0.4 0.0
67 0.26 0.4 0.0
68 0.26 0.4 0.0
69 0.26 0.4 0.0
70 0.26 0.4 0.0
71 0.26 0.4 0.0
72 0.26 0.4 0.0
73 0.26 0.4 0.0
74 0.26 0.4 0.0
75 0.26 0.4 0.0
76 0.26 0.4 0.0
77 0.26 0.4 0.0
78 0.26 0.35 0.0
79 0.26 0.3 0.0
80 0.26 0.3 0.0
81 0.26 0.3 0.0
82 0.26 0.3 0.0
83 0.26 0.25 0.0
84 0.26 0.1 0.0
85 0.26 -0.05 0.0
86 0.26 -0.2 0.0
87 0.26 -0.35 0.0
88 0.26 -0.5 0.0
89 0.26 -0.7 0.0
90 0.26 -0.85 0.0
91 0.26 -1.0 0.0
92 0.26 -1.15 0.0
93 0.26 -1.3 0.0
94 0.26 -1.45 0.0
95 0.26 -1.6 0.0
96 0.26 -1.65 0.0
97 0.26 -1.7 0.0
98 0.26 -1.75 0.0
99 0.26 -1.8 0.0
100 0.26 -1.82 0.0
101 0.26 -1.82 0.14375
102 0.0 0.0 0.425
103 0.0 0.0 0.70625
104 0.0 0.0 0.75
105 0.0 0.0 0.75
106 0.0 0.0 0.7125
107 0.0 0.0 0.6625
108 0.0 0.0 0.6625
109 0.0 0.0 0.6625
110 0.005 0.0 0.6625
111 0.01 0.0 0.6625
112 0.01 0.0 0.6625
113 0.01 0.0 0.6625
114 0.01 0.0 0.661666666667
115 0.025 0.0 0.6575
116 0.04 0.0 0.65625
117 0.055 0.0 0.65625
118 0.07 0.0 0.6625
119 0.085 0.0 0.65
120 0.105 0.0 0.64375
121 0.12 0.0 0.65
122 0.135 0.0 0.651083333333
123 0.155 0.0 0.66875
124 0.17 0.0 0.66875
125 0.185 0.0 0.65625
126 0.2 0.0 0.58125
127 0.22 0.0 0.51875
128 0.235 0.0 0.5
129 0.25 0.0 0.5
130 0.26 0.0 0.49375
131 0.26 0.0 0.49375
132 0.26 0.0 0.49375
133 0.26 0.0 0.49375
134 0.26 0.0 0.49375
135 0.26 0.0 0.49375
136 0.26 0.0 0.49375
137 0.26 0.0 0.49375
138 0.26 0.05 0.49375
139 0.26 0.1 0.49375
140 0.26 0.1 0.5
141 0.26 0.15 0.51875
142 0.26 0.2 0.54375
143 0.26 0.2 0.575
144 0.26 0.2 0.60625
145 0.26 0.2 0.65
146 0.26 0.2 0.6875
147 0.26 0.2 0.73125
148 0.26 0.2 0.75
149 0.26 0.2 0.75
150 0.0 0.0 0.75
151 0.0 0.0 0.75
152 0.0 0.0 0.75
