0 0.26 0.0 0.0320833333333
1 0.26 0.0 0.0126666666667
2 0.26 0.0 0.0183333333333
3 0.26 0.0 0.075
4 0.26 0.0 0.1125
5 0.26 0.0 0.09375
6 0.26 0.0 0.0875
7 0.26 0.0 0.08125
8 0.26 0.0 0.075
9 0.26 0.0 0.06875
10 0.26 0.0 0.0625
11 0.26 0.0 0.05625
12 0.26 0.0 0.05
13 0.26 0.0 0.04375
14 0.26 0.0 0.0375
15 0.26 0.0 0.03125
16 0.26 0.0 0.025
17 0.26 0.0 0.0166666666667
18 0.26 0.0 0.00625
19 0.26 0.0 0.0
20 0.26 0.0 0.0
21 0.26 0.0 0.0
22 0.26 0.0 0.0
23 0.26 0.0 0.0
24 0.26 0.05 0.0
25 0.26 0.1 0.0
26 0.26 0.1 0.0
27 0.26 0.1 0.0
28 0.26 0.15 0.0
29 0.26 0.2 0.0
30 0.26 0.2 0.0
31 0.26 0.25 0.025
32 0.26 0.3 0.05
33 0.26 0.3 0.04375
34 0.26 0.35 0.0375
35 0.26 0.4 0.04375
36 0.26 0.4 0.0375
37 0.26 0.4 0.04375
38 0.26 0.4 0.0375
39 0.26 0.4 0.0375
40 0.26 0.4 0.0375
41 0.26 0.4 0.04375
42 0.26 0.4 0.0375
43 0.26 0.4 0.03975
44 0.26 0.4 0.0
45 0.26 0.4 0.0
46 0.26 0.4 0.0
47 0.26 0.4 0.0
48 0.26 0.4 0.0
49 0.26 0.4 0.0
50 0.26 0.4 0.0
51 0.26 0.4 0.0
52 0.0 0.0 0.0
53 0.0 0.0 0.0
54 0.0 0.0 0.0
55 0.0 0.0 0.0
56 0.0 0.0 0.0
57 0.0 0.0 0.0
58 0.005 0.0 0.0
59 0.01 0.0 0.0
60 0.01 0.0 0.0
61 0.01 0.0 0.0
62 0.01 0.0 0.0
63 0.015 0.0 0.0
64 0.03 0.0 0.0
65 0.045 0.0 0.0
66 0.06 0.0 0.0
67 0.08 0.0 0.0
68 0.095 0.0 0.0
69 0.115 0.0 0.0
70 0.13 0.0 0.0
71 0.15 0.0 0.0
72 0.165 0.0 0.0
73 0.18 0.0 0.0
74 0.195 0.0 0.0
75 0.21 0.0 0.0
76 0.225 0.0 0.0
77 0.24 0.0 0.0
78 0.255 0.0 0.0
79 0.26 0.0 0.0
80 0.26 0.0 0.0
81 0.26 0.0 0.0
82 0.26 0.0 0.0
83 0.26 0.0 0.0
84 0.26 0.0 0.0
85 0.26 0.0 0.0
86 0.26 0.0 0.0
87 0.26 0.0 0.0
88 0.26 0.0 0.0
89 0.26 0.0 0.0
90 0.26 0.0 0.0
91 0.26 0.0 0.0
92 0.26 0.0 0.0
93 0.26 0.0 0.0
94 0.26 0.0 0.0
95 0.26 0.0 0.0
96 0.26 0.0 0.0
97 0.26 -0.05 0.0
98 0.26 -0.1 0.0
99 0.26 -0.1 0.0
100 0.26 -0.15 0.0
101 0.26 -0.2 0.0
102 0.26 -0.2 0.0
103 0.26 -0.25 0.0
104 0.26 -0.3 0.0
105 0.26 -0.3 0.0
106 0.26 -0.35 0.0
107 0.26 -0.4 0.0
108 0.26 -0.4 0.0
109 0.26 -0.4 0.0
110 0.26 -0.4 0.0
111 0.26 -0.4 0.0
112 0.26 -0.4 0.0
113 0.26 -0.4 0.0
114 0.26 -0.4 0.0
115 0.26 -0.4 0.04375
116 0.26 -0.4 0.10625
117 0.26 -0.4 0.175
118 0.26 -0.4 0.23125
119 0.26 -0.4 0.29375
120 0.26 -0.4 0.35625
121 0.26 -0.4 0.41875
122 0.0 0.0 0.48125
123 0.0 0.0 0.54375
124 0.0 0.0 0.59375
125 0.0 0.0 0.63125
126 0.0 0.0 0.6375
127 0.005 0.0 0.6375
128 0.01 0.0 0.6375
129 0.01 0.0 0.6375
130 0.01 0.0 0.6375
131 0.01 0.0 0.6375
132 0.02 0.0 0.6375
133 0.035 0.0 0.6375
134 0.05 0.0 0.6375
135 0.07 0.0 0.6375
136 0.085 0.0 0.64375
137 0.105 0.0 0.64375
138 0.12 0.0 0.64375
139 0.135 0.0 0.64375
140 0.15 0.0 0.6375
141 0.17 0.0 0.6375
142 0.185 0.0 0.65
143 0.2 0.0 0.65
144 0.215 0.0 0.65
145 0.23 0.0 0.65625
146 0.245 0.0 0.65625
147 0.26 0.0 0.65625
148 0.26 0.0 0.6625
149 0.26 0.0 0.6625
150 0.26 0.0 0.66875
151 0.26 0.0 0.66875
152 0.26 0.0 0.66875
153 0.26 0.0 0.675
