0 0.12 0.0 0.277083333333
1 0.14 0.0 0.277666666667
2 0.17 0.0 0.276083333333
3 0.19 0.0 0.278416666667
4 0.215 0.0 0.277166666667
5 0.235 0.0 0.27725
6 0.26 0.0 0.276833333333
7 0.26 0.0 0.276
8 0.26 0.0 0.27425
9 0.26 0.0 0.273666666667
10 0.26 -0.05 0.2735
11 0.26 -0.1 0.273583333333
12 0.26 -0.15 0.27325
13 0.26 -0.2 0.273083333333
14 0.26 -0.2 0.273083333333
15 0.26 -0.2 0.2735
16 0.26 -0.2 0.272333333333
17 0.26 -0.2 0.268583333333
18 0.26 -0.2 0.263083333333
19 0.26 -0.2 0.260833333333
20 0.26 -0.2 0.259666666667
21 0.26 -0.2 0.25975
22 0.26 -0.2 0.260416666667
23 0.26 -0.2 0.259333333333
24 0.26 -0.2 0.26
25 0.26 -0.2 0.259583333333
26 0.26 -0.2 0.2595
27 0.26 -0.2 0.2595
28 0.26 -0.2 0.260916666667
29 0.26 -0.2 0.272416666667
30 0.26 -0.2 0.275333333333
31 0.26 -0.2 0.269416666667
32 0.26 -0.2 0.262
33 0.26 -0.2 0.257166666667
34 0.26 -0.2 0.25675
35 0.26 -0.2 0.256083333333
36 0.26 -0.2 0.256666666667
37 0.26 -0.2 0.254583333333
38 0.26 -0.2 0.254333333333
39 0.26 -0.2 0.253916666667
40 0.26 -0.2 0.2525
41 0.26 -0.2 0.253
42 0.26 -0.2 0.2625
43 0.26 -0.2 0.2685
44 0.26 -0.2 0.269333333333
45 0.26 -0.2 0.265916666667
46 0.26 -0.2 0.261416666667
47 0.26 -0.2 0.259083333333
48 0.26 -0.2 0.252083333333
49 0.26 -0.2 0.247333333333
50 0.26 -0.2 0.246083333333
51 0.26 -0.2 0.245583333333
52 0.26 -0.2 0.243583333333
53 0.26 -0.2 0.243
54 0.26 -0.2 0.242666666667
55 0.26 -0.2 0.251333333333
56 0.26 -0.2 0.257333333333
57 0.26 -0.2 0.26375
58 0.26 -0.2 0.269166666667
59 0.26 -0.2 0.26925
60 0.26 -0.2 0.269583333333
61 0.26 -0.2 0.270416666667
62 0.26 -0.2 0.270583333333
63 0.26 -0.2 0.270666666667
64 0.26 -0.2 0.263333333333
65 0.26 -0.2 0.25725
66 0.26 -0.2 0.254333333333
67 0.26 -0.2 0.252916666667
68 0.26 -0.2 0.251416666667
69 0.26 -0.2 0.2515
70 0.26 -0.2 0.249833333333
71 0.26 -0.2 0.25175
72 0.26 -0.2 0.25675
73 0.26 -0.2 0.264083333333
74 0.26 -0.2 0.264416666667
75 0.26 -0.2 0.265166666667
76 0.26 -0.2 0.263833333333
77 0.26 -0.2 0.261166666667
78 0.26 -0.2 0.260666666667
79 0.26 -0.15 0.259416666667
80 0.26 -0.1 0.258666666667
81 0.26 -0.1 0.258
82 0.26 -0.1 0.257416666667
83 0.26 -0.1 0.256416666667
84 0.26 -0.1 0.256583333333
85 0.26 -0.1 0.25625
86 0.26 -0.1 0.256416666667
87 0.26 -0.1 0.255833333333
88 0.26 -0.1 0.256666666667
89 0.26 -0.1 0.2565
90 0.26 -0.1 0.25625
91 0.26 -0.1 0.2555
92 0.26 -0.1 0.255916666667
93 0.26 -0.1 0.25625
94 0.26 -0.1 0.256916666667
95 0.26 -0.1 0.260166666667
96 0.26 -0.1 0.264666666667
97 0.26 -0.1 0.268833333333
98 0.26 -0.1 0.270166666667
99 0.26 -0.1 0.27275
100 0.26 -0.1 0.27575
101 0.26 -0.1 0.281583333333
102 0.26 -0.1 0.287416666667
103 0.26 -0.1 0.291333333333
104 0.26 -0.1 0.291666666667
105 0.26 -0.1 0.291666666667
106 0.26 -0.1 0.291666666667
107 0.26 -0.1 0.291666666667
108 0.26 -0.1 0.291666666667
109 0.26 -0.1 0.291666666667
110 0.26 -0.1 0.291666666667
111 0.26 -0.1 0.291666666667
112 0.26 -0.1 0.291666666667
113 0.26 -0.1 0.291666666667
114 0.26 -0.1 0.291666666667
115 0.26 -0.1 0.291666666667
116 0.26 -0.1 0.291666666667
117 0.26 -0.05 0.291666666667
118 0.26 0.0 0.291666666667
119 0.26 0.05 0.291666666667
120 0.26 0.1 0.291666666667
121 0.26 0.1 0.291666666667
122 0.26 0.1 0.291666666667
123 0.26 0.1 0.291666666667
124 0.26 0.1 0.291666666667
125 0.26 0.1 0.291666666667
126 0.26 0.1 0.291666666667
127 0.26 0.1 0.291666666667
128 0.26 0.1 0.291666666667
129 0.26 0.1 0.291666666667
130 0.26 0.1 0.291666666667
131 0.26 0.1 0.291666666667
132 0.26 0.1 0.2915
133 0.26 0.1 0.291
134 0.26 0.05 0.290416666667
135 0.26 0.0 0.287333333333
136 0.26 0.0 0.287333333333
137 0.26 0.0 0.2875
138 0.26 0.0 0.288083333333
139 0.26 0.0 0.28875
140 0.26 0.0 0.287666666667
141 0.26 0.0 0.288166666667
142 0.26 0.0 0.288416666667
143 0.26 0.0 0.28925
144 0.26 0.0 0.28925
145 0.26 0.0 0.289666666667
146 0.26 0.0 0.28975
147 0.26 0.0 0.29025
148 0.26 0.0 0.290416666667
149 0.26 0.0 0.290416666667
150 0.26 0.0 0.286833333333
151 0.26 0.0 0.284416666667
152 0.26 0.0 0.282916666667
153 0.26 0.0 0.282583333333
154 0.26 0.0 0.282916666667
155 0.26 0.0 0.28225
156 0.26 0.0 0.281666666667
157 0.26 0.0 0.281
158 0.26 0.0 0.280916666667
159 0.26 0.0 0.280416666667
160 0.26 0.0 0.279833333333
161 0.26 0.0 0.278916666667
162 0.26 0.0 0.275333333333
163 0.26 0.0 0.27475
164 0.26 0.0 0.274416666667
165 0.26 0.0 0.274416666667
166 0.26 0.0 0.274166666667
167 0.26 0.0 0.27475
168 0.26 0.0 0.274666666667
169 0.26 0.0 0.274333333333
170 0.26 0.0 0.274083333333
171 0.26 0.0 0.273666666667
172 0.26 0.0 0.27325
173 0.26 0.0 0.27325
174 0.26 0.0 0.272166666667
175 0.26 0.0 0.272416666667
176 0.26 0.0 0.27225
177 0.26 -0.05 0.271916666667
178 0.26 -0.1 0.271416666667
179 0.26 -0.1 0.26675
180 0.26 -0.1 0.263
181 0.26 -0.1 0.259
182 0.26 -0.1 0.25925
183 0.26 -0.1 0.25925
184 0.26 -0.1 0.259583333333
185 0.26 -0.1 0.26025
186 0.26 -0.1 0.26
187 0.26 -0.1 0.260083333333
188 0.26 -0.1 0.259916666667
189 0.26 -0.1 0.262
190 0.26 -0.1 0.266416666667
191 0.26 -0.1 0.26975
192 0.26 -0.1 0.273416666667
193 0.26 -0.1 0.275833333333
194 0.26 -0.1 0.276916666667
195 0.26 -0.1 0.27525
196 0.26 -0.1 0.273916666667
197 0.26 -0.1 0.272833333333
198 0.26 -0.1 0.272583333333
199 0.26 -0.1 0.271083333333
200 0.26 -0.05 0.27
201 0.26 0.0 0.269333333333
202 0.26 0.0 0.268416666667
203 0.26 0.05 0.2675
204 0.26 0.3 0.267416666667
205 0.26 0.5 0.267083333333
206 0.26 0.55 0.267333333333
207 0.26 0.65 0.25625
208 0.26 0.7 0.24925
209 0.26 0.8 0.239083333333
210 0.26 0.85 0.2395
211 0.26 0.9 0.241916666667
212 0.26 1.0 0.236833333333
213 0.26 1.0 0.240583333333
214 0.26 1.0 0.253833333333
215 0.26 1.0 0.267416666667
216 0.26 1.0 0.24275
217 0.26 1.0 0.256916666667
218 0.26 1.0 0.26725
219 0.26 1.0 0.254166666667
220 0.26 1.0 0.238666666667
221 0.26 0.95 0.263083333333
222 0.26 0.9 0.263833333333
223 0.26 0.85 0.26375
224 0.26 0.8 0.264333333333
225 0.26 0.75 0.277333333333
226 0.26 0.65 0.291666666667
227 0.26 0.6 0.291666666667
228 0.26 0.55 0.291666666667
229 0.26 0.4 0.291666666667
230 0.26 0.35 0.291666666667
231 0.26 0.25 0.291666666667
232 0.26 0.2 0.291666666667
233 0.26 0.2 0.291666666667
234 0.26 0.2 0.291666666667
235 0.26 0.2 0.291666666667
236 0.26 0.2 0.291
237 0.26 0.2 0.287416666667
238 0.26 0.2 0.282333333333
239 0.26 0.2 0.280583333333
240 0.26 0.2 0.27975
241 0.26 0.2 0.279666666667
242 0.26 0.2 0.278916666667
243 0.26 0.2 0.275833333333
244 0.26 0.2 0.27125
245 0.26 0.2 0.269416666667
246 0.26 0.2 0.26225
247 0.26 0.2 0.256
248 0.26 0.25 0.254916666667
249 0.26 0.3 0.2545
250 0.26 0.35 0.25525
251 0.26 0.45 0.2445
252 0.26 0.5 0.243083333333
253 0.26 0.5 0.243916666667
254 0.26 0.5 0.239166666667
255 0.26 0.5 0.23075
256 0.26 0.5 0.225916666667
257 0.26 0.5 0.23275
258 0.26 0.5 0.2425
259 0.26 0.4 0.247333333333
260 0.26 0.35 0.26075
261 0.26 0.25 0.27
262 0.26 0.2 0.269833333333
263 0.26 0.1 0.27
264 0.26 0.1 0.274
265 0.26 0.1 0.276416666667
266 0.26 0.1 0.278083333333
267 0.26 0.1 0.279166666667
268 0.26 0.1 0.277833333333
269 0.26 0.1 0.274583333333
270 0.26 0.1 0.271083333333
271 0.26 0.1 0.268833333333
272 0.26 0.1 0.267333333333
273 0.26 0.1 0.266416666667
274 0.26 0.1 0.266
275 0.26 0.1 0.265916666667
276 0.26 0.1 0.266
277 0.26 0.1 0.2655
278 0.26 0.1 0.265583333333
279 0.26 0.1 0.264666666667
280 0.26 0.1 0.264916666667
281 0.26 0.1 0.264666666667
282 0.26 0.05 0.264166666667
283 0.26 2.77555756156e-17 0.264083333333
284 0.26 -0.05 0.263833333333
285 0.26 -0.1 0.264
286 0.26 -0.1 0.263083333333
287 0.26 -0.1 0.2625
288 0.26 -0.1 0.261416666667
289 0.26 -0.1 0.259833333333
290 0.26 -0.1 0.257833333333
291 0.26 -0.1 0.255666666667
292 0.26 -0.1 0.24925
293 0.26 -0.1 0.2435
294 0.26 -0.1 0.234666666667
295 0.26 -0.2 0.229333333333
296 0.26 -0.2 0.226166666667
297 0.26 -0.2 0.225833333333
298 0.26 -0.2 0.225083333333
299 0.26 -0.2 0.219416666667
300 0.26 -0.2 0.209833333333
301 0.26 -0.2 0.203666666667
302 0.26 -0.2 0.203583333333
303 0.26 -0.2 0.196583333333
304 0.26 -0.2 0.193416666667
305 0.26 -0.2 0.192083333333
306 0.26 -0.2 0.19325
307 0.26 -0.2 0.193583333333
308 0.26 -0.2 0.193083333333
309 0.26 -0.2 0.19475
310 0.26 -0.2 0.197833333333
311 0.26 -0.2 0.20025
312 0.26 -0.2 0.203666666667
313 0.26 -0.2 0.212
314 0.26 -0.2 0.217
315 0.26 -0.2 0.227416666667
316 0.26 -0.2 0.235666666667
317 0.26 -0.2 0.24625
318 0.26 -0.2 0.25175
319 0.26 -0.2 0.263916666667
320 0.26 -0.2 0.26375
321 0.26 -0.2 0.26475
322 0.26 -0.25 0.265666666667
323 0.26 -0.3 0.267333333333
324 0.26 -0.3 0.27775
325 0.26 -0.3 0.290083333333
326 0.26 -0.3 0.291666666667
327 0.26 -0.3 0.291666666667
328 0.26 -0.3 0.291666666667
329 0.26 -0.3 0.291666666667
330 0.26 -0.3 0.291666666667
331 0.26 -0.3 0.291666666667
332 0.26 -0.3 0.289416666667
333 0.26 -0.3 0.279916666667
334 0.26 -0.3 0.276666666667
335 0.26 -0.3 0.27725
336 0.26 -0.3 0.277166666667
337 0.26 -0.3 0.27775
338 0.26 -0.3 0.278333333333
339 0.26 -0.3 0.277916666667
340 0.26 -0.3 0.277416666667
341 0.26 -0.3 0.275666666667
342 0.26 -0.3 0.270416666667
343 0.26 -0.3 0.261333333333
344 0.26 -0.3 0.25975
345 0.26 -0.3 0.25825
346 0.26 -0.3 0.256916666667
347 0.26 -0.3 0.25425
348 0.26 -0.3 0.25425
349 0.26 -0.3 0.263666666667
350 0.26 -0.3 0.270166666667
351 0.26 -0.3 0.264666666667
352 0.26 -0.3 0.25425
353 0.26 -0.3 0.249666666667
354 0.26 -0.3 0.248083333333
355 0.26 -0.3 0.246666666667
356 0.26 -0.3 0.244916666667
357 0.26 -0.3 0.243333333333
358 0.26 -0.3 0.242583333333
359 0.26 -0.3 0.251083333333
360 0.26 -0.3 0.262916666667
361 0.26 -0.3 0.262833333333
362 0.26 -0.3 0.260833333333
363 0.26 -0.3 0.250666666667
364 0.26 -0.4 0.23975
365 0.26 -0.4 0.236166666667
366 0.26 -0.4 0.247083333333
367 0.26 -0.4 0.251166666667
368 0.26 -0.4 0.258666666667
369 0.26 -0.4 0.26475
370 0.26 -0.4 0.264083333333
371 0.26 -0.4 0.263083333333
372 0.26 -0.4 0.263333333333
373 0.26 -0.35 0.254083333333
374 0.26 -0.3 0.246
375 0.26 -0.3 0.23625
376 0.26 -0.3 0.247666666667
377 0.26 -0.3 0.2565
378 0.26 -0.3 0.2655
379 0.26 -0.3 0.265166666667
380 0.26 -0.3 0.26575
381 0.26 -0.25 0.26475
382 0.26 -0.2 0.265083333333
383 0.26 -0.2 0.2655
384 0.26 -0.2 0.265416666667
385 0.26 -0.2 0.265333333333
386 0.26 -0.2 0.265083333333
387 0.26 -0.2 0.265166666667
388 0.26 -0.2 0.2655
389 0.26 -0.2 0.265
390 0.26 -0.2 0.264666666667
391 0.26 -0.2 0.265
392 0.26 -0.2 0.266166666667
393 0.26 -0.2 0.269166666667
394 0.26 -0.2 0.2785
395 0.26 -0.2 0.287916666667
396 0.26 -0.2 0.291666666667
397 0.26 -0.2 0.291666666667
398 0.26 -0.2 0.291666666667
399 0.26 -0.15 0.291666666667
400 0.26 -0.1 0.291666666667
401 0.26 -0.1 0.291666666667
402 0.26 -0.1 0.291666666667
403 0.26 -0.1 0.291666666667
404 0.26 -0.1 0.291666666667
405 0.26 -0.1 0.291666666667
406 0.26 -0.1 0.291666666667
407 0.26 -0.1 0.291666666667
408 0.26 -0.1 0.291666666667
409 0.26 -0.1 0.291666666667
410 0.26 -0.05 0.291666666667
411 0.26 -2.77555756156e-17 0.291666666667
412 0.26 -2.77555756156e-17 0.291666666667
413 0.26 -2.77555756156e-17 0.291666666667
414 0.26 -2.77555756156e-17 0.291666666667
415 0.26 -2.77555756156e-17 0.291666666667
416 0.26 -2.77555756156e-17 0.291666666667
417 0.26 -2.77555756156e-17 0.291666666667
418 0.26 -2.77555756156e-17 0.291666666667
419 0.26 -2.77555756156e-17 0.291666666667
420 0.26 -2.77555756156e-17 0.291666666667
421 0.26 -2.77555756156e-17 0.291666666667
422 0.26 -2.77555756156e-17 0.291666666667
423 0.26 -2.77555756156e-17 0.291666666667
424 0.26 -2.77555756156e-17 0.291666666667
425 0.26 -2.77555756156e-17 0.291666666667
426 0.26 -2.77555756156e-17 0.291666666667
427 0.26 -2.77555756156e-17 0.291666666667
428 0.26 -2.77555756156e-17 0.291666666667
429 0.26 -2.77555756156e-17 0.291666666667
430 0.26 -2.77555756156e-17 0.291666666667
431 0.26 -2.77555756156e-17 0.291666666667
432 0.26 -2.77555756156e-17 0.291666666667
433 0.26 -2.77555756156e-17 0.291666666667
434 0.26 -2.77555756156e-17 0.291666666667
435 0.26 -2.77555756156e-17 0.291666666667
436 0.26 -2.77555756156e-17 0.291666666667
437 0.26 -2.77555756156e-17 0.291666666667
438 0.26 -2.77555756156e-17 0.291666666667
439 0.26 -2.77555756156e-17 0.291666666667
440 0.26 -2.77555756156e-17 0.291666666667
441 0.26 -2.77555756156e-17 0.291666666667
442 0.26 -2.77555756156e-17 0.291666666667
443 0.26 -2.77555756156e-17 0.291666666667
444 0.26 -2.77555756156e-17 0.291666666667
445 0.26 -2.77555756156e-17 0.291666666667
446 0.26 -2.77555756156e-17 0.291666666667
447 0.26 -2.77555756156e-17 0.291666666667
448 0.26 -2.77555756156e-17 0.291666666667
449 0.26 -2.77555756156e-17 0.291666666667
450 0.26 -2.77555756156e-17 0.291666666667
451 0.26 -2.77555756156e-17 0.291666666667
452 0.26 -2.77555756156e-17 0.291666666667
453 0.26 -2.77555756156e-17 0.291666666667
454 0.26 -2.77555756156e-17 0.291666666667
455 0.26 -2.77555756156e-17 0.291666666667
456 0.26 -2.77555756156e-17 0.291666666667
457 0.26 -2.77555756156e-17 0.291666666667
458 0.26 -2.77555756156e-17 0.291666666667
459 0.26 -2.77555756156e-17 0.291666666667
460 0.26 -2.77555756156e-17 0.291666666667
461 0.26 -2.77555756156e-17 0.291666666667
462 0.26 -2.77555756156e-17 0.291666666667
463 0.26 -2.77555756156e-17 0.291666666667
464 0.26 -2.77555756156e-17 0.291666666667
465 0.26 -2.77555756156e-17 0.291666666667
466 0.26 -2.77555756156e-17 0.291666666667
467 0.26 -2.77555756156e-17 0.291666666667
468 0.26 -2.77555756156e-17 0.291666666667
469 0.26 -2.77555756156e-17 0.291666666667
470 0.26 -2.77555756156e-17 0.291666666667
471 0.26 -2.77555756156e-17 0.291666666667
472 0.26 -2.77555756156e-17 0.291666666667
473 0.26 -2.77555756156e-17 0.291666666667
474 0.26 -2.77555756156e-17 0.291666666667
475 0.26 -2.77555756156e-17 0.291666666667
476 0.26 -2.77555756156e-17 0.291666666667
477 0.26 -2.77555756156e-17 0.291666666667
478 0.26 -2.77555756156e-17 0.291666666667
479 0.26 -2.77555756156e-17 0.291666666667
480 0.26 -2.77555756156e-17 0.291666666667
481 0.26 -2.77555756156e-17 0.291666666667
482 0.26 -2.77555756156e-17 0.291666666667
483 0.26 -2.77555756156e-17 0.291666666667
484 0.26 -2.77555756156e-17 0.291666666667
485 0.26 -2.77555756156e-17 0.291666666667
486 0.26 -2.77555756156e-17 0.291666666667
487 0.26 -2.77555756156e-17 0.291666666667
488 0.26 -2.77555756156e-17 0.291666666667
489 0.26 -2.77555756156e-17 0.291666666667
490 0.26 -2.77555756156e-17 0.291666666667
491 0.26 -2.77555756156e-17 0.291666666667
492 0.26 -2.77555756156e-17 0.291666666667
493 0.26 -2.77555756156e-17 0.291666666667
494 0.26 -2.77555756156e-17 0.291666666667
495 0.26 -2.77555756156e-17 0.291666666667
496 0.26 -2.77555756156e-17 0.291666666667
497 0.26 -2.77555756156e-17 0.291666666667
498 0.26 -2.77555756156e-17 0.291666666667
499 0.26 -2.77555756156e-17 0.291666666667
500 0.26 -2.77555756156e-17 0.291666666667
501 0.26 -2.77555756156e-17 0.291666666667
502 0.26 -2.77555756156e-17 0.291666666667
503 0.26 -2.77555756156e-17 0.291666666667
504 0.26 -2.77555756156e-17 0.291666666667
505 0.26 -2.77555756156e-17 0.291666666667
506 0.26 -2.77555756156e-17 0.291666666667
507 0.26 -2.77555756156e-17 0.291666666667
508 0.26 -2.77555756156e-17 0.291666666667
509 0.26 -2.77555756156e-17 0.291666666667
510 0.26 -2.77555756156e-17 0.291666666667
511 0.26 -2.77555756156e-17 0.291666666667
512 0.26 -2.77555756156e-17 0.291666666667
513 0.26 -2.77555756156e-17 0.291666666667
514 0.26 -2.77555756156e-17 0.291666666667
515 0.26 -2.77555756156e-17 0.291666666667
516 0.26 -2.77555756156e-17 0.291666666667
517 0.26 -2.77555756156e-17 0.291666666667
518 0.26 -2.77555756156e-17 0.291666666667
519 0.26 -2.77555756156e-17 0.291666666667
520 0.26 -2.77555756156e-17 0.291666666667
521 0.26 -2.77555756156e-17 0.291666666667
522 0.26 -2.77555756156e-17 0.291666666667
523 0.26 -2.77555756156e-17 0.291666666667
524 0.26 -2.77555756156e-17 0.291666666667
525 0.26 -2.77555756156e-17 0.291666666667
526 0.26 -2.77555756156e-17 0.291666666667
527 0.26 -2.77555756156e-17 0.291666666667
528 0.26 -2.77555756156e-17 0.291666666667
529 0.26 -2.77555756156e-17 0.291666666667
530 0.26 -2.77555756156e-17 0.291666666667
531 0.26 -2.77555756156e-17 0.291666666667
532 0.26 -2.77555756156e-17 0.291666666667
533 0.26 -2.77555756156e-17 0.291666666667
534 0.26 -2.77555756156e-17 0.291666666667
535 0.26 -2.77555756156e-17 0.291666666667
536 0.26 -2.77555756156e-17 0.291666666667
537 0.26 -2.77555756156e-17 0.291666666667
538 0.26 -2.77555756156e-17 0.291666666667
539 0.26 -2.77555756156e-17 0.291666666667
540 0.26 -2.77555756156e-17 0.291666666667
541 0.26 -2.77555756156e-17 0.291666666667
542 0.26 -2.77555756156e-17 0.291666666667
543 0.26 -2.77555756156e-17 0.291666666667
544 0.26 -2.77555756156e-17 0.291666666667
545 0.26 -2.77555756156e-17 0.291666666667
546 0.26 -2.77555756156e-17 0.291666666667
547 0.26 -2.77555756156e-17 0.291666666667
548 0.26 -2.77555756156e-17 0.291666666667
549 0.26 -2.77555756156e-17 0.291666666667
550 0.26 -2.77555756156e-17 0.291666666667
551 0.26 -2.77555756156e-17 0.291666666667
552 0.26 -2.77555756156e-17 0.291666666667
553 0.26 -2.77555756156e-17 0.291666666667
554 0.26 -2.77555756156e-17 0.291666666667
555 0.26 -2.77555756156e-17 0.291666666667
556 0.26 -2.77555756156e-17 0.291666666667
557 0.26 -2.77555756156e-17 0.291666666667
558 0.26 -2.77555756156e-17 0.291666666667
559 0.26 -2.77555756156e-17 0.291666666667
560 0.26 -2.77555756156e-17 0.291666666667
561 0.26 -2.77555756156e-17 0.291666666667
562 0.26 -2.77555756156e-17 0.291666666667
563 0.26 -2.77555756156e-17 0.291666666667
564 0.26 -2.77555756156e-17 0.291666666667
565 0.26 -2.77555756156e-17 0.291666666667
566 0.26 -2.77555756156e-17 0.28975
567 0.26 -2.77555756156e-17 0.287833333333
568 0.26 -2.77555756156e-17 0.285916666667
569 0.26 -2.77555756156e-17 0.284
570 0.26 -2.77555756156e-17 0.282083333333
571 0.26 -2.77555756156e-17 0.280166666667
572 0.26 -2.77555756156e-17 0.27825
573 0.26 -2.77555756156e-17 0.276333333333
574 0.26 -2.77555756156e-17 0.274416666667
575 0.26 -2.77555756156e-17 0.2725
576 0.26 -2.77555756156e-17 0.270583333333
577 0.26 -2.77555756156e-17 0.268666666667
578 0.26 -2.77555756156e-17 0.26675
579 0.26 -2.77555756156e-17 0.264833333333
580 0.26 -2.77555756156e-17 0.262916666667
581 0.26 -2.77555756156e-17 0.262166666667
582 0.26 -2.77555756156e-17 0.259083333333
583 0.26 -2.77555756156e-17 0.257166666667
584 0.26 -2.77555756156e-17 0.25525
585 0.26 -2.77555756156e-17 0.253333333333
586 0.26 -2.77555756156e-17 0.251416666667
587 0.26 -2.77555756156e-17 0.250166666667
588 0.26 -2.77555756156e-17 0.2495
589 0.26 -2.77555756156e-17 0.247583333333
