0.26 0.0
0.26 0.0
0.26 0.0
0.26 0.0
0.26 0.0
0.26 0.0
0.26 0.0
0.26 0.0
0.26 0.0
0.26 0.0
0.26 0.0
0.26 0.0
0.26 0.0
0.26 0.0
0.26 0.0
0.26 0.0
0.26 0.0
0.26 0.0
0.26 0.0
0.26 0.0
0.26 0.0
0.26 0.0
0.26 0.0
0.26 0.0
0.26 0.0
0.26 0.0
0.26 0.0
0.26 0.0
0.26 0.0
0.26 0.0
0.26 0.0
0.26 0.0
0.26 0.0
0.26 0.0
0.26 0.0
0.26 0.0
0.26 0.0
0.26 0.0
0.26 0.0
0.26 0.0
0.26 0.0
0.26 0.0
0.26 0.0
0.26 0.0
0.26 0.0
0.26 0.0
0.26 0.0
0.26 0.0
0.26 0.0
0.26 0.0
0.26 0.0
0.26 0.0
0.26 0.0
0.26 0.0
0.26 0.0
0.26 0.0
0.26 0.0
0.26 0.0
0.26 0.0
0.26 0.0
0.26 0.0
0.26 0.0
0.26 0.0
0.26 0.0
0.26 0.0
0.26 0.0
0.26 0.0
0.26 0.0
0.26 0.0
0.26 0.0
0.26 0.0
0.26 0.0
0.26 0.0
0.26 0.0
0.26 0.0
0.26 0.0
0.26 0.0
0.26 0.0
0.26 0.0
0.26 0.0
0.26 0.0
0.26 0.0
0.26 0.0
0.26 0.0
0.26 0.0
0.26 0.0
0.26 0.0
0.26 0.0
0.26 0.0
0.26 0.0
0.26 0.0
0.26 0.0
0.26 0.0
0.26 0.0
0.26 0.0
0.26 0.0
0.26 0.0
0.26 0.0
0.26 0.0
0.26 0.0
0.26 0.0
0.26 0.0
0.26 0.0
0.26 0.0
0.26 0.0
0.26 0.0
0.26 0.0
0.26 0.0
0.26 0.0
0.26 0.0
0.26 0.0
0.26 0.0
0.26 0.0
0.26 0.0
0.26 0.0
0.26 0.0
0.26 0.0
0.26 0.0
0.26 0.0
0.26 0.05
0.26 0.05
0.26 0.1
0.26 0.1
0.26 0.1
0.26 0.1
0.26 0.1
0.26 0.1
0.26 0.1
0.26 0.1
0.26 0.1
0.26 0.1
0.26 0.1
0.26 0.1
0.26 0.15
0.26 0.2
0.26 0.3
0.26 0.35
0.26 0.4
0.26 0.45
0.26 0.5
0.26 0.5
0.26 0.5
0.26 0.55
0.26 0.55
0.26 0.55
0.26 0.6
0.26 0.6
0.26 0.6
0.26 0.65
0.26 0.65
0.26 0.65
0.26 0.7
0.26 0.7
0.26 0.75
0.26 0.75
0.26 0.75
0.26 0.8
0.26 0.8
0.26 0.8
0.26 0.85
0.26 0.85
0.26 0.85
0.26 0.9
0.26 0.9
0.26 0.9
0.26 0.9
0.26 0.9
0.26 0.9
0.26 0.9
0.26 0.9
0.26 0.9
0.26 0.9
0.26 0.9
0.26 0.9
0.26 0.9
0.26 0.9
0.26 0.9
0.26 0.9
0.26 0.9
0.0 0.0
0.0 0.0
0.0 0.0
0.0 0.0
0.0 0.0
0.0 0.0
0.0 0.0
0.0 0.0
0.0 0.0
0.0 0.0
0.0 0.0
0.0 0.0
0.0 0.0
0.0 0.0
0.0 0.0
0.0 0.0
0.0 0.0
0.0 0.0
0.005 0.0
0.005 0.0
0.005 0.0
0.01 0.0
0.01 0.0
0.01 0.0
0.01 0.0
0.01 0.0
0.01 0.0
0.01 0.0
0.01 0.0
0.01 0.0
0.01 0.0
0.01 0.0
0.015 0.0
0.02 0.0
0.025 0.0
0.03 0.0
0.035 0.0
0.045 0.0
0.05 0.0
0.055 0.0
0.06 0.0
0.065 0.0
0.07 0.0
0.075 0.0
0.085 0.0
0.085 0.0
0.095 0.0
0.1 0.0
0.105 0.0
0.11 0.0
0.115 0.0
0.12 0.0
0.13 0.0
0.135 0.0
0.14 0.0
0.145 0.0
0.15 0.0
0.155 0.0
0.165 0.0
0.17 0.0
0.175 0.0
0.18 0.0
0.19 0.0
0.195 0.0
0.2 0.0
0.205 0.0
0.215 0.0
0.22 0.0
0.225 0.0
0.23 0.0
0.235 0.0
0.245 0.0
0.25 0.0
0.255 0.0
0.26 0.0
0.26 0.0
0.26 0.0
0.26 0.0
0.26 0.0
0.26 0.0
0.26 0.0
0.26 0.0
0.26 0.0
0.26 0.0
0.26 0.0
0.26 0.0
0.26 0.0
0.26 0.0
0.26 0.0
0.26 0.0
0.26 0.0
0.26 0.0
0.26 0.0
0.26 0.0
0.26 0.0
0.26 0.0
0.26 0.0
0.26 0.0
0.26 0.0
0.26 0.0
0.26 0.0
0.26 0.0
0.26 0.0
0.26 0.0
0.26 0.0
0.26 0.0
0.26 0.0
0.26 0.0
0.26 0.0
0.26 0.0
0.26 0.0
0.26 0.0
0.26 0.0
0.26 0.0
0.26 0.0
0.26 0.0
0.26 0.0
0.26 0.0
0.26 0.0
0.26 0.0
0.26 0.0
0.26 0.0
0.26 0.0
0.26 0.0
0.26 0.0
0.26 0.0
0.26 0.0
0.26 0.0
0.26 0.0
0.26 0.0
0.26 0.0
0.26 0.0
0.26 0.0
0.26 0.0
0.26 0.0
0.26 0.0
0.26 0.0
0.26 0.0
0.26 0.0
0.26 0.0
0.26 0.0
0.26 0.0
0.26 0.0
0.26 0.0
0.26 0.0
0.26 0.0
0.26 -0.05
0.26 -0.05
0.26 -0.05
0.26 -0.1
0.26 -0.1
0.26 -0.1
0.26 -0.1
0.26 -0.1
0.26 -0.1
0.26 -0.1
0.26 -0.1
0.26 -0.1
0.26 -0.1
0.26 -0.1
0.26 -0.15
0.26 -0.2
0.26 -0.25
0.26 -0.3
0.26 -0.4
0.26 -0.45
0.26 -0.5
0.26 -0.55
0.26 -0.6
0.26 -0.65
0.26 -0.65
0.26 -0.65
0.26 -0.7
0.26 -0.7
0.26 -0.7
0.26 -0.75
0.26 -0.75
0.26 -0.8
0.26 -0.8
0.26 -0.8
0.26 -0.85
0.26 -0.85
0.26 -0.85
0.26 -0.9
0.26 -0.95
0.26 -0.95
0.26 -1.0
0.26 -1.0
0.26 -1.0
0.26 -1.05
0.26 -1.05
0.26 -1.05
0.26 -1.1
0.26 -1.1
0.26 -1.1
0.26 -1.15
0.26 -1.15
0.26 -1.15
0.26 -1.2
0.26 -1.2
0.26 -1.2
0.26 -1.25
0.26 -1.25
0.26 -1.25
0.26 -1.3
0.26 -1.3
0.26 -1.3
0.0 0.0
0.0 0.0
0.0 0.0
0.0 0.0
0.0 0.0
0.0 0.0
0.0 0.0
0.0 0.0
0.0 0.0
0.0 0.0
0.0 0.0
0.0 0.0
0.005 0.0
0.005 0.0
0.005 0.0
0.01 0.0
0.01 0.0
0.01 0.0
0.01 0.0
0.01 0.0
0.01 0.0
0.01 0.0
0.01 0.0
0.01 0.0
0.01 0.0
0.01 0.0
0.015 0.0
0.02 0.0
0.025 0.0
0.03 0.0
0.035 0.0
0.04 0.0
0.045 0.0
0.055 0.0
0.06 0.0
0.065 0.0
0.07 0.0
0.075 0.0
0.08 0.0
0.085 0.0
0.095 0.0
0.1 0.0
0.105 0.0
0.11 0.0
0.115 0.0
0.12 0.0
0.13 0.0
0.135 0.0
0.14 0.0
0.145 0.0
0.15 0.0
0.155 0.0
0.16 0.0
0.165 0.0
0.17 0.0
0.175 0.0
0.18 0.0
0.19 0.0
0.195 0.0
0.2 0.0
0.205 0.0
0.21 0.0
0.22 0.0
0.225 0.0
0.23 0.0
0.235 0.0
0.24 0.0
0.245 0.0
0.255 0.0
0.26 0.0
0.26 0.0
0.26 0.0
0.26 0.0
0.26 0.0
0.26 0.0
0.26 0.0
0.26 0.0
0.26 0.0
0.26 0.0
0.26 0.0
0.26 0.0
0.26 0.0
0.26 0.0
0.26 0.0
0.26 0.0
0.26 0.0
0.26 0.0
0.26 0.0
0.26 0.0
0.26 0.0
0.26 0.0
0.26 0.0
0.26 0.0
0.26 0.0
0.26 0.0
0.26 0.0
0.26 0.0
0.26 0.0
0.26 0.0
0.26 0.0
0.26 0.0
0.26 0.0
0.26 0.0
0.26 0.0
0.26 0.0
0.26 0.0
0.26 0.0
0.26 0.0
0.26 0.0
0.26 0.0
0.26 0.0
0.26 0.0
0.26 0.0
0.26 0.0
0.26 0.0
0.26 0.0
0.26 0.0
0.26 0.0
0.26 0.0
0.26 0.0
0.26 0.0
0.26 0.0
0.26 0.0
0.26 0.0
