0 0.26 0.0 0.0
1 0.26 0.0 0.0
2 0.26 0.0 0.0
3 0.26 0.0 0.0
4 0.26 0.0 0.0
5 0.26 0.0 0.0
6 0.26 0.0 0.0
7 0.26 0.0 0.0
8 0.26 0.0 0.0
9 0.26 0.0 0.0
10 0.26 -0.1 0.0
11 0.26 -0.1 0.0
12 0.26 -0.1 0.0
13 0.26 -0.2 0.0
14 0.26 -0.25 0.0
15 0.26 -0.3 0.0
16 0.26 -0.4 0.0
17 0.26 -0.4 0.0
18 0.26 -0.4 0.0
19 0.26 -0.4 0.075
20 0.26 -0.4 0.1625
21 0.26 -0.4 0.175
22 0.26 -0.4 0.1875
23 0.26 -0.4 0.2
24 0.26 -0.4 0.21875
25 0.26 -0.4 0.09375
26 0.0 0.0 0.0
27 0.0 0.0 0.0
28 0.0 0.0 0.0
29 0.01 0.0 0.0
30 0.01 0.0 0.05
31 0.01 0.0 0.19375
32 0.03 0.0 0.301166666667
33 0.06 0.0 0.3625
34 0.085 0.0 0.3625
35 0.11 0.0 0.35625
36 0.135 0.0 0.34375
37 0.16 0.0 0.3375
38 0.17 -0.1 0.33125
39 0.175 -0.1 0.30625
40 0.19 -0.15 0.26875
41 0.195 -0.2 0.2125
42 0.205 -0.2 0.150083333333
43 0.215 -0.25 0.07275
44 0.23 -0.4 0.0
45 0.24 -0.5 0.0
46 0.25 -0.6 0.0
47 0.255 -0.6 0.0
48 0.26 -0.6 0.0
49 0.26 -0.6 0.0
50 0.26 -0.6 0.0
51 0.26 -0.5 0.0
52 0.26 -0.5 0.0
53 0.26 -0.5 0.0
54 0.26 -0.3 0.0
55 0.26 -6.93889390391e-17 0.0
56 0.26 0.3 0.0
57 0.26 0.5 0.0
58 0.26 0.6 0.0
59 0.26 0.65 0.0
60 0.26 0.75 0.0
61 0.26 0.85 0.0
62 0.26 0.95 0.0
63 0.26 1.05 0.0
64 0.26 1.1 0.0
65 0.26 1.2 0.119916666667
66 0.26 1.25 0.325
67 0.26 1.35 0.28125
68 0.0 0.0 0.03125
69 0.0 0.0 0.3125
70 0.0 0.0 0.375
71 0.0 0.0 0.35625
72 0.01 0.0 0.35625
73 0.01 0.0 0.35
74 0.01 0.0 0.35
75 0.03 0.0 0.35
76 0.055 0.0 0.35
77 0.085 0.0 0.36875
78 0.115 0.0 0.4
79 0.145 0.0 0.4
80 0.175 0.0 0.40625
81 0.2 0.0 0.4375
82 0.23 0.0 0.425916666667
83 0.26 0.0 0.425
84 0.26 0.0 0.41875
85 0.26 0.0 0.41875
86 0.26 0.0 0.40625
87 0.26 0.0 0.4
88 0.26 0.0 0.4
89 0.26 0.0 0.39375
90 0.26 0.0 0.3875
91 0.26 0.0 0.38125
92 0.26 0.0 0.38125
93 0.26 0.0 0.375
94 0.26 0.0 0.3625
95 0.26 0.0 0.3625
96 0.26 0.0 0.35625
97 0.26 0.0 0.35
98 0.26 0.0 0.34375
99 0.26 0.0 0.3375
100 0.26 0.0 0.3375
101 0.26 0.0 0.33125
102 0.26 0.0 0.31875
103 0.26 0.0 0.317416666667
104 0.26 0.0 0.3125
105 0.26 0.0 0.30625
106 0.26 0.0 0.3
107 0.26 0.0 0.289166666667
108 0.26 0.0 0.285333333333
109 0.26 0.0 0.28125
110 0.26 0.0 0.275
111 0.26 0.0 0.26875
112 0.26 0.0 0.26125
113 0.26 0.0 0.25625
114 0.26 0.0 0.25
115 0.26 0.0 0.24375
116 0.26 0.0 0.2375
117 0.26 0.0 0.23125
118 0.26 0.0 0.225
119 0.26 0.0 0.2125
120 0.26 0.0 0.20625
121 0.26 0.0 0.20625
122 0.26 0.0 0.19375
123 0.26 0.0 0.1875
124 0.26 0.0 0.18125
125 0.26 0.0 0.174
126 0.26 0.0 0.16875
127 0.26 0.0 0.15625
128 0.26 0.0 0.15
129 0.26 0.0 0.1375
130 0.26 0.0 0.13125
131 0.26 0.0 0.125
132 0.26 0.0 0.1125
133 0.26 0.0 0.1
134 0.26 0.0 0.1
135 0.26 0.05 0.0875
136 0.26 0.1 0.075
137 0.26 0.2 0.06875
138 0.26 0.25 0.06325
139 0.26 0.3 0.0625
140 0.26 0.4 0.0625
141 0.26 0.4 0.0625
142 0.26 0.4 0.0
143 0.26 0.4 0.0
144 0.0 0.0 0.0
145 0.0 0.0 0.0
146 0.0 0.0 0.0
147 0.01 0.0 0.0
148 0.01 0.0 0.0
149 0.015 0.0 0.0
150 0.02 -0.05 0.0
151 0.02 -0.1 0.0
152 0.02 -0.1 0.0
153 0.02 -0.3 0.0
154 0.02 -0.6 0.0
155 0.02 -0.75 0.0
156 0.02 -0.85 0.0
157 0.0 0.0 0.0
158 0.0 0.0 0.0
159 0.01 0.0 0.0
160 0.01 0.0 0.0
161 0.01 0.0 0.0
162 0.035 0.0 0.0
163 0.06 0.0 0.0
164 0.09 0.0 0.0
165 0.12 0.0 0.0
166 0.15 0.0 0.0
167 0.175 0.0 0.0
168 0.205 0.0 0.0
169 0.235 0.0 0.0
170 0.26 0.0 0.0
171 0.26 0.0 0.0
172 0.26 0.0 0.0
173 0.26 0.0 0.0
174 0.26 0.0 0.0
175 0.26 0.0 0.0
176 0.26 0.0 0.0
177 0.26 -0.05 0.0
178 0.26 -0.1 0.0
179 0.26 -0.2 0.0
180 0.26 -0.25 0.0
181 0.26 -0.3 0.0
182 0.26 -0.4 0.0
183 0.26 -0.45 0.0
184 0.26 -0.5 0.0
185 0.26 -0.5 0.0
186 0.26 -0.5 0.0
187 0.26 -0.5 0.0
188 0.26 -0.5 0.0
189 0.26 -0.5 0.11875
190 0.26 -0.5 0.28125
191 0.0 0.0 0.40625
192 0.0 0.0 0.675
193 0.0 0.0 0.75
194 0.0 0.0 0.75
195 0.0 0.1 0.75
196 0.0 0.1 0.5875
197 0.0 0.1 0.41875
198 0.0 0.35 0.26875
199 0.0 0.65 0.2375
200 0.0 0.95 0.3375
201 0.0 1.0 0.59375
202 0.0 1.1 0.75
