0 0.26 0.0 0.0
1 0.26 0.0 0.0
2 0.26 0.0 0.0
3 0.26 0.0 0.0
4 0.26 0.1 0.0
5 0.26 0.1 0.0
6 0.26 0.2 0.0
7 0.26 0.2 0.0
8 0.26 0.3 0.0
9 0.26 0.35 0.0
10 0.26 0.4 0.00625
11 0.26 0.4 0.125
12 0.26 0.4 0.2375
13 0.26 0.4 0.35
14 0.26 0.4 0.4625
15 0.26 0.4 0.58125
16 0.26 0.4 0.65625
17 0.26 0.4 0.6
18 0.26 0.4 0.4875
19 0.26 0.4 0.36875
20 0.0 0.0 0.2375
21 0.0 0.0 0.126166666667
22 0.0 0.0 0.2415
23 0.0 0.0 0.39375
24 0.01 0.0 0.497916666667
25 0.01 0.0 0.527833333333
26 0.01 0.0 0.525
27 0.04 0.0 0.525
28 0.07 0.0 0.519833333333
29 0.095 0.0 0.51875
30 0.125 0.0 0.50875
31 0.155 0.0 0.494916666667
32 0.185 0.0 0.49925
33 0.21 0.0 0.473833333333
34 0.24 0.0 0.459416666667
35 0.26 0.0 0.439833333333
36 0.26 0.0 0.421583333333
37 0.26 0.0 0.4005
38 0.26 0.0 0.37225
39 0.26 0.0 0.33825
40 0.26 0.0 0.321916666667
41 0.26 0.0 0.305666666667
42 0.26 0.0 0.289666666667
43 0.26 0.0 0.256166666667
44 0.26 0.0 0.2235
45 0.26 0.0 0.191833333333
46 0.26 0.0 0.158333333333
47 0.26 0.0 0.13075
48 0.26 0.0 0.0976666666667
49 0.26 0.0 0.05775
50 0.26 0.0 0.0341666666667
51 0.26 0.0 0.0194166666667
52 0.26 0.0 0.0110833333333
53 0.26 0.0 0.00275
54 0.26 0.0 0.00125
55 0.26 0.0 0.000416666666667
56 0.26 0.0 0.0
57 0.26 0.0 0.0
58 0.26 0.0 0.0
59 0.26 0.0 0.0
60 0.26 0.0 0.0
61 0.26 0.0 0.0
62 0.26 0.0 0.0
63 0.26 0.0 0.0
64 0.26 0.0 0.0
65 0.26 0.0 0.0
66 0.26 0.0 0.0
67 0.26 0.0 0.0
68 0.26 0.0 0.0
69 0.26 0.0 0.0
70 0.26 0.0 0.0
71 0.26 0.0 0.0
72 0.26 0.0 0.0
73 0.26 0.0 0.0
74 0.26 0.0 0.0
75 0.26 0.0 0.0
76 0.26 0.0 0.0
77 0.26 0.0 0.0
78 0.26 0.0 0.0
79 0.26 0.0 0.0
80 0.26 0.0 0.0
81 0.26 0.0 0.0
82 0.26 0.0 0.0
83 0.26 0.0 0.0
84 0.26 0.0 0.0
85 0.26 0.0 0.0
86 0.26 0.0 0.0
87 0.26 0.0 0.0
88 0.26 0.0 0.0
89 0.26 0.0 0.0
90 0.26 0.0 0.0
91 0.26 0.0 0.0
92 0.26 0.0 0.0
93 0.26 -0.05 0.0
94 0.26 -0.1 0.0
95 0.26 -0.1 0.0
96 0.26 -0.15 0.0
97 0.26 -0.2 0.0
98 0.26 -0.2 0.0
99 0.26 -0.25 0.0
100 0.26 -0.3 0.0
101 0.26 -0.3 0.0
102 0.26 -0.3 0.0
103 0.26 -0.3 0.0
104 0.26 -0.3 0.0
105 0.26 -0.3 0.0
106 0.26 -0.3 0.0
107 0.26 -0.3 0.0
108 0.26 -0.3 0.0
109 0.0 0.0 0.0
110 0.0 0.0 0.0
111 0.0 0.0 0.0
112 0.005 0.0 0.0
113 0.01 0.0 0.0
114 0.01 0.0 0.0
115 0.025 0.0 0.0
116 0.05 0.0 0.0
117 0.08 0.0 0.0
118 0.105 0.0 0.0
119 0.135 0.0 0.0
120 0.16 0.0 0.0
121 0.19 0.0 0.0
122 0.22 0.0 0.0
123 0.245 0.0 0.0
124 0.26 0.0 0.0
125 0.26 0.0 0.0
126 0.26 0.0 0.0
127 0.26 0.0 0.0
128 0.26 0.0 0.0
129 0.26 0.0 0.0
130 0.26 0.0 0.0
131 0.26 0.0 0.0
132 0.26 0.0 0.0
133 0.26 0.0 0.0
134 0.26 0.0 0.0
135 0.26 0.0 0.0
136 0.26 0.0 0.0
137 0.26 0.0 0.0
138 0.26 0.0 0.0
139 0.26 0.0 0.0
140 0.26 0.0 0.0
141 0.26 -0.05 0.0
142 0.26 -0.1 0.0
143 0.26 -0.1 0.0
144 0.26 -0.1 0.0
145 0.26 -0.1 0.0
146 0.26 -0.2 0.0
147 0.26 -0.2 0.0
148 0.26 -0.2 0.0
149 0.26 -0.4 0.0
150 0.26 -0.45 0.0
151 0.26 -0.6 0.0
152 0.26 -0.7 0.0
153 0.26 -0.7 0.0
154 0.26 -0.7 0.0
155 0.26 -0.7 0.0896666666667
156 0.26 -0.7 0.110333333333
157 0.26 -0.7 0.10425
158 0.26 -0.7 0.189666666667
159 0.26 -0.7 0.271583333333
160 0.0 0.0 0.225583333333
161 0.0 0.0 0.212833333333
162 0.0 0.0 0.268916666667
163 0.01 0.0 0.26875
164 0.01 0.0 0.265
165 0.01 0.0 0.26
166 0.035 0.0 0.255333333333
167 0.065 0.0 0.24675
168 0.095 0.0 0.22175
169 0.12 0.0 0.205666666667
170 0.15 0.0 0.1635
171 0.18 0.0 0.10825
172 0.205 0.0 0.0929166666667
173 0.235 0.0 0.0305
174 0.26 0.0 0.0
175 0.26 0.0 0.0
176 0.26 0.0 0.0
177 0.26 0.0 0.0
178 0.26 0.0 0.0
179 0.26 0.0 0.0
180 0.26 0.0 0.0
181 0.26 0.0 0.0
182 0.26 0.0 0.0
183 0.26 0.0 0.0
184 0.26 0.0 0.0
185 0.26 0.0 0.0
186 0.26 0.0 0.0
187 0.26 0.0 0.0
188 0.26 0.0 0.0
189 0.26 0.0 0.0
190 0.26 0.0 0.0
191 0.26 0.0 0.0
192 0.26 0.0 0.0
193 0.26 0.0 0.0
194 0.26 0.0 0.0
195 0.26 0.0 0.0
196 0.26 0.0 0.0
197 0.26 0.0 0.0
198 0.26 0.0 0.0
199 0.26 0.0 0.0
200 0.26 0.0 0.0
201 0.26 0.0 0.0
202 0.26 0.0 0.0
203 0.26 0.0 0.0
204 0.26 0.0 0.0
205 0.26 0.0 0.0
206 0.26 0.0 0.0
207 0.26 0.0 0.0
208 0.26 0.0 0.0
209 0.26 0.0 0.0
210 0.26 0.0 0.0
211 0.26 0.0 0.0
212 0.26 0.0 0.0
213 0.26 0.0 0.0
214 0.26 0.0 0.0
215 0.26 0.0 0.0
216 0.26 0.0 0.0
217 0.26 0.0 0.0
218 0.26 0.0 0.0
219 0.26 0.0 0.0
220 0.26 0.0 0.0
221 0.26 -0.05 0.0
222 0.26 -0.1 0.0
223 0.26 -0.1 0.0
224 0.26 -0.15 0.0
225 0.26 -0.2 0.0
226 0.26 -0.2 0.0
227 0.26 -0.25 0.0
228 0.26 -0.3 0.0
229 0.26 -0.3 0.0
230 0.26 -0.35 0.0
231 0.26 -0.4 0.0
232 0.26 -0.4 0.0
233 0.26 -0.4 0.0
234 0.26 -0.45 0.0
235 0.26 -0.5 0.0
236 0.26 -0.5 0.0
237 0.26 -0.5 0.0
238 0.26 -0.5 0.08125
239 0.26 -0.5 0.207
240 0.26 -0.5 0.213916666667
241 0.26 -0.5 0.311083333333
242 0.26 -0.5 0.423083333333
243 0.26 -0.5 0.546583333333
244 0.0 0.0 0.569583333333
245 0.0 0.0 0.591333333333
246 0.0 0.0 0.577083333333
247 0.01 0.0 0.554
248 0.01 0.05 0.554
249 0.01 0.1 0.572333333333
250 0.01 0.1 0.60175
251 0.01 0.25 0.611
252 0.01 0.5 0.60575
253 0.01 0.6 0.58
254 0.0 0.0 0.563
255 0.0 0.0 0.513666666667
256 0.005 0.0 0.513916666667
257 0.01 0.0 0.513833333333
258 0.01 0.0 0.512583333333
259 0.025 0.0 0.507416666667
260 0.05 0.0 0.507333333333
261 0.08 0.0 0.507416666667
262 0.11 0.0 0.500416666667
263 0.14 0.0 0.493583333333
264 0.165 0.0 0.486333333333
265 0.19 0.0 0.47425
266 0.22 0.0 0.4735
267 0.25 0.0 0.453916666667
268 0.26 0.0 0.448
269 0.26 0.0 0.439083333333
270 0.26 0.0 0.431083333333
271 0.26 0.0 0.416333333333
272 0.26 0.0 0.41125
273 0.26 0.0 0.408583333333
274 0.26 0.0 0.3975
275 0.26 0.0 0.39125
276 0.26 0.0 0.38425
277 0.26 0.0 0.380916666667
278 0.26 0.0 0.371083333333
279 0.26 0.0 0.364416666667
280 0.26 0.0 0.358
281 0.26 0.0 0.35125
282 0.26 0.0 0.345
283 0.26 0.0 0.338333333333
284 0.26 0.0 0.332
285 0.26 0.0 0.3215
286 0.26 0.0 0.319083333333
287 0.26 0.0 0.3065
288 0.26 0.0 0.306333333333
289 0.26 0.0 0.300083333333
290 0.26 0.0 0.3
291 0.26 0.0 0.3
292 0.26 0.0 0.270833333333
293 0.26 0.0 0.202583333333
294 0.26 0.0 0.129416666667
295 0.26 0.0 0.04275
296 0.26 0.0 0.0
297 0.26 0.0 0.0
298 0.26 0.0 0.0
299 0.26 0.0 0.0
300 0.26 0.0 0.0
301 0.26 0.0 0.0
302 0.26 0.0 0.0
303 0.26 0.0 0.0
304 0.26 0.0 0.0
305 0.26 0.0 0.0
306 0.26 0.0 0.0
307 0.26 0.0 0.0
308 0.26 0.0 0.0
309 0.26 0.0 0.0
310 0.26 0.0 0.0
311 0.26 0.0 0.0
312 0.26 0.0 0.0
313 0.26 0.0 0.0
314 0.26 0.0 0.0
315 0.26 0.0 0.0
316 0.26 0.0 0.0
317 0.26 0.0 0.0
318 0.26 0.0 0.0
319 0.26 0.0 0.0
320 0.26 0.0 0.0
321 0.26 0.0 0.0
322 0.26 0.0 0.0
323 0.26 0.0 0.0
324 0.26 0.0 0.0
325 0.26 0.0 0.0
326 0.26 0.0 0.0
327 0.26 0.0 0.0
328 0.26 0.0 0.0
329 0.26 0.0 0.0
330 0.26 0.0 0.0
331 0.26 0.0 0.0
332 0.26 0.0 0.0
333 0.26 0.0 0.0
334 0.26 0.0 0.0
335 0.26 0.0 0.0
336 0.26 0.0 0.0
337 0.26 0.0 0.0
338 0.26 0.0 0.0
339 0.26 0.0 0.0
340 0.26 0.0 0.0
341 0.26 0.0 0.0
342 0.26 0.0 0.0
343 0.26 0.0 0.0
344 0.26 0.0 0.0
345 0.26 0.0 0.0
346 0.26 0.0 0.0
347 0.26 0.0 0.0
348 0.26 0.0 0.0
349 0.26 0.0 0.0
350 0.26 0.0 0.0
351 0.26 0.0 0.0
352 0.26 0.0 0.0
353 0.26 0.0 0.0
354 0.26 0.0 0.0
355 0.26 0.0 0.0
356 0.26 0.0 0.0
357 0.26 0.0 0.0
