0 0.26 0.0 0.05775
1 0.26 0.0 0.0
2 0.26 0.0 0.05625
3 0.26 0.0 0.0375
4 0.26 0.0 0.025
5 0.26 0.0 0.01875
6 0.26 0.0 0.00625
7 0.26 0.0 0.0
8 0.26 0.0 0.0
9 0.26 -0.05 0.0
10 0.26 -0.1 0.0
11 0.26 -0.1 0.0
12 0.26 -0.1 0.0
13 0.26 -0.1 0.0
14 0.26 -0.1 0.0
15 0.26 -0.2 0.0
16 0.26 -0.2 0.0
17 0.26 -0.2 0.0
18 0.26 -0.3 0.0
19 0.26 -0.3 0.03125
20 0.26 -0.3 0.10625
21 0.26 -0.3 0.19375
22 0.26 -0.3 0.275
23 0.26 -0.3 0.3625
24 0.26 -0.3 0.45625
25 0.26 -0.3 0.55
26 0.26 -0.3 0.598666666667
27 0.26 -0.3 0.60625
28 0.26 -0.3 0.53125
29 0.26 -0.3 0.45
30 0.0 0.0 0.36875
31 0.0 0.0 0.26875
32 0.0 0.0 0.14375
33 0.0 0.0 0.09375
34 0.01 0.0 0.09375
35 0.01 0.0 0.0875
36 0.01 0.0 0.0875
37 0.025 0.0 0.0875
38 0.055 0.0 0.08125
39 0.08 0.0 0.08125
40 0.11 0.0 0.0875
41 0.135 0.0 0.10625
42 0.165 0.0 0.1125
43 0.19 0.0 0.09375
44 0.22 0.0 0.0875
45 0.245 0.0 0.0875
46 0.26 0.0 0.075
47 0.26 0.0 0.06875
48 0.26 0.0 0.05625
49 0.26 0.0 0.04375
50 0.26 0.0 0.0375
51 0.26 0.0 0.025
52 0.26 0.0 0.0125
53 0.26 0.0 0.00625
54 0.26 0.0 0.0
55 0.26 0.0 0.0
56 0.26 0.1 0.0
57 0.26 0.1 0.0
58 0.26 0.2 0.0
59 0.26 0.25 0.025
60 0.26 0.3 0.075
61 0.26 0.35 0.15
62 0.26 0.4 0.24375
63 0.26 0.4 0.35
64 0.26 0.4 0.45625
65 0.26 0.4 0.56875
66 0.26 0.4 0.68125
67 0.26 0.4 0.75
68 0.26 0.4 0.75
69 0.26 0.4 0.75
70 0.26 0.4 0.75
71 0.0 0.0 0.75
72 0.0 0.0 0.75
73 0.0 0.0 0.75
74 0.0 0.0 0.75
75 0.005 0.0 0.75
76 0.01 0.0 0.75
77 0.01 0.0 0.75
78 0.02 0.0 0.75
79 0.05 0.0 0.75
80 0.075 0.0 0.75
81 0.1 0.0 0.75
82 0.125 0.0 0.75
83 0.155 0.0 0.75
84 0.18 0.0 0.75
85 0.205 0.0 0.75
86 0.23 0.0 0.75
87 0.26 0.0 0.75
88 0.26 0.0 0.75
89 0.26 0.0 0.75
90 0.26 0.0 0.75
91 0.26 0.0 0.75
92 0.26 0.0 0.75
93 0.26 0.0 0.75
94 0.26 0.0 0.75
95 0.26 0.0 0.75
96 0.26 0.0 0.75
97 0.26 0.0 0.75
98 0.26 0.0 0.75
99 0.26 0.0 0.75
100 0.26 0.0 0.75
101 0.26 0.0 0.75
102 0.26 0.0 0.75
103 0.26 0.0 0.75
104 0.26 0.0 0.75
105 0.26 0.0 0.75
106 0.26 0.0 0.75
107 0.26 0.0 0.75
108 0.26 0.0 0.75
109 0.26 0.0 0.75
110 0.26 0.0 0.75
