0 0.26 0.0 0.0633333333333
1 0.26 0.0 0.00625
2 0.26 0.0 0.0
3 0.26 0.0 0.0
4 0.26 0.0 0.0
5 0.26 0.0 0.0
6 0.26 0.0 0.0
7 0.26 0.05 0.0
8 0.26 0.1 0.0
9 0.26 0.2 0.0
10 0.26 0.25 0.0
11 0.26 0.35 0.025
12 0.26 0.4 0.125
13 0.26 0.5 0.225
14 0.26 0.5 0.35
15 0.26 0.5 0.48125
16 0.26 0.5 0.625
17 0.26 0.5 0.6625
18 0.26 0.5 0.51875
19 0.26 0.5 0.3875
20 0.26 0.5 0.25
21 0.26 0.5 0.11875
22 0.26 0.5 0.0
23 0.0 0.0 0.0
24 0.0 0.0 0.0
25 0.005 0.0 0.0
26 0.01 0.0 0.0
27 0.01 0.0 0.0
28 0.015 0.0 0.0
29 0.045 0.0 0.0
30 0.075 0.0 0.0
31 0.105 0.0 0.0
32 0.13 0.0 0.0
33 0.16 0.0 0.0
34 0.185 0.0 0.0
35 0.215 0.0 0.0
36 0.24 0.0 0.0
37 0.26 0.0 0.0
38 0.26 0.0 0.0
39 0.26 0.0 0.0
40 0.26 0.0 0.0
41 0.26 0.0 0.0
42 0.26 0.0 0.0
43 0.26 0.0 0.0
44 0.26 -0.05 0.0
45 0.26 -0.1 0.0
46 0.26 -0.15 0.0
47 0.26 -0.2 0.0
48 0.26 -0.2 0.0
49 0.26 -0.2 0.0
50 0.26 -0.2 0.0
51 0.26 -0.2 0.0
52 0.26 -0.2 0.0
53 0.26 -0.2 0.0
54 0.26 -0.2 0.0
55 0.26 -0.2 0.0
56 0.26 -0.2 0.0
57 0.26 -0.2 0.01875
58 0.26 -0.2 0.06875
59 0.26 -0.2 0.11875
60 0.26 -0.2 0.1875
61 0.26 -0.2 0.24375
62 0.26 -0.2 0.3
63 0.26 -0.2 0.35625
64 0.26 -0.2 0.41875
65 0.26 -0.2 0.46875
66 0.26 -0.2 0.5125
67 0.26 -0.2 0.55625
68 0.26 -0.2 0.60625
69 0.26 -0.2 0.645333333333
70 0.26 -0.2 0.69375
71 0.26 -0.2 0.7375
72 0.0 0.0 0.75
73 0.0 0.0 0.69375
74 0.0 0.0 0.50625
75 0.0 0.0 0.33125
76 0.01 0.0 0.175
77 0.01 -0.05 0.05
78 0.01 -0.1 0.0
79 0.01 -0.1 0.0
80 0.01 -0.2 0.0
81 0.01 -0.45 0.0
82 0.01 -0.75 0.0
83 0.01 -0.9 0.0375
84 0.01 -1.0 0.25
85 0.01 -1.05 0.5
86 0.01 -1.15 0.75
87 0.0 0.0 0.75
88 0.0 0.0 0.75
89 0.005 0.0 0.75
90 0.01 0.0 0.75
91 0.01 0.0 0.75
92 0.025 0.0 0.75
93 0.05 0.0 0.75
94 0.075 0.0 0.75
95 0.1 0.0 0.75
96 0.13 0.0 0.75
97 0.155 0.0 0.75
98 0.18 0.0 0.75
99 0.205 0.0 0.75
100 0.23 0.0 0.75
101 0.26 0.0 0.75
102 0.26 0.0 0.75
103 0.26 0.0 0.75
104 0.26 0.0 0.75
105 0.26 0.0 0.75
106 0.26 0.0 0.75
107 0.26 0.0 0.75
108 0.26 0.0 0.75
109 0.26 0.0 0.75
