0 0.26 0.0 0.0
1 0.26 0.0 0.0
2 0.26 0.0 0.0
3 0.26 0.0 0.0
4 0.26 0.0 0.0
5 0.26 0.0 0.0
6 0.26 0.0 0.0
7 0.26 0.0 0.0
8 0.26 0.0 0.0
9 0.26 0.0 0.0
10 0.26 0.0 0.0
11 0.26 0.0 0.0
12 0.26 -0.05 0.0
13 0.26 -0.1 0.0
14 0.26 -0.2 0.0
15 0.26 -0.25 0.0
16 0.26 -0.35 0.0
17 0.26 -0.4 0.0
18 0.26 -0.5 0.0
19 0.26 -0.5 0.0
20 0.26 -0.5 0.0
21 0.26 -0.5 0.00625
22 0.26 -0.5 0.0375
23 0.26 -0.5 0.04375
24 0.26 -0.5 0.05
25 0.26 -0.5 0.0638333333333
26 0.26 -0.5 0.0
27 0.0 0.0 0.0
28 0.0 0.0 0.0
29 0.0 0.0 0.0
30 0.0 0.0 0.0
31 0.0 0.0 0.0
32 0.0 0.05 0.0
33 0.0 0.1 0.0
34 0.0 0.1 0.0
35 0.0 0.3 0.0
36 0.0 0.6 0.0
37 0.0 0.85 0.0
38 0.0 1.0 0.0
39 0.0 1.1 0.0
40 0.0 0.0 0.0
41 0.0 0.0 0.0
42 0.0 0.0 0.0
43 0.01 0.0 0.0
44 0.01 0.0 0.0
45 0.01 0.0 0.0
46 0.035 0.0 0.0
47 0.06 0.0 0.0
48 0.09 0.0 0.0
49 0.12 0.0 0.0
50 0.15 0.0 0.0
51 0.18 0.0 0.0
52 0.205 0.0 0.0
53 0.235 0.0 0.0
54 0.26 0.0 0.0
55 0.26 0.0 0.0
56 0.26 0.0 0.0
57 0.26 0.0 0.0
58 0.26 0.0 0.0
59 0.26 0.0 0.0
60 0.26 0.05 0.0
61 0.26 0.1 0.0
62 0.26 0.2 0.0
63 0.26 0.3 0.0
64 0.26 0.35 0.0
65 0.26 0.4 0.0
66 0.26 0.5 0.0
67 0.26 0.5 0.0875
68 0.26 0.5 0.2625
69 0.26 0.5 0.304833333333
70 0.26 0.5 0.29375
71 0.26 0.5 0.2875
72 0.26 0.5 0.25625
73 0.0 0.0 0.125
74 0.0 0.0 0.0
75 0.0 0.0 0.075
76 0.005 0.0 0.25625
77 0.01 0.0 0.35
78 0.01 0.0 0.35625
79 0.03 0.0 0.35625
80 0.055 0.0 0.35625
81 0.085 0.0 0.33125
82 0.115 0.0 0.3375
83 0.145 0.0 0.35625
84 0.17 0.0 0.35625
85 0.18 0.0 0.3625
86 0.19 0.0 0.35625
87 0.2 0.0 0.3625
88 0.205 0.0 0.35625
89 0.215 0.0 0.35625
90 0.225 0.0 0.35625
91 0.23 0.0 0.35625
92 0.24 0.0 0.35625
93 0.25 0.0 0.35
94 0.255 0.0 0.35
95 0.26 0.0 0.35
96 0.26 0.0 0.35
97 0.26 0.0 0.34375
98 0.26 0.0 0.34375
99 0.26 0.0 0.34375
100 0.26 0.0 0.340083333333
101 0.26 0.0 0.3375
102 0.26 0.0 0.3375
103 0.26 0.0 0.33125
104 0.26 0.0 0.33125
105 0.26 0.0 0.33125
106 0.26 0.0 0.33125
107 0.26 0.0 0.325
108 0.26 0.0 0.325
109 0.26 0.0 0.31875
110 0.26 0.0 0.31875
111 0.26 0.0 0.3125
112 0.26 0.0 0.3125
113 0.26 0.0 0.30625
114 0.26 0.0 0.30625
115 0.26 0.0 0.29375
116 0.26 0.0 0.29375
117 0.26 0.0 0.28125
118 0.26 0.0 0.28125
119 0.26 0.0 0.26875
120 0.26 0.0 0.2625
121 0.26 0.0 0.2625
122 0.26 0.0 0.25
123 0.26 0.0 0.24375
124 0.26 0.0 0.23125
125 0.26 0.0 0.2305
126 0.26 0.0 0.21875
127 0.26 0.0 0.2125
128 0.26 0.05 0.2
129 0.26 0.1 0.19375
130 0.26 0.15 0.1875
131 0.26 0.2 0.18125
132 0.26 0.25 0.175
133 0.26 0.3 0.175
134 0.26 0.35 0.175
135 0.26 0.4 0.175
136 0.26 0.4 0.175
137 0.26 0.4 0.1
138 0.26 0.4 0.0
139 0.26 0.4 0.0
140 0.26 0.4 0.0
141 0.26 0.4 0.0
142 0.0 0.0 0.0
143 0.0 0.0 0.0
144 0.005 0.0 0.0
145 0.01 0.0 0.0
146 0.01 0.0 0.0
147 0.02 0.0 0.0
148 0.05 0.0 0.0
149 0.08 0.0 0.0
150 0.11 0.0 0.0
151 0.135 0.0 0.0
152 0.17 0.0 0.0
153 0.195 0.0 0.0
154 0.225 0.0 0.0
155 0.255 0.0 0.0
156 0.26 0.0 0.0
157 0.26 0.0 0.0
158 0.26 0.0 0.0
159 0.26 0.0 0.0
160 0.26 0.0 0.0
161 0.26 0.0 0.0
162 0.26 -0.05 0.0
163 0.26 -0.1 0.0
164 0.26 -0.1 0.0
165 0.26 -0.2 0.0
166 0.26 -0.25 0.0
167 0.26 -0.3 0.0
168 0.26 -0.35 0.0
169 0.26 -0.4 0.0
170 0.26 -0.5 0.0
171 0.26 -0.5 0.0
172 0.26 -0.5 0.0
173 0.26 -0.5 0.0
174 0.26 -0.5 0.0
175 0.26 -0.5 0.14375
176 0.0 0.0 0.275
177 0.0 0.0 0.36875
178 0.0 0.0 0.33125
179 0.01 0.0 0.0875
180 0.01 0.0 0.0
181 0.015 0.0 0.0
182 0.04 0.0 0.0
183 0.07 0.0 0.0
184 0.1 0.0 0.0
185 0.125 0.0 0.0
186 0.155 0.0 0.0
187 0.185 -0.05 0.0
188 0.19 -0.1 0.0
189 0.2 -0.1 0.0
190 0.205 -0.1 0.0
191 0.235 -0.4 0.0
192 0.26 -0.65 0.0
193 0.26 -0.7 0.0
194 0.26 -0.8 0.075
195 0.26 -0.9 0.2875
196 0.0 0.0 0.51875
197 0.005 0.0 0.74375
198 0.01 0.0 0.75
199 0.01 0.0 0.75
200 0.02 0.0 0.75
201 0.045 0.0 0.75
202 0.075 0.0 0.75
203 0.1 0.0 0.75
204 0.13 0.0 0.75
205 0.16 0.0 0.75
