0 0.26 0.0 0.0385
1 0.26 0.0 0.057
2 0.26 0.0 0.08125
3 0.26 0.0 0.0875
4 0.26 0.0 0.0625
5 0.26 0.0 0.0625
6 0.26 0.0 0.05625
7 0.26 0.0 0.05
8 0.26 0.0 0.0375
9 0.26 0.0 0.03125
10 0.26 0.0 0.02675
11 0.26 0.0 0.01875
12 0.26 0.0 0.0125
13 0.26 0.0 0.00625
14 0.26 0.0 0.0
15 0.26 0.0 0.0
16 0.26 0.0 0.0
17 0.26 0.0 0.0
18 0.26 0.0 0.0
19 0.26 0.0 0.0
20 0.26 0.0 0.0
21 0.26 0.05 0.0
22 0.26 0.1 0.0
23 0.26 0.1 0.0
24 0.26 0.15 0.0
25 0.26 0.2 0.0
26 0.26 0.2 0.0
27 0.26 0.25 0.0
28 0.26 0.3 0.00625
29 0.26 0.3 0.0488333333333
30 0.26 0.35 0.05625
31 0.26 0.4 0.05
32 0.26 0.4 0.05
33 0.26 0.4 0.05
34 0.26 0.4 0.05
35 0.26 0.4 0.05
36 0.26 0.4 0.05
37 0.26 0.4 0.0518333333333
38 0.26 0.4 0.0514166666667
39 0.26 0.4 0.05
40 0.26 0.4 0.05625
41 0.26 0.4 0.0
42 0.26 0.4 0.0
43 0.26 0.4 0.0
44 0.26 0.4 0.0
45 0.26 0.4 0.0
46 0.26 0.4 0.0
47 0.26 0.4 0.0
48 0.26 0.4 0.0
49 0.26 0.4 0.0
50 0.0 0.0 0.0
51 0.0 0.0 0.0
52 0.0 0.0 0.0
53 0.0 0.0 0.0
54 0.0 0.0 0.0
55 0.005 0.0 0.0
56 0.005 0.0 0.0
57 0.01 0.0 0.0
58 0.01 0.0 0.0
59 0.01 0.0 0.0
60 0.015 0.0 0.0
61 0.03 0.0 0.0
62 0.05 0.0 0.0
63 0.065 0.0 0.0
64 0.08 0.0 0.0
65 0.1 0.0 0.0
66 0.115 0.0 0.0
67 0.135 0.0 0.0
68 0.15 0.0 0.0
69 0.165 0.0 0.0
70 0.185 0.0 0.0
71 0.2 0.0 0.0
72 0.215 0.0 0.0
73 0.235 0.0 0.0
74 0.25 0.0 0.0
75 0.26 0.0 0.0
76 0.26 0.0 0.0
77 0.26 0.0 0.0
78 0.26 0.0 0.0
79 0.26 0.0 0.0
80 0.26 0.0 0.0
81 0.26 0.0 0.0
82 0.26 0.0 0.0
83 0.26 0.0 0.0
84 0.26 0.0 0.0
85 0.26 0.0 0.0
86 0.26 0.0 0.0
87 0.26 0.0 0.0
88 0.26 0.0 0.0
89 0.26 -0.05 0.0
90 0.26 -0.1 0.0
91 0.26 -0.1 0.0
92 0.26 -0.15 0.0
93 0.26 -0.2 0.0
94 0.26 -0.2 0.0
95 0.26 -0.25 0.0
96 0.26 -0.3 0.0
97 0.26 -0.3 0.0
98 0.26 -0.35 0.0
99 0.26 -0.4 0.0
100 0.26 -0.4 0.0
101 0.26 -0.4 0.0
102 0.26 -0.4 0.0
103 0.26 -0.4 0.0
104 0.26 -0.4 0.0
105 0.26 -0.4 0.0
106 0.26 -0.4 0.0
107 0.26 -0.4 0.0
108 0.26 -0.4 0.0
109 0.26 -0.4 0.0
110 0.26 -0.4 0.0
111 0.26 -0.4 0.0
112 0.26 -0.4 0.0
113 0.26 -0.4 0.0
114 0.26 -0.4 0.0
115 0.26 -0.4 0.0
116 0.26 -0.4 0.0
117 0.26 -0.4 0.0
118 0.26 -0.4 0.03125
119 0.26 -0.4 0.1
120 0.26 -0.4 0.1625
121 0.26 -0.4 0.225
122 0.26 -0.4 0.2875
123 0.26 -0.4 0.35
124 0.26 -0.4 0.4125
125 0.0 0.0 0.475
126 0.0 0.0 0.54375
127 0.0 0.0 0.64375
128 0.0 0.0 0.75
129 0.0 0.0 0.75
130 0.005 0.0 0.75
131 0.01 0.0 0.75
132 0.01 0.0 0.75
133 0.01 0.0 0.75
134 0.01 0.0 0.75
135 0.015 0.0 0.75
136 0.03 0.0 0.71875
137 0.045 0.0 0.675
138 0.06 0.0 0.652916666667
139 0.075 0.0 0.645583333333
140 0.085 0.0 0.65
141 0.09 0.0 0.649416666667
142 0.095 0.05 0.64375
143 0.1 0.1 0.65
144 0.105 0.1 0.6625
145 0.11 0.1 0.675
146 0.115 0.1 0.68125
147 0.13 0.25 0.69375
148 0.145 0.4 0.7125
149 0.15 0.45 0.75
150 0.155 0.5 0.75
151 0.16 0.55 0.75
