0 0.26 0.0 0.0256666666667
1 0.26 0.0 0.0253333333333
2 0.26 0.0 0.025
3 0.26 0.0 0.01875
4 0.26 0.0 0.01875
5 0.26 0.0 0.0125
6 0.26 0.0 0.0
7 0.26 0.0 0.0
8 0.26 -0.05 0.0
9 0.26 -0.1 0.0
10 0.26 -0.1 0.0
11 0.26 -0.1 0.0
12 0.26 -0.15 0.0
13 0.26 -0.2 0.0
14 0.26 -0.25 0.0
15 0.26 -0.3 0.0
16 0.26 -0.3 0.0
17 0.26 -0.35 0.0
18 0.26 -0.4 0.0375
19 0.26 -0.45 0.09375
20 0.26 -0.5 0.15625
21 0.26 -0.5 0.23125
22 0.26 -0.5 0.2625
23 0.26 -0.5 0.26875
24 0.26 -0.5 0.275
25 0.26 -0.5 0.278666666667
26 0.26 -0.5 0.292416666667
27 0.26 -0.5 0.225
28 0.26 -0.5 0.13125
29 0.26 -0.5 0.04375
30 0.26 -0.5 0.0
31 0.26 -0.5 0.0
32 0.26 -0.5 0.0
33 0.0 0.0 0.0
34 0.0 0.0 0.0
35 0.0 0.0 0.0
36 0.0 0.0 0.0
37 0.005 0.0 0.0
38 0.01 0.0 0.0
39 0.01 0.0 0.0
40 0.01 0.0 0.0
41 0.01 0.0 0.0
42 0.02 0.0 0.0
43 0.04 0.0 0.0
44 0.055 0.0 0.0
45 0.07 0.0 0.0
46 0.09 0.0 0.0
47 0.105 0.0 0.0
48 0.12 0.0 0.0
49 0.14 0.0 0.0
50 0.155 0.0 0.0
51 0.17 0.0 0.0
52 0.185 0.0 0.0
53 0.2 0.0 0.0
54 0.215 0.0 0.0
55 0.23 0.0 0.0
56 0.245 0.0 0.0
57 0.26 0.0 0.0
58 0.26 0.0 0.0
59 0.26 0.0 0.0
60 0.26 0.0 0.0
61 0.26 0.0 0.0
62 0.26 0.0 0.0
63 0.26 0.0 0.0
64 0.26 0.0 0.0
65 0.26 0.0 0.0
66 0.26 0.0 0.0
67 0.26 0.0 0.0
68 0.26 0.0 0.0
69 0.26 0.0 0.0
70 0.26 0.0 0.0
71 0.26 0.0 0.0
72 0.26 0.0 0.0
73 0.26 0.0 0.0
74 0.26 0.0 0.0
75 0.26 0.0 0.0
76 0.26 0.0 0.0
77 0.26 0.05 0.0
78 0.26 0.1 0.0
79 0.26 0.1 0.0
80 0.26 0.1 0.0
81 0.26 0.1 0.0
82 0.26 0.2 0.0
83 0.26 0.35 0.0
84 0.26 0.4 0.0
85 0.26 0.45 0.0
86 0.26 0.5 0.0
87 0.26 0.55 0.0
88 0.26 0.6 0.0
89 0.26 0.65 0.0
90 0.26 0.7 0.0
91 0.26 0.7 0.0
92 0.26 0.7 0.0
93 0.26 0.7 0.1125
94 0.26 0.7 0.2375
95 0.26 0.7 0.35625
96 0.26 0.7 0.50625
97 0.26 0.7 0.6125
98 0.0 0.0 0.7125
99 0.0 0.0 0.75
100 0.0 0.0 0.75
101 0.0 0.0 0.75
102 0.005 0.0 0.75
103 0.01 0.0 0.75
104 0.01 0.0 0.75
105 0.01 0.0 0.70625
106 0.01 0.0 0.675
107 0.025 0.0 0.65625
108 0.04 0.0 0.65
109 0.055 0.0 0.64375
110 0.075 0.0 0.6375
111 0.09 0.0 0.63125
112 0.105 0.0 0.625
113 0.12 0.0 0.6125
114 0.135 0.0 0.6125
115 0.15 0.0 0.60625
116 0.17 0.0 0.60625
117 0.18 0.0 0.6125
118 0.185 0.0 0.61875
119 0.19 0.0 0.61875
120 0.195 0.0 0.625
121 0.2 -0.05 0.63125
122 0.205 -0.1 0.64375
123 0.21 -0.1 0.66875
124 0.22 -0.1 0.7
125 0.22 -0.1 0.725
126 0.225 -0.1 0.75
127 0.23 -0.1 0.75
128 0.235 -0.1 0.75
129 0.24 -0.1 0.75
130 0.25 -0.05 0.75
131 0.255 0.0 0.75
132 0.26 0.0 0.75
133 0.26 0.0 0.75
134 0.26 0.0 0.75
135 0.26 0.0 0.75
136 0.26 0.0 0.75
137 0.26 0.0 0.75
138 0.26 0.0 0.75
139 0.26 0.0 0.75
140 0.26 0.0 0.75
141 0.26 0.0 0.75
142 0.26 0.0 0.75
143 0.26 0.0 0.75
144 0.26 0.0 0.75
145 0.26 0.0 0.75
146 0.26 -0.05 0.75
147 0.26 -0.1 0.75
148 0.26 -0.1 0.75
149 0.26 -0.1 0.75
150 0.26 -0.1 0.75
