0 0.245 0.0 0.0
1 0.25 0.0 0.0
2 0.26 0.0 0.0
3 0.26 0.0 0.0
4 0.26 0.0 0.0
5 0.26 0.0 0.0
6 0.26 0.0 0.0
7 0.26 0.0 0.0
8 0.26 -0.05 0.0
9 0.26 -0.1 0.0
10 0.26 -0.1 0.0
11 0.26 -0.2 0.0
12 0.26 -0.2 0.0
13 0.26 -0.2 0.0
14 0.26 -0.3 0.0
15 0.26 -0.3 0.0
16 0.26 -0.35 0.0
17 0.26 -0.4 0.0
18 0.26 -0.4 0.00625
19 0.26 -0.4 0.11875
20 0.26 -0.4 0.15625
21 0.26 -0.4 0.1595
22 0.26 -0.4 0.175
23 0.26 -0.4 0.1875
24 0.26 -0.4 0.203
25 0.26 -0.4 0.05625
26 0.26 -0.4 0.0
27 0.0 0.0 0.0
28 0.0 0.0 0.0
29 0.0 0.0 0.0
30 0.005 0.0 0.0
31 0.01 0.0 0.0
32 0.01 0.0 0.0
33 0.025 0.0 0.0
34 0.05 0.0 0.0
35 0.08 0.0 0.0
36 0.105 0.0 0.0
37 0.135 0.0 0.0
38 0.165 0.0 0.0
39 0.19 0.0 0.0
40 0.22 0.0 0.0
41 0.25 0.0 0.0
42 0.26 0.0 0.0
43 0.26 0.0 0.0
44 0.26 0.05 0.0
45 0.26 0.1 0.0
46 0.26 0.1 0.0
47 0.26 0.2 0.0
48 0.26 0.2 0.0
49 0.26 0.2 0.0
50 0.26 0.3 0.0
51 0.26 0.3 0.0
52 0.26 0.3 0.0
53 0.26 0.3 0.0
54 0.26 0.3 0.0
55 0.26 0.3 0.0
56 0.26 0.3 0.0
57 0.26 0.3 0.0
58 0.26 0.3 0.0
59 0.26 0.3 0.0
60 0.26 0.3 0.05
61 0.26 0.3 0.13125
62 0.26 0.3 0.2125
63 0.26 0.3 0.2875
64 0.26 0.4 0.31875
65 0.26 0.4 0.3125
66 0.26 0.4 0.30625
67 0.26 0.4 0.3
68 0.26 0.4 0.25625
69 0.26 0.4 0.15
70 0.0 0.0 0.05
71 0.0 0.0 0.0
72 0.0 0.0 0.0
73 0.0 0.0 0.19375
74 0.0 0.0 0.2875
75 0.0 0.0 0.29375
76 0.0 0.05 0.3
77 0.0 0.1 0.175
78 0.0 0.1 0.025
79 0.0 0.2 0.0
80 0.0 0.5 0.0
81 0.0 0.75 0.0125
82 0.0 0.95 0.184583333333
83 0.0 1.05 0.3
84 0.0 1.1 0.2875
85 0.0 1.2 0.04375
86 0.0 0.0 0.1625
87 0.0 0.0 0.31875
88 0.0 0.0 0.31875
89 0.01 0.0 0.31875
90 0.01 0.0 0.31875
91 0.01 0.0 0.31875
92 0.03 0.0 0.31875
93 0.055 0.0 0.31875
94 0.085 0.0 0.31875
95 0.11 0.0 0.31875
96 0.135 0.0 0.33125
97 0.16 0.0 0.325
98 0.19 0.0 0.325
99 0.215 0.0 0.31875
100 0.24 0.0 0.31875
101 0.26 0.0 0.325
102 0.26 0.0 0.35
103 0.26 0.0 0.35
104 0.26 0.0 0.35
105 0.26 0.0 0.34375
106 0.26 0.0 0.33125
107 0.26 0.0 0.328333333333
108 0.26 0.0 0.325
109 0.26 0.0 0.3125
110 0.26 0.0 0.30625
111 0.26 0.0 0.306083333333
112 0.26 0.0 0.29375
113 0.26 0.0 0.2875
114 0.26 0.0 0.28125
115 0.26 0.0 0.275
116 0.26 0.0 0.26875
117 0.26 0.0 0.25625
118 0.26 0.0 0.254333333333
119 0.26 0.0 0.25
120 0.26 0.0 0.2375
121 0.26 0.0 0.23125
122 0.26 0.0 0.225
123 0.26 0.0 0.21875
124 0.26 0.0 0.20625
125 0.26 0.0 0.201
126 0.26 0.0 0.19375
127 0.26 0.0 0.18125
128 0.26 0.0 0.175
129 0.26 0.0 0.16875
130 0.26 0.0 0.1625
131 0.26 0.0 0.15
132 0.26 0.0 0.14375
133 0.26 0.0 0.13125
134 0.26 0.0 0.125
135 0.26 0.0 0.1125
136 0.26 0.0 0.106083333333
137 0.26 0.0 0.09375
138 0.26 0.0 0.08125
139 0.26 0.0 0.06875
140 0.26 0.0 0.0625
141 0.26 0.0 0.05
142 0.26 0.05 0.0331666666667
143 0.26 0.1 0.025
144 0.26 0.1 0.01875
145 0.26 0.15 0.00625
146 0.26 0.2 0.0
147 0.26 0.2 0.0
148 0.26 0.2 0.0
149 0.26 0.3 0.0
150 0.26 0.3 0.0
151 0.26 0.3 0.0
152 0.26 0.3 0.0
153 0.26 0.3 0.0
154 0.26 0.3 0.0
155 0.26 0.3 0.0
156 0.0 0.0 0.0
157 0.0 0.0 0.0
158 0.0 0.0 0.0
159 0.01 0.0 0.0
160 0.01 0.0 0.0
161 0.01 0.0 0.0
162 0.03 0.0 0.0
163 0.06 0.0 0.0
164 0.09 0.0 0.0
165 0.12 0.0 0.0
166 0.145 0.0 0.0
167 0.175 0.0 0.0
168 0.205 0.0 0.0
169 0.235 0.0 0.0
170 0.26 0.0 0.0
171 0.26 0.0 0.0
172 0.26 0.0 0.0
173 0.26 0.0 0.0
174 0.26 0.0 0.0
175 0.26 0.0 0.0
176 0.26 0.0 0.0
177 0.26 0.0 0.0
178 0.26 0.0 0.0
179 0.26 0.0 0.0
180 0.26 0.0 0.0
181 0.26 0.0 0.0
182 0.26 -0.1 0.0
183 0.26 -0.1 0.0
184 0.26 -0.1 0.0
185 0.26 -0.1 0.0
186 0.26 -0.1 0.0
187 0.26 -0.2 0.0
188 0.26 -0.2 0.0
189 0.26 -0.2 0.0
190 0.26 -0.2 0.0
191 0.26 -0.3 0.0
192 0.26 -0.3 0.0
193 0.26 -0.3 0.0
194 0.26 -0.3 0.05625
195 0.26 -0.3 0.13125
196 0.26 -0.3 0.20625
197 0.0 0.0 0.30625
198 0.0 0.0 0.3875
199 0.0 0.0 0.48125
200 0.0 0.0 0.59375
201 0.01 0.0 0.6375
202 0.01 0.0 0.6375
203 0.01 0.0 0.6375
204 0.03 0.0 0.6375
205 0.055 0.0 0.6375
206 0.08 0.0 0.63125
207 0.11 0.0 0.625
208 0.135 0.0 0.63125
209 0.165 0.0 0.6375
