0 0.26 0.0 0.0
1 0.26 0.0 0.0
2 0.26 0.1 0.0
3 0.26 0.2 0.0
4 0.26 0.3 0.0
5 0.26 0.35 0.0
6 0.26 0.45 0.0
7 0.26 0.5 0.0625
8 0.26 0.5 0.23125
9 0.26 0.5 0.4
10 0.26 0.5 0.55
11 0.26 0.5 0.64375
12 0.26 0.5 0.6625
13 0.26 0.5 0.56875
14 0.26 0.5 0.424166666667
15 0.26 0.5 0.26875
16 0.26 0.5 0.09775
17 0.26 0.5 0.0
18 0.26 0.5 0.0
19 0.26 0.5 0.0
20 0.26 0.5 0.0
21 0.26 0.5 0.0
22 0.26 0.5 0.0
23 0.26 0.5 0.0
24 0.26 0.5 0.0
25 0.26 0.4 0.0
26 0.26 0.4 0.0
27 0.26 0.3 0.0
28 0.26 0.3 0.0
29 0.26 0.3 0.0
30 0.26 0.3 0.0
31 0.26 0.25 0.0
32 0.26 0.2 0.0
33 0.26 0.2 0.0
34 0.26 0.1 0.0
35 0.26 -0.15 0.0
36 0.26 -0.45 0.0
37 0.26 -0.65 0.0
38 0.26 -0.75 0.0
39 0.26 -0.85 0.0
40 0.26 -0.95 0.0
41 0.26 -1.05 0.0
42 0.26 -1.1 0.0
43 0.26 -1.2 0.0
44 0.26 -1.25 0.0
45 0.0 0.0 0.0
46 0.0 0.0 0.0
47 0.005 0.0 0.110083333333
48 0.01 0.0 0.15625
49 0.01 0.0 0.15625
50 0.03 0.0 0.155916666667
51 0.06 0.0 0.15
52 0.09 0.0 0.15
53 0.12 0.0 0.138416666667
54 0.145 0.0 0.139333333333
55 0.18 0.0 0.138666666667
56 0.21 0.0 0.179
57 0.235 0.0 0.182416666667
58 0.245 0.0 0.170583333333
59 0.255 0.0 0.16275
60 0.26 0.0 0.149416666667
61 0.26 0.0 0.142
62 0.26 0.0 0.134666666667
63 0.26 0.0 0.103416666667
64 0.26 0.0 0.0831666666667
65 0.26 0.0 0.0694166666667
66 0.26 0.0 0.0619166666667
67 0.26 0.0 0.0603333333333
68 0.26 0.0 0.0463333333333
69 0.26 0.0 0.0330833333333
70 0.26 0.0 0.0355
71 0.26 0.0 0.0255833333333
72 0.26 0.0 0.0190833333333
73 0.26 0.0 0.0100833333333
74 0.26 0.0 0.0
75 0.26 0.0 0.0
76 0.26 0.0 0.0
77 0.26 0.0 0.0
78 0.26 0.0 0.0
79 0.26 0.0 0.0
80 0.26 0.0 0.0
81 0.26 0.0 0.0
82 0.26 0.0 0.0
83 0.26 0.0 0.0
84 0.26 0.0 0.0
85 0.26 0.0 0.0
86 0.26 0.0 0.0
87 0.26 0.0 0.0
88 0.26 0.0 0.0
89 0.26 0.0 0.0
90 0.26 0.0 0.0
91 0.26 0.0 0.0
92 0.26 0.0 0.0
93 0.26 0.0 0.0
94 0.26 0.0 0.0
95 0.26 -0.1 0.0
96 0.26 -0.1 0.0
97 0.26 -0.1 0.0
98 0.26 -0.1 0.0
99 0.26 -0.1 0.0
100 0.26 -0.1 0.0
101 0.26 -0.1 0.0
102 0.26 -0.1 0.0
103 0.26 -0.1 0.0
104 0.26 -0.1 0.0
105 0.26 -0.1 0.0
106 0.26 -0.1 0.0
107 0.26 -0.1 0.0
108 0.26 -0.1 0.0
109 0.26 -0.1 0.0
110 0.26 -0.1 0.0
111 0.26 -0.1 0.0
112 0.26 -0.05 0.0
113 0.26 0.0 0.0
114 0.26 0.0 0.0
115 0.26 0.0 0.0
116 0.26 0.0 0.0
117 0.26 0.0 0.0
118 0.26 0.0 0.0
119 0.26 0.0 0.0
120 0.26 0.0 0.0
121 0.26 0.0 0.0
122 0.26 0.0 0.0
123 0.26 0.0 0.0
124 0.26 0.0 0.0
125 0.26 0.0 0.0
126 0.26 0.0 0.0
127 0.26 0.0 0.0
128 0.26 0.0 0.0
129 0.26 -0.05 0.0
130 0.26 -0.1 0.0
131 0.26 -0.1 0.0
132 0.26 -0.15 0.0
133 0.26 -0.2 0.0
134 0.26 -0.2 0.0
135 0.26 -0.2 0.0
136 0.26 -0.2 0.0
137 0.26 -0.2 0.0
138 0.26 -0.2 0.0
139 0.26 -0.2 0.0
140 0.26 -0.2 0.0
141 0.26 -0.2 0.0
142 0.26 -0.2 0.0
143 0.26 -0.2 0.0
144 0.26 -0.2 0.0
145 0.26 -0.2 0.0
146 0.26 -0.2 0.0
147 0.26 -0.2 0.0
148 0.26 -0.2 0.0
149 0.26 -0.2 0.0
150 0.26 -0.2 0.0
151 0.26 -0.2 0.0
152 0.26 -0.2 0.0
153 0.26 -0.2 0.0
154 0.26 -0.2 0.0
155 0.26 -0.2 0.0
156 0.26 -0.2 0.0
157 0.26 -0.2 0.0
158 0.26 -0.2 0.0
159 0.26 -0.2 0.0
160 0.26 -0.2 0.0
161 0.26 -0.2 0.0
162 0.26 -0.2 0.0
163 0.26 -0.2 0.0
164 0.26 -0.2 0.0
165 0.26 -0.2 0.03125
166 0.26 -0.2 0.0775833333333
167 0.26 -0.2 0.0924166666667
168 0.26 -0.2 0.1145
169 0.26 -0.2 0.127083333333
170 0.26 -0.2 0.134416666667
171 0.26 -0.2 0.142666666667
172 0.26 -0.2 0.158333333333
173 0.26 -0.2 0.163666666667
174 0.26 -0.2 0.185166666667
175 0.26 -0.2 0.23
176 0.26 -0.2 0.264333333333
177 0.26 -0.2 0.291416666667
178 0.26 -0.2 0.2995
179 0.26 -0.2 0.33075
180 0.26 -0.15 0.38275
181 0.26 -0.1 0.42225
182 0.26 -0.1 0.446416666667
183 0.26 -0.1 0.471833333333
184 0.26 -0.1 0.5085
185 0.26 -0.1 0.349
186 0.26 -0.1 0.09275
187 0.26 -0.1 0.0165
188 0.26 -0.1 0.0
189 0.26 -0.1 0.0
190 0.26 -0.1 0.0
191 0.26 0.0 0.0
192 0.26 0.0 0.0
193 0.26 0.0 0.0
194 0.26 0.0 0.0
195 0.26 0.0 0.0
196 0.26 0.0 0.0
197 0.26 0.0 0.0
198 0.26 0.0 0.0
199 0.26 0.0 0.0
200 0.26 0.0 0.0
201 0.26 0.0 0.0
202 0.26 0.0 0.0
203 0.26 0.0 0.0
204 0.26 0.0 0.0
205 0.26 0.0 0.0
206 0.26 0.0 0.0
207 0.26 0.0 0.0
208 0.26 0.0 0.0
209 0.26 0.0 0.0
210 0.26 0.0 0.0
211 0.26 0.0 0.0
212 0.26 0.0 0.0
213 0.26 0.0 0.0
214 0.26 0.0 0.0
215 0.26 0.0 0.0
216 0.26 0.0 0.0
217 0.26 0.0 0.0
218 0.26 0.0 0.0
219 0.26 0.0 0.0
220 0.26 0.0 0.0
221 0.26 0.0 0.0
222 0.26 0.0 0.0
223 0.26 0.0 0.0
224 0.26 0.0 0.0
225 0.26 0.0 0.0
226 0.26 0.0 0.0
227 0.26 0.0 0.0
228 0.26 0.0 0.0
229 0.26 0.0 0.0
230 0.26 0.0 0.0
231 0.26 0.0 0.0
232 0.26 0.0 0.0
233 0.26 0.0 0.0
234 0.26 -0.1 0.0
235 0.26 -0.1 0.0
236 0.26 -0.25 0.0
237 0.26 -0.55 0.0
238 0.26 -0.65 0.0
239 0.26 -0.7 0.0
240 0.26 -0.8 0.0
241 0.26 -0.9 0.0
242 0.26 -1.0 0.0
243 0.26 -1.0 0.16875
244 0.26 -1.0 0.43125
245 0.0 0.0 0.677
246 0.0 0.0 0.67325
247 0.0 0.0 0.5875
248 0.0 0.1 0.44375
249 0.0 0.1 0.44375
250 0.0 0.1 0.475
251 0.0 0.55 0.54375
252 0.0 0.6 0.6125
253 0.0 0.7 0.691416666667
254 0.0 0.8 0.6185
255 0.0 0.0 0.5005
256 0.0 0.0 0.426416666667
257 0.01 0.0 0.422166666667
258 0.01 0.0 0.420583333333
259 0.03 0.0 0.412916666667
260 0.06 0.0 0.414166666667
261 0.085 0.0 0.413666666667
262 0.12 0.0 0.425666666667
263 0.145 0.0 0.418916666667
264 0.175 0.0 0.394166666667
265 0.21 0.0 0.387333333333
266 0.24 0.0 0.387416666667
267 0.26 0.0 0.36175
268 0.26 0.0 0.356
269 0.26 0.0 0.3355
270 0.26 0.0 0.32875
271 0.26 0.0 0.315333333333
272 0.26 0.0 0.302583333333
273 0.26 0.0 0.289
274 0.26 0.0 0.287583333333
275 0.26 0.0 0.273833333333
276 0.26 0.0 0.260666666667
277 0.26 0.0 0.247
278 0.26 0.0 0.245083333333
279 0.26 0.0 0.230916666667
280 0.26 0.0 0.217833333333
281 0.26 0.0 0.21075
282 0.26 0.0 0.191583333333
283 0.26 0.0 0.18425
284 0.26 0.0 0.177583333333
285 0.26 0.0 0.164833333333
286 0.26 0.0 0.15825
287 0.26 0.0 0.146083333333
288 0.26 0.0 0.13875
289 0.26 0.0 0.134166666667
290 0.26 0.0 0.1255
291 0.26 0.0 0.113
292 0.26 0.0 0.1065
293 0.26 0.0 0.0938333333333
294 0.26 0.0 0.08475
295 0.26 0.0 0.075
296 0.26 0.0 0.0625
297 0.26 0.0 0.05
298 0.26 0.0 0.04375
299 0.26 0.0 0.0125
300 0.26 0.0 0.0
301 0.26 0.0 0.0
302 0.26 0.0 0.0
303 0.26 0.0 0.0
304 0.26 0.0 0.0
305 0.26 0.0 0.0
306 0.26 0.0 0.0
307 0.26 0.0 0.0
