0 0.26 0.0 0.0
1 0.26 0.0 0.0
2 0.26 0.1 0.0
3 0.26 0.15 0.0
4 0.26 0.25 0.0
5 0.26 0.35 0.0
6 0.26 0.4 0.0
7 0.26 0.4 0.1125
8 0.26 0.4 0.21875
9 0.26 0.4 0.34375
10 0.26 0.4 0.50625
11 0.26 0.4 0.66875
12 0.26 0.4 0.66875
13 0.26 0.4 0.54375
14 0.26 0.4 0.4375
15 0.26 0.3 0.2
16 0.26 0.3 0.0875
17 0.26 0.25 0.0
18 0.26 0.2 0.0
19 0.26 0.2 0.0
20 0.26 0.1 0.0
21 0.26 0.1 0.0
22 0.26 0.1 0.0
23 0.26 0.1 0.0
24 0.26 0.1 0.0
25 0.26 0.1 0.0
26 0.26 0.1 0.0
27 0.26 0.05 0.0
28 0.26 2.77555756156e-17 0.0
29 0.26 2.77555756156e-17 0.0
30 0.26 2.77555756156e-17 0.0
31 0.26 2.77555756156e-17 0.0
32 0.26 -0.05 0.0
33 0.26 -0.1 0.0
34 0.26 -0.1 0.0
35 0.26 -0.15 0.0
36 0.26 -0.2 0.0
37 0.26 -0.2 0.0
38 0.26 -0.2 0.0
39 0.26 -0.2 0.0
40 0.26 -0.2 0.0
41 0.26 -0.2 0.0
42 0.26 -0.2 0.0
43 0.26 -0.2 0.0
44 0.26 -0.2 0.0
45 0.26 -0.2 0.0
46 0.26 -0.2 0.0
47 0.26 -0.2 0.0
48 0.26 -0.2 0.0
49 0.26 -0.2 0.0
50 0.26 -0.2 0.0
51 0.26 -0.2 0.0
52 0.26 -0.2 0.0
53 0.26 -0.2 0.0
54 0.26 -0.2 0.0
55 0.26 -0.2 0.0
56 0.26 -0.15 0.0
57 0.26 -0.1 0.00625
58 0.26 -0.1 0.0375
59 0.26 -0.1 0.06875
60 0.26 -0.1 0.09375
61 0.26 -0.1 0.125
62 0.26 -0.1 0.15
63 0.26 -0.1 0.175
64 0.26 -0.1 0.20625
65 0.26 -0.1 0.2375
66 0.26 -0.1 0.275
67 0.26 -0.1 0.30625
68 0.26 -0.1 0.34375
69 0.26 -0.1 0.335166666667
70 0.26 -0.1 0.2825
71 0.26 -0.1 0.205
72 0.26 -0.1 0.0895833333333
73 0.26 -0.15 0.0
74 0.26 -0.2 0.0
75 0.26 -0.2 0.0
76 0.26 -0.25 0.0
77 0.26 -0.3 0.0
78 0.26 -0.3 0.0
79 0.26 -0.3 0.0
80 0.26 -0.3 0.0
81 0.26 -0.3 0.0
82 0.26 -0.2 0.0
83 0.26 -0.2 0.0
84 0.26 -0.2 0.0
85 0.26 -0.2 0.0
86 0.26 -0.2 0.0
87 0.26 -0.2 0.0
88 0.26 -0.15 0.0
89 0.26 -0.1 0.0
90 0.26 -0.1 0.0
91 0.26 0.15 0.0
92 0.26 0.25 0.0
93 0.26 0.35 0.0
94 0.26 0.4 0.0
95 0.0 0.0 0.0
96 0.0 0.0 0.0
97 0.0 0.0 0.0
98 0.005 0.0 0.0
99 0.01 0.0 0.0
100 0.01 0.1 0.0
101 0.01 0.15 0.0
102 0.01 0.25 0.0
103 0.01 0.3 0.0
104 0.01 0.3 0.0
105 0.01 0.3 0.0
106 0.0 0.0 0.0
107 0.0 0.0 0.0
108 0.005 0.0 0.0
109 0.01 0.0 0.0
110 0.01 0.0 0.0
111 0.05 0.0 0.0
112 0.08 0.0 0.0
113 0.11 0.0 0.0
114 0.135 0.0 0.0
115 0.17 0.0 0.0
116 0.205 0.0 0.0
117 0.235 0.0 0.0
118 0.26 0.0 0.0
119 0.26 0.0 0.0
120 0.26 0.0 0.0
121 0.26 0.0 0.0
122 0.26 0.0 0.0
123 0.26 0.0 0.0
124 0.26 0.0 0.0
125 0.26 0.0 0.0
126 0.26 0.0 0.0
127 0.26 0.0 0.0
128 0.26 0.0 0.0
129 0.26 0.0 0.0
130 0.26 0.0 0.0
131 0.26 0.0 0.0
132 0.26 0.0 0.0
133 0.26 0.0 0.0
134 0.26 -0.1 0.0
135 0.26 -0.1 0.0
136 0.26 -0.3 0.0
137 0.26 -0.65 0.0
138 0.26 -1.0 0.0
139 0.26 -1.1 0.0
140 0.26 -1.2 0.0
141 0.26 -1.3 0.0
142 0.26 -1.4 0.09
143 0.0 0.0 0.132
144 0.0 0.0 0.432
145 0.0 0.0 0.58425
146 0.005 0.0 0.519
147 0.01 0.0 0.510666666667
148 0.01 0.0 0.497333333333
149 0.04 0.0 0.48025
150 0.07 0.0 0.44225
151 0.1 0.0 0.37975
152 0.13 0.0 0.242416666667
153 0.165 0.0 0.151
154 0.2 0.0 0.0294166666667
155 0.235 0.0 0.0
156 0.26 0.0 0.0
157 0.26 0.0 0.0
158 0.26 0.0 0.0
159 0.26 0.0 0.0
160 0.26 0.0 0.0
161 0.26 0.0 0.0
162 0.26 0.0 0.0
163 0.26 0.0 0.0
164 0.26 0.0 0.0
165 0.26 0.0 0.0
166 0.26 0.0 0.0
167 0.26 0.0 0.0
168 0.26 0.0 0.0
169 0.26 0.0 0.0
170 0.26 0.0 0.0
171 0.26 0.0 0.0
172 0.26 0.0 0.0
173 0.26 0.0 0.0
174 0.26 0.0 0.0
175 0.26 0.0 0.0
176 0.26 0.0 0.0
177 0.26 0.0 0.0
178 0.26 0.0 0.0
179 0.26 0.0 0.0
180 0.26 0.0 0.0
181 0.26 0.0 0.0
182 0.26 0.0 0.0
183 0.26 0.0 0.0
184 0.26 0.0 0.0
185 0.26 0.0 0.0
186 0.26 0.0 0.0
187 0.26 0.0 0.0
188 0.26 0.0 0.0
189 0.26 0.0 0.0
190 0.26 0.0 0.0
191 0.26 0.0 0.0
192 0.26 0.0 0.0
193 0.26 0.0 0.0
194 0.26 -0.05 0.0
195 0.26 -0.1 0.0
196 0.26 -0.15 0.0
197 0.26 -0.2 0.0
198 0.26 -0.2 0.0
199 0.26 -0.3 0.0
200 0.26 -0.3 0.0
201 0.26 -0.3 0.0
202 0.26 -0.3 0.0
203 0.26 -0.3 0.0
204 0.26 -0.3 0.0
205 0.26 -0.3 0.0
206 0.26 -0.3 0.0
207 0.26 -0.3 0.0
208 0.26 -0.3 0.0
209 0.26 -0.3 0.0
210 0.26 -0.3 0.0
211 0.26 -0.3 0.0
212 0.26 -0.3 0.0
213 0.26 -0.3 0.0
214 0.26 -0.3 0.0543333333333
215 0.26 -0.3 0.16875
216 0.26 -0.3 0.2105
217 0.26 -0.3 0.2065
218 0.26 -0.3 0.279166666667
219 0.26 -0.3 0.347583333333
220 0.26 -0.3 0.421833333333
221 0.26 -0.3 0.492583333333
222 0.26 -0.3 0.563083333333
223 0.26 -0.3 0.54775
224 0.26 -0.3 0.5715
225 0.26 -0.3 0.59125
226 0.26 -0.3 0.579583333333
227 0.26 -0.3 0.503416666667
228 0.0 0.0 0.402083333333
229 0.0 0.0 0.295583333333
230 0.0 0.0 0.264083333333
231 0.0 0.1 0.264083333333
232 0.0 0.1 0.287583333333
233 0.0 0.1 0.32525
234 0.0 0.2 0.352
235 0.0 0.2 0.420666666667
236 0.0 0.0 0.4645
237 0.005 0.0 0.451916666667
238 0.01 0.0 0.451916666667
239 0.01 0.0 0.451916666667
240 0.03 0.0 0.451916666667
241 0.065 0.0 0.451666666667
242 0.095 0.0 0.451333333333
243 0.13 0.0 0.43975
244 0.15 0.0 0.4265
245 0.185 0.0 0.431416666667
246 0.215 0.0 0.3815
247 0.255 0.0 0.37475
248 0.26 0.0 0.336833333333
249 0.26 0.0 0.328
250 0.26 0.0 0.320583333333
251 0.26 0.0 0.318833333333
252 0.26 0.0 0.312333333333
253 0.26 0.0 0.308916666667
254 0.26 0.0 0.30525
255 0.26 0.0 0.298416666667
256 0.26 0.0 0.295333333333
257 0.26 0.0 0.287
258 0.26 0.0 0.284083333333
259 0.26 0.0 0.267666666667
260 0.26 0.0 0.1945
261 0.26 0.0 0.12225
262 0.26 0.0 0.0420833333333
263 0.26 0.0 0.015
264 0.26 0.0 0.00933333333333
265 0.26 0.0 0.0055
266 0.26 0.0 0.002
267 0.26 0.0 0.00025
268 0.26 0.0 0.0
269 0.26 0.0 0.0
270 0.26 0.0 0.0
271 0.26 0.0 0.0
272 0.26 0.0 0.0
273 0.26 0.0 0.0
274 0.26 0.0 0.0
275 0.26 0.0 0.0
276 0.26 0.0 0.0
277 0.26 0.0 0.0
278 0.26 0.0 0.0
279 0.26 0.0 0.0
280 0.26 0.0 0.0
281 0.26 0.0 0.0
282 0.26 0.0 0.0
283 0.26 0.0 0.0
284 0.26 0.0 0.0
285 0.26 0.0 0.0
286 0.26 0.0 0.0
287 0.26 0.0 0.0
288 0.26 0.0 0.0
289 0.26 0.1 0.0
290 0.26 0.1 0.0
291 0.26 0.1 0.0
292 0.26 0.1 0.0
293 0.26 0.1 0.0
294 0.26 0.05 0.0
295 0.26 0.0 0.0
296 0.26 0.0 0.0
