0 0.26 0.0 0.0641666666667
1 0.26 0.0 0.14375
2 0.26 0.0 0.15
3 0.26 0.0 0.14375
4 0.26 0.0 0.13125
5 0.26 0.0 0.125
6 0.26 0.0 0.11875
7 0.26 0.0 0.10625
8 0.26 0.1 0.1
9 0.26 0.1 0.11875
10 0.26 0.15 0.1375
11 0.26 0.2 0.175
12 0.26 0.2 0.21875
13 0.26 0.3 0.275
14 0.26 0.3 0.34375
15 0.26 0.4 0.43125
16 0.26 0.4 0.5375
17 0.26 0.4 0.65
18 0.26 0.4 0.69375
19 0.26 0.4 0.5875
20 0.26 0.4 0.48125
21 0.26 0.4 0.36875
22 0.26 0.4 0.26875
23 0.26 0.4 0.15625
24 0.26 0.4 0.04375
25 0.0 0.0 0.0
26 0.0 0.0 0.0
27 0.0 0.0 0.0
28 0.01 0.0 0.0
29 0.01 0.0 0.0
30 0.01 0.0 0.0
31 0.025 0.0 0.0
32 0.055 0.0 0.0
33 0.08 0.0 0.0
34 0.11 0.0 0.0
35 0.14 0.0 0.0
36 0.165 0.0 0.0
37 0.195 0.0 0.0
38 0.22 0.0 0.0
39 0.25 0.0 0.0
40 0.26 0.0 0.0
41 0.26 0.0 0.0
42 0.26 -0.05 0.0
43 0.26 -0.1 0.0
44 0.26 -0.2 0.0
45 0.26 -0.2 0.0
46 0.26 -0.25 0.0
47 0.26 -0.3 0.0
48 0.26 -0.4 0.0
49 0.26 -0.4 0.0
50 0.26 -0.4 0.0
51 0.26 -0.4 0.025
52 0.26 -0.4 0.1375
53 0.26 -0.4 0.24375
54 0.26 -0.4 0.35625
55 0.26 -0.4 0.46875
56 0.26 -0.4 0.5875
57 0.26 -0.4 0.69375
58 0.26 -0.4 0.75
59 0.26 -0.4 0.75
60 0.26 -0.4 0.75
61 0.0 0.0 0.75
62 0.0 0.0 0.75
63 0.01 0.0 0.75
64 0.01 0.0 0.75
65 0.01 0.0 0.75
66 0.03 0.0 0.75
67 0.055 0.0 0.75
68 0.08 0.0 0.75
69 0.11 0.0 0.75
70 0.135 0.0 0.75
71 0.16 0.0 0.75
72 0.185 0.0 0.75
73 0.215 0.0 0.75
74 0.24 0.0 0.75
75 0.26 0.0 0.75
76 0.26 0.0 0.75
77 0.26 0.0 0.75
78 0.26 0.0 0.75
79 0.26 0.0 0.75
80 0.26 0.0 0.75
81 0.26 0.0 0.75
82 0.26 0.0 0.75
83 0.26 0.0 0.75
84 0.26 0.0 0.75
85 0.26 0.0 0.75
86 0.26 0.0 0.75
87 0.26 0.0 0.75
88 0.26 0.0 0.75
89 0.26 0.0 0.75
90 0.26 0.0 0.75
91 0.26 0.0 0.75
92 0.26 0.0 0.75
93 0.26 0.0 0.75
94 0.26 0.0 0.75
95 0.26 0.0 0.75
96 0.26 0.0 0.75
97 0.26 0.0 0.75
98 0.26 0.0 0.75
99 0.26 0.0 0.75
100 0.26 0.0 0.74375
101 0.26 0.0 0.74375
102 0.26 0.0 0.7375
103 0.26 0.0 0.73125
104 0.26 0.0 0.73125
105 0.26 0.0 0.725
106 0.26 0.0 0.725
107 0.26 0.0 0.71875
108 0.26 0.0 0.71875
109 0.26 0.0 0.7125
110 0.26 0.0 0.70625
