0 0.26 0.1 0.262833333333
1 0.26 0.2 0.264
2 0.26 0.25 0.263916666667
3 0.26 0.3 0.264
4 0.26 0.35 0.266
5 0.26 0.4 0.266416666667
6 0.26 0.4 0.26625
7 0.26 0.4 0.2665
8 0.26 0.4 0.277916666667
9 0.26 0.4 0.2785
10 0.26 0.4 0.278
11 0.26 0.4 0.277833333333
12 0.26 0.4 0.27725
13 0.26 0.4 0.276333333333
14 0.26 0.4 0.276583333333
15 0.26 0.4 0.289416666667
16 0.26 0.4 0.291666666667
17 0.26 0.4 0.291666666667
18 0.26 0.4 0.291666666667
19 0.26 0.4 0.291666666667
20 0.26 0.4 0.291666666667
21 0.26 0.4 0.291666666667
22 0.26 0.4 0.291666666667
23 0.26 0.4 0.291666666667
24 0.26 0.4 0.291666666667
25 0.26 0.4 0.291666666667
26 0.26 0.4 0.291666666667
27 0.26 0.4 0.291666666667
28 0.26 0.4 0.291666666667
29 0.26 0.4 0.291666666667
30 0.26 0.4 0.291666666667
31 0.26 0.4 0.291666666667
32 0.26 0.4 0.291666666667
33 0.26 0.4 0.291666666667
34 0.26 0.4 0.291666666667
35 0.26 0.4 0.291666666667
36 0.26 0.4 0.291666666667
37 0.26 0.4 0.291666666667
38 0.26 0.4 0.291666666667
39 0.26 0.4 0.291666666667
40 0.26 0.4 0.291666666667
41 0.26 0.35 0.291666666667
42 0.26 0.3 0.291666666667
43 0.26 0.2 0.291666666667
44 0.26 0.15 0.291666666667
45 0.26 0.1 0.291666666667
46 0.26 0.05 0.291666666667
47 0.26 2.77555756156e-17 0.291666666667
48 0.26 -0.1 0.291666666667
49 0.26 -0.1 0.291666666667
50 0.26 -0.1 0.291666666667
51 0.26 -0.1 0.291666666667
52 0.26 -0.1 0.291666666667
53 0.26 -0.1 0.291666666667
54 0.26 -0.1 0.291666666667
55 0.26 -0.1 0.291666666667
56 0.26 -0.1 0.291666666667
57 0.26 -0.1 0.291666666667
58 0.26 -0.1 0.291666666667
59 0.26 -0.1 0.291666666667
60 0.26 -0.1 0.291666666667
61 0.26 -0.1 0.291666666667
62 0.26 -0.1 0.291666666667
63 0.26 -0.1 0.291666666667
64 0.26 -0.1 0.291666666667
65 0.26 -0.1 0.291666666667
66 0.26 -0.1 0.291666666667
67 0.26 -0.1 0.291666666667
68 0.26 -0.1 0.291666666667
69 0.26 -0.1 0.291666666667
70 0.26 2.77555756156e-17 0.291666666667
71 0.26 2.77555756156e-17 0.291666666667
72 0.26 2.77555756156e-17 0.291666666667
73 0.26 2.77555756156e-17 0.291666666667
74 0.26 2.77555756156e-17 0.291666666667
75 0.26 2.77555756156e-17 0.291666666667
76 0.26 2.77555756156e-17 0.291666666667
77 0.26 2.77555756156e-17 0.291666666667
78 0.26 2.77555756156e-17 0.291666666667
79 0.26 2.77555756156e-17 0.291666666667
80 0.26 2.77555756156e-17 0.291666666667
81 0.26 2.77555756156e-17 0.291666666667
82 0.26 2.77555756156e-17 0.291666666667
83 0.26 2.77555756156e-17 0.291666666667
84 0.26 2.77555756156e-17 0.291666666667
85 0.26 2.77555756156e-17 0.291666666667
86 0.26 2.77555756156e-17 0.291666666667
87 0.26 2.77555756156e-17 0.291666666667
88 0.26 2.77555756156e-17 0.291666666667
89 0.26 2.77555756156e-17 0.291666666667
90 0.26 2.77555756156e-17 0.291666666667
91 0.26 2.77555756156e-17 0.291666666667
92 0.26 2.77555756156e-17 0.291666666667
93 0.26 2.77555756156e-17 0.291666666667
94 0.26 2.77555756156e-17 0.291666666667
95 0.26 2.77555756156e-17 0.291666666667
96 0.26 2.77555756156e-17 0.291666666667
97 0.26 2.77555756156e-17 0.291666666667
98 0.26 2.77555756156e-17 0.291666666667
99 0.26 2.77555756156e-17 0.291666666667
100 0.26 2.77555756156e-17 0.291666666667
101 0.26 2.77555756156e-17 0.291666666667
102 0.26 2.77555756156e-17 0.291666666667
103 0.26 2.77555756156e-17 0.291666666667
104 0.26 2.77555756156e-17 0.291666666667
105 0.26 2.77555756156e-17 0.291666666667
106 0.26 2.77555756156e-17 0.291666666667
107 0.26 2.77555756156e-17 0.291666666667
108 0.26 2.77555756156e-17 0.291666666667
109 0.26 2.77555756156e-17 0.291666666667
110 0.26 2.77555756156e-17 0.291666666667
111 0.26 2.77555756156e-17 0.291666666667
112 0.26 2.77555756156e-17 0.291666666667
113 0.26 2.77555756156e-17 0.291666666667
114 0.26 2.77555756156e-17 0.291666666667
115 0.26 2.77555756156e-17 0.291666666667
116 0.26 2.77555756156e-17 0.291666666667
117 0.26 2.77555756156e-17 0.291666666667
118 0.26 2.77555756156e-17 0.291666666667
119 0.26 2.77555756156e-17 0.291666666667
120 0.26 2.77555756156e-17 0.291666666667
121 0.26 2.77555756156e-17 0.291666666667
122 0.26 2.77555756156e-17 0.291666666667
123 0.26 2.77555756156e-17 0.291666666667
124 0.26 2.77555756156e-17 0.291666666667
125 0.26 2.77555756156e-17 0.291666666667
126 0.26 2.77555756156e-17 0.291666666667
127 0.26 2.77555756156e-17 0.291666666667
128 0.26 2.77555756156e-17 0.291666666667
129 0.26 2.77555756156e-17 0.291666666667
130 0.26 2.77555756156e-17 0.291666666667
131 0.26 2.77555756156e-17 0.291666666667
132 0.26 2.77555756156e-17 0.291666666667
133 0.26 2.77555756156e-17 0.291666666667
134 0.26 2.77555756156e-17 0.291666666667
135 0.26 2.77555756156e-17 0.291666666667
136 0.26 2.77555756156e-17 0.291666666667
137 0.26 2.77555756156e-17 0.291666666667
138 0.26 2.77555756156e-17 0.28975
139 0.26 2.77555756156e-17 0.287833333333
140 0.26 2.77555756156e-17 0.285916666667
141 0.26 2.77555756156e-17 0.282083333333
142 0.26 2.77555756156e-17 0.280166666667
143 0.26 2.77555756156e-17 0.27825
144 0.26 2.77555756156e-17 0.274416666667
145 0.26 2.77555756156e-17 0.2725
146 0.26 2.77555756156e-17 0.270583333333
147 0.26 2.77555756156e-17 0.26675
148 0.26 2.77555756156e-17 0.26675
149 0.26 2.77555756156e-17 0.262916666667
150 0.26 2.77555756156e-17 0.261
151 0.26 2.77555756156e-17 0.259083333333
152 0.26 2.77555756156e-17 0.25525
153 0.26 2.77555756156e-17 0.253333333333
154 0.26 2.77555756156e-17 0.251416666667
155 0.26 2.77555756156e-17 0.2495
156 0.26 2.77555756156e-17 0.245666666667
157 0.26 2.77555756156e-17 0.24375
158 0.26 2.77555756156e-17 0.239916666667
159 0.26 2.77555756156e-17 0.238
160 0.26 2.77555756156e-17 0.236083333333
161 0.26 2.77555756156e-17 0.233416666667
162 0.26 2.77555756156e-17 0.23225
163 0.26 2.77555756156e-17 0.228416666667
164 0.26 2.77555756156e-17 0.2265
165 0.26 2.77555756156e-17 0.224583333333
166 0.26 2.77555756156e-17 0.22075
167 0.26 2.77555756156e-17 0.218833333333
168 0.26 2.77555756156e-17 0.216916666667
169 0.26 2.77555756156e-17 0.214083333333
170 0.26 2.77555756156e-17 0.211166666667
171 0.26 2.77555756156e-17 0.20925
172 0.26 2.77555756156e-17 0.207333333333
173 0.26 2.77555756156e-17 0.204
174 0.26 2.77555756156e-17 0.201583333333
175 0.26 2.77555756156e-17 0.199666666667
176 0.26 2.77555756156e-17 0.197416666667
177 0.26 2.77555756156e-17 0.193916666667
178 0.26 2.77555756156e-17 0.192
179 0.26 2.77555756156e-17 0.190083333333
180 0.26 -0.05 0.188166666667
181 0.26 -0.1 0.18625
182 0.26 -0.15 0.18625
183 0.26 -0.2 0.18625
184 0.26 -0.25 0.188166666667
185 0.26 -0.3 0.192
186 0.26 -0.4 0.19775
187 0.26 -0.4 0.205416666667
188 0.26 -0.4 0.213083333333
189 0.26 -0.4 0.22075
190 0.26 -0.4 0.230333333333
191 0.26 -0.4 0.238
192 0.26 -0.4 0.245666666667
193 0.26 -0.4 0.25525
194 0.26 -0.4 0.262916666667
195 0.26 -0.4 0.2735
196 0.26 -0.4 0.282083333333
197 0.26 -0.4 0.28975
198 0.26 -0.4 0.291666666667
199 0.26 -0.4 0.291666666667
200 0.26 -0.4 0.291333333333
201 0.26 -0.4 0.280916666667
202 0.26 -0.4 0.280416666667
203 0.26 -0.4 0.275
204 0.26 -0.4 0.268666666667
205 0.26 -0.4 0.268833333333
206 0.26 -0.4 0.267583333333
207 0.26 -0.4 0.25875
208 0.26 -0.4 0.254833333333
209 0.26 -0.4 0.249583333333
210 0.26 -0.4 0.242583333333
211 0.26 -0.4 0.2415
212 0.26 -0.4 0.242333333333
213 0.26 -0.4 0.253666666667
214 0.26 -0.4 0.251666666667
215 0.26 -0.4 0.241583333333
216 0.26 -0.4 0.244833333333
217 0.26 -0.4 0.241833333333
218 0.26 -0.4 0.242083333333
219 0.26 -0.4 0.241333333333
220 0.26 -0.4 0.2545
221 0.26 -0.4 0.253083333333
222 0.26 -0.4 0.260333333333
223 0.26 -0.4 0.257666666667
224 0.26 -0.4 0.242333333333
225 0.26 -0.4 0.241083333333
226 0.26 -0.4 0.241333333333
227 0.26 -0.4 0.254416666667
228 0.26 -0.4 0.254583333333
229 0.26 -0.4 0.267416666667
230 0.26 -0.4 0.266916666667
231 0.26 -0.4 0.2665
232 0.26 -0.4 0.252833333333
233 0.26 -0.4 0.249666666667
234 0.26 -0.4 0.249
235 0.26 -0.4 0.25
236 0.26 -0.4 0.264416666667
237 0.26 -0.4 0.275916666667
238 0.26 -0.4 0.276
239 0.26 -0.4 0.275333333333
240 0.26 -0.4 0.275166666667
241 0.26 -0.4 0.27425
242 0.26 -0.4 0.272583333333
243 0.26 -0.4 0.271333333333
244 0.26 -0.4 0.272166666667
245 0.26 -0.35 0.287916666667
246 0.26 -0.3 0.291666666667
247 0.26 -0.25 0.291666666667
248 0.26 -0.15 0.291666666667
249 0.26 -0.1 0.291666666667
250 0.26 -0.1 0.291666666667
251 0.26 -0.1 0.291666666667
252 0.26 -0.1 0.291666666667
253 0.26 -0.1 0.291666666667
254 0.26 -0.1 0.291666666667
255 0.26 -0.1 0.291666666667
256 0.26 -0.1 0.291666666667
257 0.26 -0.1 0.291666666667
258 0.26 -0.1 0.291666666667
259 0.26 -0.1 0.291666666667
260 0.26 -0.1 0.291666666667
261 0.26 -0.1 0.291666666667
262 0.26 -0.1 0.291666666667
263 0.26 -0.1 0.291666666667
264 0.26 -0.1 0.291666666667
265 0.26 -0.1 0.291666666667
266 0.26 -0.1 0.291666666667
267 0.26 -0.1 0.291666666667
268 0.26 -0.1 0.291666666667
269 0.26 -0.1 0.291666666667
270 0.26 -0.1 0.291666666667
271 0.26 -0.1 0.291666666667
272 0.26 -0.1 0.291666666667
273 0.26 -0.1 0.291666666667
274 0.26 -0.1 0.291666666667
275 0.26 -0.1 0.291666666667
276 0.26 -0.1 0.291666666667
277 0.26 -0.1 0.291666666667
278 0.26 -2.77555756156e-17 0.291666666667
279 0.26 -2.77555756156e-17 0.291666666667
280 0.26 -2.77555756156e-17 0.291666666667
281 0.26 -2.77555756156e-17 0.291666666667
282 0.26 -2.77555756156e-17 0.291666666667
283 0.26 -2.77555756156e-17 0.291666666667
284 0.26 -2.77555756156e-17 0.291666666667
285 0.26 -2.77555756156e-17 0.291666666667
286 0.26 -2.77555756156e-17 0.291666666667
287 0.26 -2.77555756156e-17 0.291666666667
288 0.26 -2.77555756156e-17 0.291666666667
289 0.26 -2.77555756156e-17 0.291666666667
290 0.26 -2.77555756156e-17 0.291666666667
291 0.26 -2.77555756156e-17 0.291666666667
292 0.26 -2.77555756156e-17 0.291666666667
293 0.26 -2.77555756156e-17 0.291666666667
294 0.26 -2.77555756156e-17 0.291666666667
295 0.26 -2.77555756156e-17 0.291666666667
296 0.26 -2.77555756156e-17 0.291666666667
297 0.26 -2.77555756156e-17 0.291666666667
298 0.26 -2.77555756156e-17 0.291666666667
299 0.26 -2.77555756156e-17 0.291666666667
300 0.26 -2.77555756156e-17 0.291666666667
301 0.26 -2.77555756156e-17 0.291666666667
302 0.26 -2.77555756156e-17 0.291666666667
303 0.26 -2.77555756156e-17 0.291666666667
304 0.26 -2.77555756156e-17 0.291666666667
305 0.26 -2.77555756156e-17 0.291666666667
306 0.26 -2.77555756156e-17 0.291666666667
307 0.26 -2.77555756156e-17 0.291666666667
308 0.26 -2.77555756156e-17 0.291666666667
309 0.26 -2.77555756156e-17 0.291666666667
310 0.26 -2.77555756156e-17 0.291666666667
311 0.26 -2.77555756156e-17 0.291666666667
312 0.26 -2.77555756156e-17 0.291666666667
313 0.26 -2.77555756156e-17 0.291666666667
314 0.26 -2.77555756156e-17 0.291666666667
315 0.26 -2.77555756156e-17 0.2915
316 0.26 -2.77555756156e-17 0.291333333333
317 0.26 -2.77555756156e-17 0.291333333333
318 0.26 -2.77555756156e-17 0.290416666667
319 0.26 -2.77555756156e-17 0.289333333333
320 0.26 -2.77555756156e-17 0.285666666667
321 0.26 -2.77555756156e-17 0.28
322 0.26 -2.77555756156e-17 0.275083333333
323 0.26 -2.77555756156e-17 0.273333333333
324 0.26 -2.77555756156e-17 0.274
325 0.26 -2.77555756156e-17 0.27375
326 0.26 -2.77555756156e-17 0.274166666667
327 0.26 -2.77555756156e-17 0.27425
328 0.26 -2.77555756156e-17 0.274416666667
329 0.26 -2.77555756156e-17 0.27575
330 0.26 -2.77555756156e-17 0.27675
331 0.26 -2.77555756156e-17 0.277666666667
332 0.26 -2.77555756156e-17 0.278333333333
333 0.26 -2.77555756156e-17 0.27825
334 0.26 -2.77555756156e-17 0.27875
335 0.26 -2.77555756156e-17 0.278416666667
336 0.26 -2.77555756156e-17 0.278333333333
337 0.26 -2.77555756156e-17 0.277833333333
338 0.26 -2.77555756156e-17 0.275
339 0.26 -2.77555756156e-17 0.274916666667
340 0.26 -2.77555756156e-17 0.273833333333
341 0.26 -2.77555756156e-17 0.27275
342 0.26 -2.77555756156e-17 0.272583333333
343 0.26 -2.77555756156e-17 0.271916666667
344 0.26 -2.77555756156e-17 0.2715
345 0.26 -2.77555756156e-17 0.270416666667
346 0.26 -2.77555756156e-17 0.269916666667
347 0.26 -2.77555756156e-17 0.27
348 0.26 -2.77555756156e-17 0.268916666667
349 0.26 -2.77555756156e-17 0.269083333333
350 0.26 -2.77555756156e-17 0.26975
351 0.26 -2.77555756156e-17 0.269666666667
352 0.26 -2.77555756156e-17 0.269583333333
353 0.26 -2.77555756156e-17 0.2705
354 0.26 -2.77555756156e-17 0.270916666667
355 0.26 -2.77555756156e-17 0.271833333333
356 0.26 -2.77555756156e-17 0.27275
357 0.26 -2.77555756156e-17 0.273083333333
358 0.26 -2.77555756156e-17 0.273083333333
359 0.26 -2.77555756156e-17 0.273416666667
360 0.26 -2.77555756156e-17 0.273583333333
361 0.26 -2.77555756156e-17 0.27425
362 0.26 0.05 0.274833333333
363 0.26 0.1 0.274833333333
364 0.26 0.1 0.2735
365 0.26 0.15 0.269916666667
366 0.26 0.2 0.26675
367 0.26 0.3 0.264333333333
368 0.26 0.35 0.265166666667
369 0.26 0.4 0.26525
370 0.26 0.4 0.265416666667
371 0.26 0.5 0.265333333333
372 0.26 0.5 0.266083333333
373 0.26 0.5 0.265166666667
374 0.26 0.5 0.2465
375 0.26 0.55 0.24625
376 0.26 0.6 0.246083333333
377 0.26 0.6 0.25975
378 0.26 0.6 0.26975
379 0.26 0.6 0.260083333333
380 0.26 0.6 0.252166666667
381 0.26 0.6 0.251916666667
382 0.26 0.6 0.253583333333
383 0.26 0.6 0.270166666667
384 0.26 0.6 0.274583333333
385 0.26 0.6 0.261916666667
386 0.26 0.6 0.247166666667
387 0.26 0.6 0.248083333333
388 0.26 0.6 0.258666666667
389 0.26 0.6 0.26525
390 0.26 0.6 0.266083333333
391 0.26 0.5 0.251416666667
392 0.26 0.45 0.252416666667
393 0.26 0.35 0.23775
394 0.26 0.3 0.237833333333
395 0.26 0.3 0.248583333333
396 0.26 0.3 0.251166666667
397 0.26 0.3 0.26
398 0.26 0.3 0.263416666667
399 0.26 0.3 0.263166666667
400 0.26 0.3 0.262833333333
401 0.26 0.3 0.263333333333
402 0.26 0.3 0.2635
403 0.26 0.3 0.263083333333
404 0.26 0.35 0.26275
405 0.26 0.4 0.263666666667
406 0.26 0.4 0.263833333333
407 0.26 0.4 0.275666666667
408 0.26 0.4 0.277333333333
409 0.26 0.4 0.277416666667
410 0.26 0.4 0.288166666667
411 0.26 0.4 0.291666666667
412 0.26 0.4 0.291666666667
413 0.26 0.4 0.291666666667
414 0.26 0.3 0.291666666667
415 0.26 0.3 0.291666666667
416 0.26 0.3 0.291666666667
417 0.26 0.2 0.291666666667
418 0.26 0.2 0.291666666667
419 0.26 0.2 0.291666666667
420 0.26 0.2 0.291666666667
421 0.26 0.2 0.291666666667
422 0.26 0.15 0.291666666667
423 0.26 0.1 0.291666666667
424 0.26 0.1 0.291666666667
425 0.26 0.1 0.291666666667
426 0.26 0.1 0.291666666667
427 0.26 0.1 0.291666666667
428 0.26 0.1 0.291666666667
429 0.26 0.1 0.291666666667
430 0.26 0.1 0.291666666667
431 0.26 0.1 0.291666666667
432 0.26 0.1 0.291666666667
433 0.26 0.1 0.291666666667
434 0.26 0.1 0.291666666667
435 0.26 0.1 0.291666666667
436 0.26 0.1 0.291666666667
437 0.26 0.1 0.291666666667
438 0.26 0.1 0.291666666667
439 0.26 0.1 0.291666666667
440 0.26 0.1 0.291666666667
441 0.26 0.1 0.291666666667
442 0.26 0.1 0.291666666667
443 0.26 0.1 0.291666666667
444 0.26 0.1 0.291666666667
445 0.26 0.1 0.291666666667
446 0.26 0.1 0.291666666667
447 0.26 0.1 0.291666666667
448 0.26 0.1 0.291666666667
449 0.26 0.1 0.291666666667
450 0.26 0.1 0.291666666667
451 0.26 0.1 0.291666666667
452 0.26 0.1 0.291666666667
453 0.26 0.1 0.291666666667
454 0.26 0.1 0.291666666667
455 0.26 0.1 0.291666666667
456 0.26 0.1 0.291666666667
457 0.26 0.1 0.291666666667
458 0.26 0.1 0.291666666667
459 0.26 0.1 0.291666666667
460 0.26 0.1 0.291666666667
461 0.26 0.1 0.291666666667
462 0.26 0.1 0.291666666667
463 0.26 0.1 0.291666666667
464 0.26 0.1 0.291666666667
465 0.26 0.1 0.291666666667
466 0.26 0.1 0.291666666667
467 0.26 0.1 0.291666666667
468 0.26 0.1 0.291666666667
469 0.26 0.1 0.291666666667
470 0.26 0.1 0.291666666667
471 0.26 0.1 0.291666666667
472 0.26 0.1 0.291666666667
473 0.26 0.1 0.291666666667
474 0.26 0.1 0.291666666667
475 0.26 0.1 0.291666666667
476 0.26 0.1 0.291666666667
477 0.26 0.1 0.291666666667
478 0.26 0.1 0.291666666667
479 0.26 0.1 0.291666666667
480 0.26 0.1 0.291666666667
481 0.26 0.1 0.291666666667
482 0.26 0.1 0.291666666667
483 0.26 0.1 0.291666666667
484 0.26 0.1 0.291666666667
485 0.26 0.1 0.291666666667
486 0.26 0.1 0.291666666667
487 0.26 0.05 0.291666666667
488 0.26 2.77555756156e-17 0.291666666667
489 0.26 2.77555756156e-17 0.291666666667
490 0.26 2.77555756156e-17 0.291666666667
491 0.26 2.77555756156e-17 0.291666666667
492 0.26 2.77555756156e-17 0.28975
493 0.26 2.77555756156e-17 0.285916666667
494 0.26 2.77555756156e-17 0.282083333333
495 0.26 2.77555756156e-17 0.280166666667
496 0.26 2.77555756156e-17 0.27825
497 0.26 2.77555756156e-17 0.274416666667
498 0.26 2.77555756156e-17 0.2725
499 0.26 2.77555756156e-17 0.268666666667
500 0.26 2.77555756156e-17 0.26675
501 0.26 2.77555756156e-17 0.262916666667
502 0.26 2.77555756156e-17 0.261
503 0.26 2.77555756156e-17 0.257166666667
504 0.26 2.77555756156e-17 0.25525
505 0.26 2.77555756156e-17 0.252583333333
506 0.26 2.77555756156e-17 0.2495
507 0.26 2.77555756156e-17 0.247583333333
508 0.26 2.77555756156e-17 0.24375
509 0.26 2.77555756156e-17 0.24175
510 0.26 2.77555756156e-17 0.238
511 0.26 2.77555756156e-17 0.236083333333
512 0.26 2.77555756156e-17 0.23225
513 0.26 2.77555756156e-17 0.230333333333
514 0.26 2.77555756156e-17 0.2265
515 0.26 2.77555756156e-17 0.224583333333
516 0.26 2.77555756156e-17 0.22075
517 0.26 2.77555756156e-17 0.218833333333
518 0.26 2.77555756156e-17 0.215
519 0.26 2.77555756156e-17 0.213083333333
520 0.26 2.77555756156e-17 0.211166666667
521 0.26 2.77555756156e-17 0.207333333333
522 0.26 2.77555756156e-17 0.205416666667
523 0.26 2.77555756156e-17 0.201583333333
524 0.26 2.77555756156e-17 0.199666666667
525 0.26 -0.1 0.195833333333
526 0.26 -0.1 0.193916666667
527 0.26 -0.15 0.193916666667
528 0.26 -0.2 0.193916666667
529 0.26 -0.2 0.195833333333
530 0.26 -0.25 0.19775
531 0.26 -0.3 0.199666666667
532 0.26 -0.35 0.2035
533 0.26 -0.4 0.20925
534 0.26 -0.4 0.216916666667
535 0.26 -0.4 0.222666666667
536 0.26 -0.4 0.230333333333
537 0.26 -0.4 0.238
538 0.26 -0.4 0.245666666667
539 0.26 -0.4 0.251416666667
540 0.26 -0.4 0.261
541 0.26 -0.4 0.268666666667
542 0.26 -0.4 0.276333333333
543 0.26 -0.4 0.284
544 0.26 -0.4 0.291666666667
545 0.26 -0.4 0.291666666667
546 0.26 -0.4 0.291666666667
547 0.26 -0.4 0.291666666667
548 0.26 -0.35 0.291666666667
549 0.26 -0.3 0.291666666667
550 0.26 -0.25 0.291666666667
551 0.26 -0.2 0.291666666667
552 0.26 -0.2 0.291666666667
553 0.26 -0.15 0.291666666667
554 0.26 -0.1 0.291666666667
555 0.26 -0.05 0.291666666667
556 0.26 -2.77555756156e-17 0.291666666667
557 0.26 -2.77555756156e-17 0.291666666667
558 0.26 -2.77555756156e-17 0.291666666667
559 0.26 -2.77555756156e-17 0.291666666667
560 0.26 -2.77555756156e-17 0.291666666667
561 0.26 -2.77555756156e-17 0.291666666667
562 0.26 -2.77555756156e-17 0.291666666667
563 0.26 -2.77555756156e-17 0.291666666667
564 0.26 -2.77555756156e-17 0.291666666667
565 0.26 -2.77555756156e-17 0.291666666667
566 0.26 -2.77555756156e-17 0.291666666667
567 0.26 -2.77555756156e-17 0.291666666667
568 0.26 -2.77555756156e-17 0.291666666667
569 0.26 -2.77555756156e-17 0.291666666667
570 0.26 -2.77555756156e-17 0.291666666667
571 0.26 -2.77555756156e-17 0.291666666667
572 0.26 -2.77555756156e-17 0.291666666667
573 0.26 -2.77555756156e-17 0.291666666667
574 0.26 -2.77555756156e-17 0.291666666667
575 0.26 -2.77555756156e-17 0.291666666667
576 0.26 -2.77555756156e-17 0.291666666667
577 0.26 -2.77555756156e-17 0.291666666667
578 0.26 -2.77555756156e-17 0.291666666667
579 0.26 -2.77555756156e-17 0.291666666667
580 0.26 -2.77555756156e-17 0.291666666667
581 0.26 -2.77555756156e-17 0.291666666667
582 0.26 -2.77555756156e-17 0.291666666667
583 0.26 -2.77555756156e-17 0.291666666667
584 0.26 -2.77555756156e-17 0.291666666667
585 0.26 -2.77555756156e-17 0.291666666667
586 0.26 -2.77555756156e-17 0.291666666667
587 0.26 -2.77555756156e-17 0.291666666667
588 0.26 -2.77555756156e-17 0.291666666667
589 0.26 -2.77555756156e-17 0.291666666667
590 0.26 -2.77555756156e-17 0.291666666667
591 0.26 -2.77555756156e-17 0.291666666667
592 0.26 -2.77555756156e-17 0.291666666667
593 0.26 -2.77555756156e-17 0.291666666667
594 0.26 -2.77555756156e-17 0.291666666667
595 0.26 -2.77555756156e-17 0.291666666667
596 0.26 -2.77555756156e-17 0.291666666667
597 0.26 -2.77555756156e-17 0.291666666667
598 0.26 -2.77555756156e-17 0.291666666667
599 0.26 -2.77555756156e-17 0.291666666667
600 0.26 -2.77555756156e-17 0.291666666667
601 0.26 -2.77555756156e-17 0.291666666667
602 0.26 -2.77555756156e-17 0.291666666667
603 0.26 -2.77555756156e-17 0.291666666667
604 0.26 -2.77555756156e-17 0.291666666667
605 0.26 -2.77555756156e-17 0.291666666667
606 0.26 -2.77555756156e-17 0.291666666667
607 0.26 -2.77555756156e-17 0.291666666667
608 0.26 -2.77555756156e-17 0.291666666667
609 0.26 -2.77555756156e-17 0.291666666667
610 0.26 -2.77555756156e-17 0.291666666667
611 0.26 -2.77555756156e-17 0.291666666667
612 0.26 -2.77555756156e-17 0.291666666667
613 0.26 -2.77555756156e-17 0.291666666667
614 0.26 -2.77555756156e-17 0.291666666667
615 0.26 -2.77555756156e-17 0.291666666667
616 0.26 -2.77555756156e-17 0.291666666667
617 0.26 -2.77555756156e-17 0.291666666667
618 0.26 -2.77555756156e-17 0.291666666667
619 0.26 -2.77555756156e-17 0.291666666667
620 0.26 -2.77555756156e-17 0.291666666667
621 0.26 -2.77555756156e-17 0.291666666667
622 0.26 -2.77555756156e-17 0.291666666667
