0 0.26 0.0 0.0
1 0.26 0.0 0.0
2 0.26 0.05 0.0
3 0.26 0.15 0.0
4 0.26 0.2 0.0
5 0.26 0.3 0.0
6 0.26 0.35 0.0
7 0.26 0.4 0.0
8 0.26 0.5 0.0
9 0.26 0.55 0.0
10 0.26 0.6 0.0
11 0.26 0.6 0.0
12 0.26 0.6 0.0
13 0.26 0.6 0.0
14 0.26 0.6 0.0
15 0.0 0.0 0.0
16 0.0 0.0 0.0
17 0.0 0.0 0.0
18 0.0 0.0 0.0
19 0.005 0.0 0.0
20 0.01 0.0 0.0
21 0.01 0.0 0.0
22 0.025 0.0 0.0
23 0.05 0.0 0.0
24 0.08 0.0 0.0
25 0.105 0.0 0.0
26 0.135 0.0 0.0
27 0.165 -0.05 0.0
28 0.17 -0.1 0.0
29 0.18 -0.1 0.0
30 0.19 -0.2 0.0
31 0.195 -0.2 0.0
32 0.205 -0.2 0.0
33 0.215 -0.2 0.0
34 0.225 -0.2 0.0
35 0.245 -0.2 0.0
36 0.26 -0.2 0.0
37 0.26 -0.2 0.0
38 0.26 -0.25 0.0
39 0.26 -0.3 0.0
40 0.26 -0.3 0.0
41 0.26 -0.3 0.0
42 0.26 -0.3 0.0
43 0.26 -0.3 0.0
44 0.26 -0.3 0.0
45 0.26 -0.3 0.0
46 0.26 -0.3 0.0
47 0.26 -0.3 0.0
48 0.26 -0.35 0.0
49 0.26 -0.4 0.0
50 0.26 -0.4 0.0
51 0.26 -0.45 0.0
52 0.26 -0.5 0.0
53 0.26 -0.5 0.0
54 0.26 -0.5 0.0
55 0.26 -0.5 0.0
56 0.26 -0.5 0.0
57 0.26 -0.5 0.0
58 0.26 -0.5 0.0
59 0.26 -0.5 0.0
60 0.26 -0.5 0.0
61 0.26 -0.5 0.1375
62 0.26 -0.5 0.26875
63 0.26 -0.5 0.39375
64 0.0 0.0 0.525
65 0.0 0.0 0.6625
66 0.0 0.0 0.65625
67 0.01 0.0 0.5375
68 0.01 0.0 0.39375
69 0.01 0.0 0.275
70 0.03 0.0 0.16875
71 0.055 0.0 0.1125
72 0.085 0.0 0.1
73 0.11 0.0 0.10625
74 0.135 0.0 0.10625
75 0.165 0.0 0.10625
76 0.18 0.0 0.09375
77 0.19 -0.1 0.09375
78 0.2 -0.1 0.1125
79 0.205 -0.1 0.1375
80 0.215 -0.1 0.1625
81 0.22 -0.1 0.1875
82 0.23 -0.1 0.2125
83 0.24 -0.1 0.23125
84 0.25 0.0 0.25625
85 0.255 0.0 0.2625
86 0.26 0.0 0.25625
87 0.26 0.0 0.25625
88 0.26 0.0 0.25625
89 0.26 0.0 0.25625
90 0.26 0.0 0.25
91 0.26 0.0 0.25
92 0.26 -0.05 0.25
93 0.26 -0.1 0.25625
94 0.26 -0.1 0.2875
95 0.26 -0.1 0.3125
96 0.26 -0.1 0.33425
97 0.26 -0.05 0.35625
98 0.26 0.0 0.38125
99 0.26 0.0 0.3875
100 0.26 0.0 0.38125
101 0.26 0.0 0.38125
102 0.26 0.0 0.38125
103 0.26 0.0 0.38125
104 0.26 0.0 0.38125
105 0.26 0.0 0.38125
106 0.26 0.0 0.38125
107 0.26 0.0 0.38125
108 0.26 0.0 0.375
109 0.26 0.0 0.375
110 0.26 0.0 0.375
111 0.26 0.0 0.375
112 0.26 0.0 0.375
113 0.26 0.0 0.36875
114 0.26 0.0 0.36875
115 0.26 0.0 0.36875
116 0.26 0.0 0.36875
117 0.26 0.0 0.36875
118 0.26 0.0 0.36875
119 0.26 0.0 0.36875
120 0.26 0.0 0.3625
121 0.26 0.0 0.3625
122 0.26 0.0 0.3625
123 0.26 0.0 0.3625
124 0.26 0.0 0.3625
125 0.26 0.0 0.35625
126 0.26 0.0 0.35625
127 0.26 0.0 0.35625
128 0.26 0.0 0.35625
129 0.26 0.0 0.35625
130 0.26 0.0 0.35625
131 0.26 0.0 0.35625
132 0.26 0.0 0.35
133 0.26 0.0 0.35
134 0.26 0.0 0.35
135 0.26 0.0 0.35
136 0.26 0.0 0.35
137 0.26 0.0 0.34375
138 0.26 0.0 0.34375
139 0.26 0.0 0.34375
140 0.26 0.0 0.34375
141 0.26 0.0 0.34375
142 0.26 0.0 0.34375
143 0.26 0.0 0.338916666667
144 0.26 0.0 0.3375
145 0.26 0.0 0.3375
146 0.26 0.0 0.3375
147 0.26 0.0 0.3375
148 0.26 0.0 0.3375
149 0.26 0.0 0.33125
150 0.26 0.0 0.33125
151 0.26 0.0 0.33125
152 0.26 0.0 0.33125
153 0.26 0.0 0.33125
154 0.26 0.0 0.33125
155 0.26 0.0 0.325
156 0.26 0.0 0.325
157 0.26 0.0 0.325
158 0.26 0.0 0.325
159 0.26 0.0 0.325
160 0.26 0.0 0.31875
161 0.26 0.0 0.31875
162 0.26 0.0 0.31875
163 0.26 0.0 0.31875
164 0.26 0.0 0.31875
165 0.26 0.0 0.31875
166 0.26 0.0 0.31525
167 0.26 0.0 0.3125
168 0.26 0.0 0.3125
169 0.26 0.0 0.3125
170 0.26 0.0 0.3125
171 0.26 -0.05 0.30625
172 0.26 -0.15 0.31875
173 0.26 -0.2 0.35625
174 0.26 -0.2 0.4
175 0.26 -0.15 0.45
176 0.26 -0.1 0.50625
177 0.26 -0.1 0.5375
178 0.26 -0.1 0.56875
179 0.26 -0.1 0.59375
180 0.26 0.0 0.625
181 0.26 0.0 0.6375
182 0.26 0.0 0.64375
183 0.26 0.0 0.64375
184 0.26 0.0 0.65
185 0.26 0.0 0.65625
186 0.26 0.0 0.65625
187 0.26 0.0 0.6625
188 0.26 0.0 0.6625
189 0.26 0.0 0.66875
190 0.26 0.0 0.675
191 0.26 0.0 0.68125
192 0.26 0.0 0.68125
193 0.26 0.0 0.6875
194 0.26 0.0 0.69375
195 0.26 0.0 0.69375
196 0.26 0.0 0.7
197 0.26 0.0 0.70625
198 0.26 0.0 0.7125
199 0.26 0.0 0.71875
200 0.26 0.0 0.71875
201 0.26 0.0 0.725
202 0.26 0.0 0.73125
203 0.26 0.0 0.7375
204 0.26 0.0 0.74375
205 0.26 0.0 0.75
206 0.26 0.0 0.75
207 0.26 0.0 0.75
208 0.26 0.0 0.75
209 0.26 0.0 0.75
210 0.26 0.0 0.75
211 0.26 0.0 0.75
212 0.26 0.0 0.75
213 0.26 0.0 0.75
214 0.26 0.0 0.75
