0 0.26 0.0 0.0
1 0.26 0.0 0.0
2 0.26 0.0 0.0
3 0.26 0.0 0.0
4 0.26 0.1 0.0
5 0.26 0.15 0.0
6 0.26 0.2 0.0
7 0.26 0.3 0.0
8 0.26 0.4 0.0
9 0.26 0.5 0.0
10 0.26 0.5 0.025
11 0.26 0.5 0.1625
12 0.26 0.5 0.29375
13 0.26 0.5 0.4375
14 0.26 0.5 0.58125
15 0.26 0.5 0.66875
16 0.26 0.5 0.58125
17 0.26 0.5 0.446583333333
18 0.26 0.5 0.3
19 0.0 0.0 0.10625
20 0.0 0.0 0.0
21 0.0 0.0 0.0
22 0.01 0.0 0.0
23 0.01 0.0 0.0
24 0.01 0.0 0.0
25 0.04 0.0 0.0
26 0.065 0.0 0.0
27 0.09 0.0 0.0
28 0.12 0.0 0.0
29 0.145 0.0 0.0
30 0.175 0.0 0.0
31 0.205 0.0 0.0
32 0.23 0.0 0.0
33 0.26 0.0 0.0
34 0.26 0.0 0.0
35 0.26 0.0 0.0
36 0.26 0.0 0.0
37 0.26 0.0 0.0
38 0.26 0.0 0.0
39 0.26 0.0 0.0
40 0.26 0.0 0.0
41 0.26 0.0 0.0
42 0.26 0.0 0.0
43 0.26 0.0 0.0
44 0.26 0.0 0.0
45 0.26 0.0 0.0
46 0.26 0.0 0.0
47 0.26 0.0 0.0
48 0.26 0.0 0.0
49 0.26 0.0 0.0
50 0.26 0.0 0.0
51 0.26 0.0 0.0
52 0.26 0.0 0.0
53 0.26 0.0 0.0
54 0.26 0.0 0.0
55 0.26 0.0 0.0
56 0.26 0.0 0.0
57 0.26 0.0 0.0
58 0.26 0.0 0.0
59 0.26 0.0 0.0
60 0.26 0.0 0.0
61 0.26 0.0 0.0
62 0.26 0.0 0.0
63 0.26 0.0 0.0
64 0.26 0.0 0.0
65 0.26 0.0 0.0
66 0.26 0.0 0.0
67 0.26 0.0 0.0
68 0.26 0.0 0.0
69 0.26 0.0 0.0
70 0.26 0.0 0.0
71 0.26 0.0 0.0
72 0.26 -0.05 0.0
73 0.26 -0.1 0.0
74 0.26 -0.1 0.0
75 0.26 -0.1 0.0
76 0.26 -0.1 0.0
77 0.26 -0.2 0.0
78 0.26 -0.2 0.0
79 0.26 -0.2 0.0
80 0.26 -0.25 0.0
81 0.26 -0.3 0.0
82 0.26 -0.3 0.0
83 0.26 -0.3 0.0
84 0.26 -0.3 0.0
85 0.26 -0.3 0.0
86 0.26 -0.3 0.0
87 0.26 -0.3 0.0
88 0.26 -0.3 0.0
89 0.26 -0.3 0.0
90 0.26 -0.3 0.0
91 0.26 -0.3 0.0
92 0.26 -0.3 0.0
93 0.26 -0.3 0.0
94 0.0 0.0 0.05
95 0.0 0.0 0.20625
96 0.0 0.0 0.4
97 0.0 0.0 0.51875
98 0.005 0.0 0.526
99 0.01 0.0 0.526
100 0.01 0.0 0.526
101 0.01 0.0 0.526
102 0.04 0.0 0.526
103 0.065 0.0 0.53125
104 0.095 0.0 0.52775
105 0.125 0.0 0.521416666667
106 0.155 0.0 0.526416666667
107 0.18 0.0 0.252
108 0.21 0.0 0.0
109 0.24 0.0 0.0
110 0.26 0.0 0.0
111 0.26 0.0 0.0
112 0.26 0.0 0.0
113 0.26 0.0 0.0
114 0.26 0.0 0.0
115 0.26 0.0 0.0
116 0.26 0.0 0.0
117 0.26 0.0 0.0
118 0.26 0.0 0.0
119 0.26 0.0 0.0
120 0.26 0.0 0.0
121 0.26 0.0 0.0
122 0.26 0.0 0.0
123 0.26 0.0 0.0
124 0.26 0.0 0.0
125 0.26 0.0 0.0
126 0.26 0.0 0.0
127 0.26 0.0 0.0
128 0.26 0.0 0.0
129 0.26 0.0 0.0
130 0.26 0.0 0.0
131 0.26 0.0 0.0
132 0.26 0.0 0.0
133 0.26 0.0 0.0
134 0.26 0.0 0.0
135 0.26 0.0 0.0
136 0.26 0.0 0.0
137 0.26 0.0 0.0
138 0.26 0.0 0.0
139 0.26 0.0 0.0
140 0.26 0.0 0.0
141 0.26 0.0 0.0
142 0.26 0.0 0.0
143 0.26 0.0 0.0
144 0.26 0.0 0.0
145 0.26 0.0 0.0
146 0.26 0.0 0.0
147 0.26 0.0 0.0
148 0.26 0.0 0.0
149 0.26 0.0 0.0
150 0.26 -0.05 0.0
151 0.26 -0.1 0.0
152 0.26 -0.1 0.0
153 0.26 -0.1 0.0
154 0.26 -0.2 0.0
155 0.26 -0.2 0.0
156 0.26 -0.2 0.0
157 0.26 -0.25 0.0
158 0.26 -0.3 0.0
159 0.26 -0.3 0.0
160 0.26 -0.4 0.0
161 0.26 -0.4 0.0
162 0.26 -0.4 0.0
163 0.26 -0.4 0.0
164 0.26 -0.4 0.0
165 0.26 -0.4 0.0
166 0.26 -0.4 0.0
167 0.26 -0.4 0.0
168 0.26 -0.4 0.0
169 0.26 -0.4 0.0
170 0.26 -0.4 0.0
171 0.26 -0.4 0.09875
172 0.0 0.0 0.130916666667
173 0.0 0.0 0.147416666667
174 0.0 0.0 0.133833333333
175 0.0 0.0 0.04375
176 0.005 0.0 0.0
177 0.01 0.0 0.0
178 0.01 -0.05 0.0
179 0.01 -0.1 0.0
180 0.01 -0.1 0.0
181 0.01 -0.2 0.0
182 0.01 -0.5 0.0
183 0.01 -0.8 0.0
184 0.01 -1.05 0.0
185 0.01 -1.1 0.0
186 0.01 -1.2 0.0
187 0.0 0.0 0.149666666667
188 0.0 0.0 0.308416666667
189 0.0 0.0 0.320333333333
190 0.005 0.0 0.320333333333
191 0.01 0.0 0.320333333333
192 0.01 0.0 0.319916666667
193 0.02 0.0 0.31975
194 0.045 0.0 0.31975
195 0.07 0.0 0.319166666667
196 0.1 0.0 0.313666666667
197 0.13 0.0 0.3175
198 0.155 0.0 0.315916666667
199 0.185 0.0 0.308583333333
200 0.215 0.0 0.3005
201 0.245 0.0 0.296833333333
202 0.26 0.0 0.288
203 0.26 0.0 0.278166666667
204 0.26 0.0 0.26725
205 0.26 0.0 0.262083333333
206 0.26 0.0 0.247
207 0.26 0.0 0.236333333333
208 0.26 0.0 0.231166666667
209 0.26 0.0 0.178083333333
210 0.26 0.0 0.0806666666667
211 0.26 0.0 0.0331666666667
212 0.26 0.0 0.024
213 0.26 0.0 0.0194166666667
214 0.26 0.0 0.0148333333333
215 0.26 0.0 0.00958333333333
216 0.26 0.0 0.0035
217 0.26 0.0 0.0
218 0.26 0.0 0.0
219 0.26 0.0 0.0
220 0.26 0.0 0.0
221 0.26 0.0 0.0
222 0.26 0.0 0.0
223 0.26 0.0 0.0
224 0.26 0.0 0.0
225 0.26 0.0 0.0
226 0.26 0.0 0.0
227 0.26 0.0 0.0
228 0.26 0.0 0.0
229 0.26 0.0 0.0
230 0.26 0.0 0.0
231 0.26 0.0 0.0
232 0.26 0.0 0.0
233 0.26 0.0 0.0
234 0.26 0.0 0.0
235 0.26 0.0 0.0
236 0.26 0.0 0.0
237 0.26 0.0 0.0
238 0.26 0.0 0.0
239 0.26 0.0 0.0
240 0.26 0.0 0.0
241 0.26 0.0 0.0
242 0.26 0.0 0.0
243 0.26 0.0 0.0
244 0.26 0.0 0.0
245 0.26 0.0 0.0
246 0.26 0.0 0.0
247 0.26 0.0 0.0
248 0.26 0.0 0.0
249 0.26 0.0 0.0
250 0.26 0.0 0.0
251 0.26 0.0 0.0
252 0.26 -0.1 0.0
253 0.26 -0.1 0.0
254 0.26 -0.1 0.0
255 0.26 -0.15 0.0
256 0.26 -0.2 0.0
257 0.26 -0.2 0.0
258 0.26 -0.2 0.0
259 0.26 -0.25 0.0
260 0.26 -0.3 0.0
261 0.26 -0.3 0.0
262 0.26 -0.3 0.0
263 0.26 -0.35 0.0
264 0.26 -0.4 0.0
265 0.26 -0.4 0.0
266 0.26 -0.4 0.0
267 0.26 -0.4 0.0
268 0.26 -0.4 0.0
269 0.26 -0.4 0.0
270 0.26 -0.4 0.0
271 0.26 -0.4 0.0
272 0.26 -0.4 0.0
273 0.26 -0.4 0.0
274 0.26 -0.4 0.0
275 0.26 -0.4 0.025
276 0.26 -0.4 0.1375
277 0.26 -0.4 0.25625
278 0.26 -0.4 0.36875
279 0.26 -0.4 0.50625
280 0.26 -0.4 0.6
281 0.26 -0.4 0.725
282 0.26 -0.4 0.75
283 0.26 -0.4 0.75
284 0.0 0.0 0.737666666667
285 0.0 0.0 0.668833333333
286 0.0 0.0 0.600083333333
287 0.0 0.0 0.600083333333
288 0.0 0.05 0.600083333333
289 0.0 0.1 0.612666666667
290 0.0 0.1 0.64375
291 0.0 0.25 0.668833333333
292 0.0 0.45 0.725
293 0.0 0.55 0.75
294 0.0 0.0 0.75
295 0.0 0.0 0.65
296 0.005 0.0 0.625
297 0.01 0.0 0.61875
298 0.01 0.0 0.61875
299 0.02 0.0 0.613833333333
300 0.05 0.0 0.6125
301 0.075 0.0 0.63125
302 0.105 0.0 0.65
303 0.13 0.0 0.65625
304 0.16 0.0 0.65625
305 0.19 0.0 0.65625
306 0.215 0.0 0.65
307 0.245 0.0 0.65
308 0.26 0.0 0.65
309 0.26 0.0 0.64375
310 0.26 0.0 0.6375
311 0.26 0.0 0.582833333333
312 0.26 0.0 0.52725
313 0.26 0.0 0.512583333333
314 0.26 0.0 0.494333333333
315 0.26 0.0 0.487166666667
316 0.26 0.0 0.480833333333
317 0.26 0.0 0.473416666667
318 0.26 0.0 0.46125
319 0.26 0.0 0.448333333333
320 0.26 0.0 0.447333333333
321 0.26 0.0 0.433916666667
322 0.26 0.0 0.42675
323 0.26 0.0 0.414
324 0.26 0.0 0.40625
325 0.26 0.0 0.39925
326 0.26 0.0 0.385583333333
327 0.26 0.0 0.378416666667
328 0.26 0.0 0.364583333333
329 0.26 0.0 0.357
330 0.26 0.0 0.349583333333
331 0.26 0.0 0.335833333333
332 0.26 0.0 0.335166666667
333 0.26 0.0 0.32325
334 0.26 0.0 0.31625
335 0.26 0.0 0.309583333333
336 0.26 0.0 0.302916666667
337 0.26 0.0 0.296083333333
338 0.26 0.0 0.289416666667
339 0.26 0.0 0.289083333333
340 0.26 0.0 0.27625
341 0.26 0.0 0.275416666667
342 0.26 0.0 0.269333333333
343 0.26 0.0 0.250833333333
344 0.26 0.0 0.2505
345 0.26 0.0 0.237833333333
346 0.26 0.0 0.23775
347 0.26 0.0 0.231333333333
348 0.26 0.0 0.225
349 0.26 0.0 0.21875
350 0.26 0.0 0.20625
351 0.26 0.0 0.20625
352 0.26 0.0 0.188666666667
353 0.26 0.0 0.122083333333
354 0.26 0.0 0.0655
355 0.26 0.0 0.00333333333333
356 0.26 0.0 0.0
357 0.26 0.0 0.0
