0 0.125 0.0 0.291666666667
1 0.145 0.0 0.291666666667
2 0.17 0.0 0.291666666667
3 0.195 0.0 0.291666666667
4 0.22 0.0 0.291666666667
5 0.25 0.0 0.291666666667
6 0.26 0.0 0.291666666667
7 0.26 0.0 0.291666666667
8 0.26 0.0 0.291666666667
9 0.26 0.0 0.291666666667
10 0.26 0.0 0.291666666667
11 0.26 0.0 0.291666666667
12 0.26 0.0 0.291666666667
13 0.26 0.0 0.291666666667
14 0.26 0.0 0.291666666667
15 0.26 0.0 0.291666666667
16 0.26 0.0 0.291666666667
17 0.26 0.0 0.291666666667
18 0.26 0.0 0.291666666667
19 0.26 0.0 0.291666666667
20 0.26 0.0 0.291666666667
21 0.26 0.0 0.291666666667
22 0.26 0.0 0.290833333333
23 0.26 0.0 0.218333333333
24 0.26 0.0 0.20925
25 0.26 0.0 0.224166666667
26 0.26 -0.05 0.2235
27 0.26 -0.1 0.223333333333
28 0.26 -0.1 0.22075
29 0.26 -0.15 0.18925
30 0.26 -0.2 0.166666666667
31 0.26 -0.2 0.169833333333
32 0.26 -0.2 0.238833333333
33 0.26 -0.2 0.232083333333
34 0.26 -0.2 0.247166666667
35 0.26 -0.2 0.250666666667
36 0.26 -0.2 0.266
37 0.26 -0.2 0.287416666667
38 0.26 -0.3 0.287833333333
39 0.26 -0.3 0.267166666667
40 0.26 -0.3 0.242416666667
41 0.26 -0.3 0.240333333333
42 0.26 -0.3 0.236833333333
43 0.26 -0.3 0.2335
44 0.26 -0.3 0.229
45 0.26 -0.3 0.257833333333
46 0.26 -0.3 0.291666666667
47 0.26 -0.3 0.291666666667
48 0.26 -0.3 0.291666666667
49 0.26 -0.3 0.291666666667
50 0.26 -0.3 0.291666666667
51 0.26 -0.3 0.291666666667
52 0.26 -0.3 0.291666666667
53 0.26 -0.3 0.291666666667
54 0.26 -0.25 0.291666666667
55 0.26 -0.2 0.284083333333
56 0.26 -0.15 0.264416666667
57 0.26 -0.1 0.254166666667
58 0.26 -0.05 0.253166666667
59 0.26 -2.77555756156e-17 0.252833333333
60 0.26 -2.77555756156e-17 0.251916666667
61 0.26 -2.77555756156e-17 0.25
62 0.26 -2.77555756156e-17 0.249
63 0.26 -2.77555756156e-17 0.2335
64 0.26 -2.77555756156e-17 0.214333333333
65 0.26 -2.77555756156e-17 0.228666666667
66 0.26 0.05 0.208916666667
67 0.26 0.1 0.163916666667
68 0.26 0.1 0.176083333333
69 0.26 0.1 0.195916666667
70 0.26 0.1 0.194083333333
71 0.26 0.1 0.198333333333
72 0.26 0.1 0.2175
73 0.26 0.1 0.219416666667
74 0.26 0.2 0.218916666667
75 0.26 0.2 0.222583333333
76 0.26 0.2 0.22625
77 0.26 0.2 0.23875
78 0.26 0.2 0.226166666667
79 0.26 0.2 0.211083333333
80 0.26 0.2 0.203
81 0.26 0.2 0.2035
82 0.26 0.2 0.202416666667
83 0.26 0.2 0.22175
84 0.26 0.2 0.2185
85 0.26 0.2 0.227083333333
86 0.26 0.2 0.241833333333
87 0.26 0.2 0.227
88 0.26 0.2 0.216583333333
89 0.26 0.2 0.221083333333
90 0.26 0.2 0.23675
91 0.26 0.2 0.22275
92 0.26 0.2 0.207
93 0.26 0.2 0.208666666667
94 0.26 0.2 0.230333333333
95 0.26 0.2 0.2445
96 0.26 0.2 0.2525
97 0.26 0.2 0.25325
98 0.26 0.2 0.251833333333
99 0.26 0.2 0.246916666667
100 0.26 0.1 0.243083333333
101 0.26 0.05 0.241166666667
102 0.26 -0.05 0.241583333333
103 0.26 -0.1 0.244833333333
104 0.26 -0.1 0.247583333333
105 0.26 -0.1 0.246416666667
106 0.26 -0.15 0.245
107 0.26 -0.2 0.24425
108 0.26 -0.2 0.245916666667
109 0.26 -0.2 0.264583333333
110 0.26 -0.2 0.286416666667
111 0.26 -0.2 0.285916666667
112 0.26 -0.2 0.252666666667
113 0.26 -0.25 0.227916666667
114 0.26 -0.3 0.319666666667
115 0.26 -0.3 0.385666666667
116 0.26 -0.3 0.36975
117 0.26 -0.3 0.313333333333
118 0.26 -0.3 0.291666666667
119 0.26 -0.3 0.291666666667
120 0.26 -0.3 0.291666666667
121 0.26 -0.3 0.291666666667
122 0.26 -0.3 0.291666666667
123 0.26 -0.2 0.291666666667
124 0.26 -0.15 0.291666666667
125 0.26 -0.1 0.291666666667
126 0.26 -2.77555756156e-17 0.291666666667
127 0.26 0.05 0.291666666667
128 0.26 0.1 0.291666666667
129 0.26 0.1 0.291666666667
130 0.26 0.1 0.291666666667
131 0.26 0.1 0.291666666667
132 0.26 0.1 0.291666666667
133 0.26 0.1 0.291666666667
134 0.26 0.1 0.291666666667
135 0.26 0.1 0.291666666667
136 0.26 0.1 0.291666666667
137 0.26 0.1 0.291666666667
138 0.26 0.1 0.291666666667
139 0.26 0.1 0.291666666667
140 0.26 0.1 0.291666666667
141 0.26 0.1 0.291666666667
142 0.26 0.1 0.291666666667
143 0.26 0.1 0.291666666667
144 0.26 0.1 0.291666666667
145 0.26 0.1 0.291666666667
146 0.26 0.1 0.291666666667
147 0.26 0.1 0.291666666667
148 0.26 0.1 0.291666666667
149 0.26 0.2 0.291666666667
150 0.26 0.2 0.291666666667
151 0.26 0.2 0.291666666667
152 0.26 0.2 0.291666666667
153 0.26 0.2 0.291666666667
154 0.26 0.2 0.291666666667
155 0.26 0.2 0.291666666667
156 0.26 0.2 0.291666666667
157 0.26 0.2 0.291666666667
158 0.26 0.2 0.291666666667
159 0.26 0.2 0.291666666667
160 0.26 0.2 0.291666666667
161 0.26 0.15 0.291666666667
162 0.26 0.1 0.291666666667
163 0.26 0.05 0.291666666667
164 0.26 -2.77555756156e-17 0.291666666667
165 0.26 -2.77555756156e-17 0.291666666667
166 0.26 -2.77555756156e-17 0.291666666667
167 0.26 -2.77555756156e-17 0.291666666667
168 0.26 -2.77555756156e-17 0.291666666667
169 0.26 -2.77555756156e-17 0.291666666667
170 0.26 -2.77555756156e-17 0.291666666667
171 0.26 -2.77555756156e-17 0.291666666667
172 0.26 -2.77555756156e-17 0.291666666667
173 0.26 -2.77555756156e-17 0.291666666667
174 0.26 0.05 0.291666666667
175 0.26 0.1 0.291666666667
176 0.26 0.1 0.291666666667
177 0.26 0.1 0.291666666667
178 0.26 0.1 0.291666666667
179 0.26 0.1 0.291666666667
180 0.26 0.1 0.291666666667
181 0.26 0.05 0.291666666667
182 0.26 -2.77555756156e-17 0.291666666667
183 0.26 -2.77555756156e-17 0.291666666667
184 0.26 -2.77555756156e-17 0.291666666667
185 0.26 -2.77555756156e-17 0.291666666667
186 0.26 -2.77555756156e-17 0.291666666667
187 0.26 -2.77555756156e-17 0.291666666667
