0 0.26 0.0 0.0
1 0.26 0.0 0.0
2 0.26 0.0 0.0
3 0.26 0.0 0.0
4 0.26 0.0 0.0
5 0.26 0.0 0.0
6 0.26 0.0 0.0
7 0.26 -0.05 0.0
8 0.26 -0.1 0.0
9 0.26 -0.1 0.0
10 0.26 -0.2 0.0
11 0.26 -0.2 0.0
12 0.26 -0.2 0.0
13 0.26 -0.3 0.0
14 0.26 -0.3 0.0
15 0.26 -0.3 0.0
16 0.26 -0.3 0.025
17 0.26 -0.3 0.1
18 0.26 -0.3 0.18125
19 0.26 -0.3 0.23125
20 0.26 -0.3 0.2375
21 0.26 -0.3 0.24625
22 0.26 -0.3 0.26275
23 0.26 -0.3 0.2875
24 0.26 -0.3 0.25
25 0.26 -0.3 0.125
26 0.26 -0.3 0.01475
27 0.0 0.0 0.0
28 0.0 0.0 0.0
29 0.0 0.0 0.0
30 0.01 0.0 0.0
31 0.01 0.0 0.0
32 0.01 0.0 0.0
33 0.04 0.0 0.0
34 0.065 0.0 0.0
35 0.09 0.0 0.0
36 0.12 0.0 0.0
37 0.145 0.0 0.0
38 0.175 0.0 0.0
39 0.2 0.0 0.0
40 0.23 0.0 0.0
41 0.26 0.0 0.0
42 0.26 0.0 0.0
43 0.26 0.0 0.0
44 0.26 0.0 0.0
45 0.26 0.0 0.0
46 0.26 0.0 0.0
47 0.26 0.0 0.0
48 0.26 0.0 0.0
49 0.26 0.0 0.0
50 0.26 0.0 0.0
51 0.26 0.0 0.0
52 0.26 0.1 0.0
53 0.26 0.1 0.0
54 0.26 0.1 0.0
55 0.26 0.1 0.0
56 0.26 0.1 0.0
57 0.26 0.1 0.0
58 0.26 0.1 0.0
59 0.26 0.1 0.0
60 0.26 0.1 0.0
61 0.26 0.1 0.0
62 0.26 0.1 0.0
63 0.26 0.1 0.0
64 0.26 0.1 0.0
65 0.26 0.1 0.0
66 0.26 0.1 0.0
67 0.26 0.1 0.0
68 0.26 0.1 0.0
69 0.26 0.1 0.0
70 0.26 0.1 0.0
71 0.26 0.1 0.0
72 0.26 0.1 0.0
73 0.26 0.1 0.0
74 0.26 0.15 0.0
75 0.26 0.2 0.0
76 0.26 0.2 0.0
77 0.26 0.2 0.0
78 0.26 0.2 0.0
79 0.26 0.2 0.0
80 0.26 0.2 0.0
81 0.26 0.2 0.0
82 0.26 0.2 0.0
83 0.26 0.2 0.0
84 0.26 0.2 0.0
85 0.26 0.2 0.0
86 0.26 0.2 0.00583333333333
87 0.26 0.2 0.05625
88 0.26 0.2 0.10625
89 0.26 0.2 0.16875
90 0.26 0.2 0.21875
91 0.26 0.2 0.28125
92 0.26 0.2 0.33125
93 0.26 0.2 0.38125
94 0.26 0.2 0.4375
95 0.0 0.0 0.4375
96 0.0 0.0 0.43125
97 0.0 0.0 0.425
98 0.01 0.0 0.41875
99 0.01 0.0 0.41875
100 0.01 0.0 0.41875
101 0.03 0.0 0.4125
102 0.06 0.0 0.4125
103 0.085 0.0 0.4125
104 0.1 0.0 0.43125
105 0.11 0.0 0.43125
106 0.12 0.0 0.43125
107 0.125 0.0 0.4375
108 0.135 0.0 0.4375
109 0.15 -0.05 0.4375
110 0.155 -0.1 0.4375
111 0.17 -0.1 0.4375
112 0.18 -0.1 0.44375
113 0.185 -0.1 0.45
114 0.215 -0.1 0.45
115 0.245 -0.1 0.45
116 0.26 -0.1 0.4625
117 0.26 -0.1 0.46875
118 0.26 -0.1 0.475
119 0.26 -0.1 0.48125
120 0.26 -0.1 0.45625
121 0.26 -0.05 0.41875
122 0.26 0.0 0.400833333333
123 0.26 0.0 0.4
124 0.26 0.1 0.4
125 0.26 0.1 0.41875
126 0.26 0.1 0.4375
127 0.26 0.1 0.4625
128 0.26 0.1 0.4875
129 0.26 0.1 0.5125
130 0.26 0.1 0.5375
131 0.26 0.1 0.566916666667
132 0.26 0.1 0.56875
133 0.26 0.1 0.575
134 0.26 0.05 0.58125
135 0.26 0.0 0.5875
136 0.26 0.0 0.597916666667
137 0.26 0.0 0.6
138 0.26 0.0 0.6125
139 0.26 0.0 0.625
140 0.26 0.0 0.63125
141 0.26 0.0 0.64375
142 0.26 0.0 0.65625
143 0.26 0.0 0.6625
144 0.26 0.0 0.65625
145 0.26 0.0 0.6625
146 0.26 0.0 0.65625
147 0.26 0.0 0.65625
148 0.26 0.0 0.65625
149 0.26 0.0 0.65625
150 0.26 0.0 0.65625
151 0.26 0.0 0.65625
152 0.26 0.0 0.65625
153 0.26 0.0 0.65625
154 0.26 0.0 0.65
155 0.26 0.0 0.65625
156 0.26 0.0 0.65
157 0.26 0.0 0.65
158 0.26 0.0 0.65
159 0.26 0.0 0.65
160 0.26 0.0 0.65
161 0.26 0.0 0.65
162 0.26 0.0 0.65625
163 0.26 0.0 0.65625
164 0.26 0.0 0.65625
165 0.26 0.0 0.65625
166 0.26 0.0 0.65625
167 0.26 0.0 0.65625
168 0.26 0.0 0.65625
169 0.26 0.0 0.6625
170 0.26 0.0 0.6625
171 0.26 0.0 0.6625
172 0.26 0.0 0.6625
173 0.26 0.0 0.6625
174 0.26 0.0 0.66875
175 0.26 0.0 0.66875
176 0.26 0.0 0.66875
177 0.26 0.0 0.66875
178 0.26 0.0 0.66875
179 0.26 0.0 0.675
180 0.26 0.0 0.675
181 0.26 0.0 0.675
182 0.26 0.0 0.68125
183 0.26 0.0 0.68125
184 0.26 0.0 0.68125
185 0.26 0.0 0.68125
186 0.26 0.0 0.6875
187 0.26 0.0 0.6875
188 0.26 0.0 0.6875
189 0.26 0.0 0.6925
190 0.26 0.0 0.69375
191 0.26 0.0 0.69375
192 0.26 0.0 0.69375
193 0.26 0.0 0.7
194 0.26 0.0 0.7
195 0.26 0.0 0.7
196 0.26 0.0 0.70625
197 0.26 0.0 0.70625
198 0.26 0.0 0.70625
199 0.26 0.0 0.7125
200 0.26 0.0 0.7125
201 0.26 0.0 0.71875
202 0.26 0.0 0.71875
203 0.26 0.0 0.71875
204 0.26 0.0 0.725
205 0.26 0.0 0.725
206 0.26 0.0 0.73125
207 0.26 0.0 0.73125
