0 0.26 0.0 0.0633333333333
1 0.26 0.0 0.03925
2 0.26 0.0 0.0349166666667
3 0.26 0.0 0.03125
4 0.26 0.0 0.0125
5 0.26 0.0 0.00625
6 0.26 0.0 0.0
7 0.26 0.0 0.0
8 0.26 0.0 0.0
9 0.26 0.0 0.0
10 0.26 0.0 0.0
11 0.26 0.0 0.0
12 0.26 0.0 0.0
13 0.26 0.05 0.0
14 0.26 0.1 0.0
15 0.26 0.15 0.0
16 0.26 0.2 0.0
17 0.26 0.3 0.0
18 0.26 0.35 0.025
19 0.26 0.4 0.102
20 0.26 0.45 0.20625
21 0.26 0.5 0.325
22 0.26 0.6 0.4625
23 0.26 0.6 0.63125
24 0.26 0.6 0.61875
25 0.26 0.6 0.45625
26 0.26 0.6 0.29375
27 0.26 0.6 0.13125
28 0.26 0.6 0.0
29 0.0 0.0 0.0
30 0.0 0.0 0.0
31 0.0 0.0 0.0
32 0.0 0.0 0.0
33 0.01 0.0 0.0
34 0.01 0.0 0.025
35 0.01 0.0 0.19375
36 0.03 0.0 0.33125
37 0.055 0.0 0.4375
38 0.085 0.0 0.45625
39 0.11 0.0 0.45625
40 0.14 0.0 0.44375
41 0.17 0.0 0.45
42 0.195 0.0 0.45625
43 0.225 0.0 0.45
44 0.25 0.0 0.45
45 0.26 0.0 0.44375
46 0.26 0.0 0.43125
47 0.26 0.0 0.424916666667
48 0.26 0.0 0.4125
49 0.26 0.0 0.4
50 0.26 0.0 0.39375
51 0.26 0.0 0.38125
52 0.26 0.0 0.36875
53 0.26 0.0 0.35625
54 0.26 0.0 0.34375
55 0.26 0.0 0.337416666667
56 0.26 0.0 0.31875
57 0.26 0.0 0.3125
58 0.26 0.0 0.3
59 0.26 0.0 0.293083333333
60 0.26 -0.1 0.28125
61 0.26 -0.1 0.2875
62 0.26 -0.2 0.30625
63 0.26 -0.2 0.3375
64 0.26 -0.3 0.38125
65 0.26 -0.3 0.44375
66 0.26 -0.35 0.5125
67 0.26 -0.4 0.5875
68 0.26 -0.4 0.68125
69 0.26 -0.4 0.75
70 0.26 -0.4 0.75
71 0.26 -0.4 0.75
72 0.26 -0.4 0.75
73 0.26 -0.4 0.75
74 0.26 -0.4 0.75
75 0.0 0.0 0.75
76 0.0 0.0 0.75
77 0.0 0.0 0.75
78 0.01 0.0 0.75
79 0.01 0.0 0.75
80 0.01 0.0 0.75
81 0.03 0.0 0.75
82 0.06 0.0 0.75
83 0.085 0.0 0.75
84 0.11 0.0 0.75
85 0.135 0.0 0.75
86 0.165 0.0 0.75
87 0.19 0.0 0.75
88 0.215 0.0 0.75
89 0.24 0.0 0.75
90 0.26 0.0 0.75
91 0.26 0.0 0.75
92 0.26 0.0 0.75
93 0.26 0.0 0.75
94 0.26 0.0 0.75
95 0.26 0.0 0.75
96 0.26 0.0 0.75
97 0.26 0.0 0.75
98 0.26 0.0 0.75
99 0.26 0.0 0.75
100 0.26 0.0 0.75
101 0.26 0.0 0.75
102 0.26 0.0 0.75
103 0.26 0.0 0.75
104 0.26 0.0 0.75
105 0.26 0.0 0.75
106 0.26 0.0 0.75
107 0.26 0.0 0.75
108 0.26 0.0 0.75
109 0.26 0.0 0.75
