0 0.26 0.0 0.0
1 0.26 0.0 0.0
2 0.26 0.0 0.0
3 0.26 0.0 0.0
4 0.26 0.0 0.0
5 0.26 0.0 0.0
6 0.26 0.0 0.0
7 0.26 0.0 0.0
8 0.26 0.0 0.0
9 0.26 0.0 0.0
10 0.26 0.0 0.0
11 0.26 0.0 0.0
12 0.26 -0.05 0.0
13 0.26 -0.1 0.0
14 0.26 -0.2 0.0
15 0.26 -0.25 0.0
16 0.26 -0.3 0.0
17 0.26 -0.4 0.0
18 0.26 -0.45 0.0
19 0.26 -0.5 0.0
20 0.26 -0.6 0.01875
21 0.26 -0.6 0.15
22 0.26 -0.6 0.1625
23 0.26 -0.6 0.175
24 0.26 -0.6 0.19375
25 0.26 -0.6 0.0
26 0.26 -0.6 0.0
27 0.0 0.0 0.0
28 0.0 0.0 0.0
29 0.005 0.0 0.0
30 0.01 0.0 0.0
31 0.01 0.0 0.0
32 0.01 0.0 0.0
33 0.04 0.0 0.0
34 0.065 0.0 0.0
35 0.09 0.0 0.0
36 0.115 0.0 0.0
37 0.145 0.0 0.0
38 0.17 0.0 0.0
39 0.195 0.0 0.0
40 0.22 0.0 0.0
41 0.25 0.0 0.0
42 0.26 0.0 0.0
43 0.26 0.0 0.0
44 0.26 0.0 0.0
45 0.26 0.0 0.0
46 0.26 0.0 0.0
47 0.26 0.0 0.0
48 0.26 0.0 0.0
49 0.26 0.05 0.0
50 0.26 0.1 0.0
51 0.26 0.15 0.0
52 0.26 0.2 0.0
53 0.26 0.3 0.0
54 0.26 0.35 0.0
55 0.26 0.4 0.0
56 0.26 0.45 0.0
57 0.26 0.5 0.0
58 0.26 0.55 0.09375
59 0.26 0.6 0.25
60 0.26 0.6 0.3125
61 0.26 0.6 0.305666666667
62 0.26 0.6 0.29375
63 0.0 0.0 0.164666666667
64 0.0 0.0 0.0
65 0.0 0.0 0.23125
66 0.0 0.0 0.45575
67 0.0 0.0 0.45
68 0.0 -0.05 0.375
69 0.0 -0.1 0.31875
70 0.0 -0.1 0.325
71 0.0 -0.25 0.35625
72 0.0 -0.5 0.4
73 0.0 -0.65 0.45625
74 0.0 -0.75 0.45625
75 0.0 -0.85 0.34375
76 0.0 -0.9 0.11875
77 0.0 0.0 0.05625
78 0.0 0.0 0.20625
79 0.01 0.0 0.2125
80 0.01 0.0 0.2125
81 0.01 0.0 0.2125
82 0.025 0.0 0.21875
83 0.055 0.0 0.21875
84 0.08 0.0 0.21875
85 0.105 0.0 0.21875
86 0.13 0.0 0.20625
87 0.16 0.0 0.20625
88 0.185 0.0 0.20625
89 0.21 0.0 0.2125
90 0.235 0.0 0.2125
91 0.26 0.0 0.20625
92 0.26 0.0 0.21875
93 0.26 0.0 0.2125
94 0.26 0.0 0.2125
95 0.26 0.0 0.21875
96 0.26 0.0 0.2125
97 0.26 0.0 0.217416666667
98 0.26 0.0 0.2125
99 0.26 0.0 0.2125
100 0.26 0.0 0.2125
101 0.26 0.0 0.2125
102 0.26 0.0 0.2125
103 0.26 0.0 0.2125
104 0.26 0.0 0.2125
105 0.26 0.0 0.2125
106 0.26 0.0 0.2125
107 0.26 0.0 0.2125
108 0.26 0.0 0.20625
109 0.26 0.0 0.20625
110 0.26 0.0 0.2
111 0.26 0.0 0.2
112 0.26 0.0 0.19375
113 0.26 0.0 0.19375
114 0.26 0.05 0.19375
115 0.26 0.1 0.1875
116 0.26 0.1 0.15625
117 0.26 0.1 0.1375
118 0.26 0.1 0.110333333333
119 0.26 0.1 0.075
120 0.26 0.1 0.04375
121 0.26 0.1 0.0125
122 0.26 0.1 0.0
123 0.26 0.1 0.0
124 0.26 0.1 0.0
125 0.26 0.05 0.0
126 0.26 0.0 0.0
127 0.26 0.0 0.0
128 0.26 0.0 0.0
129 0.26 0.0 0.0
130 0.26 0.0 0.0
131 0.26 0.0 0.0
132 0.26 0.0 0.0
133 0.26 0.05 0.0
134 0.26 0.1 0.0
135 0.26 0.15 0.0
136 0.26 0.2 0.0
137 0.26 0.25 0.0
138 0.26 0.3 0.0
139 0.26 0.35 0.0
140 0.26 0.4 0.0
141 0.26 0.5 0.0
142 0.26 0.5 0.0
143 0.26 0.5 0.0
144 0.26 0.5 0.0
145 0.26 0.5 0.0
146 0.26 0.5 0.0
147 0.26 0.5 0.0
148 0.26 0.5 0.0
149 0.26 0.5 0.0
150 0.26 0.5 0.0
151 0.26 0.5 0.0
152 0.0 0.0 0.0
153 0.0 0.0 0.0
154 0.005 0.0 0.0
155 0.01 0.0 0.0
156 0.01 0.0 0.0
157 0.02 0.0 0.0
158 0.045 0.0 0.0
159 0.07 0.0 0.0
160 0.095 0.0 0.0
161 0.125 0.0 0.0
162 0.15 0.0 0.0
163 0.175 0.0 0.0
164 0.2 0.0 0.0
165 0.23 0.0 0.0
166 0.255 0.0 0.0
167 0.26 0.0 0.0
168 0.26 0.0 0.0
169 0.26 0.0 0.0
170 0.26 0.0 0.0
171 0.26 0.0 0.0
172 0.26 0.0 0.0
173 0.26 0.0 0.0
174 0.26 0.0 0.0
175 0.26 0.0 0.0
176 0.26 0.0 0.0
177 0.26 0.0 0.0
178 0.26 -0.05 0.0
179 0.26 -0.1 0.0
180 0.26 -0.2 0.0
181 0.26 -0.2 0.0
182 0.26 -0.3 0.0
183 0.26 -0.35 0.0
184 0.26 -0.4 0.0
185 0.26 -0.5 0.0
186 0.26 -0.5 0.0
187 0.26 -0.6 0.0
188 0.26 -0.6 0.0
189 0.26 -0.6 0.0
190 0.26 -0.6 0.0
191 0.26 -0.6 0.01875
192 0.26 -0.6 0.1755
193 0.26 -0.6 0.3375
194 0.0 0.0 0.5
195 0.0 0.0 0.66875
196 0.0 0.0 0.75
197 0.0 0.0 0.75
198 0.0 0.0 0.75
199 0.005 0.0 0.75
200 0.01 0.0 0.75
201 0.01 0.0 0.75
202 0.025 0.0 0.75
203 0.05 0.0 0.75
204 0.08 0.0 0.75
205 0.105 0.0 0.75
206 0.13 0.0 0.75
207 0.14 0.0 0.75
208 0.145 0.0 0.75
209 0.16 0.0 0.75
210 0.165 0.0 0.75
211 0.175 0.0 0.75
212 0.18 0.0 0.75
213 0.19 0.0 0.75
214 0.195 0.0 0.75
215 0.205 0.0 0.75
216 0.215 0.0 0.75
