0 0.26 0.0 0.0
1 0.26 0.0 0.0
2 0.26 0.0 0.0
3 0.26 0.0 0.0
4 0.26 0.1 0.0
5 0.26 0.15 0.0
6 0.26 0.2 0.0
7 0.26 0.3 0.0
8 0.26 0.4 0.0
9 0.26 0.4 0.0
10 0.26 0.4 0.1125
11 0.26 0.4 0.23125
12 0.26 0.4 0.35
13 0.26 0.4 0.4625
14 0.26 0.4 0.575
15 0.26 0.4 0.66575
16 0.26 0.4 0.60625
17 0.0 0.0 0.48125
18 0.0 0.0 0.43425
19 0.0 0.0 0.34375
20 0.01 0.0 0.08125
21 0.01 0.0 0.0
22 0.01 0.0 0.0
23 0.03 0.0 0.0
24 0.065 0.0 0.0
25 0.09 0.0 0.0
26 0.115 0.0 0.0
27 0.145 0.0 0.0
28 0.175 0.0 0.0
29 0.205 0.0 0.0
30 0.235 0.0 0.0
31 0.26 0.0 0.0
32 0.26 0.0 0.0
33 0.26 0.0 0.0
34 0.26 0.0 0.0
35 0.26 -0.1 0.0
36 0.26 -0.1 0.0
37 0.26 -0.1 0.0
38 0.26 -0.1 0.0
39 0.26 -0.1 0.0
40 0.26 -0.1 0.0
41 0.26 -0.1 0.0
42 0.26 -0.1 0.0
43 0.26 -0.1 0.0
44 0.26 -0.1 0.0
45 0.26 -0.1 0.0
46 0.26 -0.1 0.0
47 0.26 -0.1 0.0
48 0.26 -0.1 0.0
49 0.26 -0.1 0.0
50 0.26 -0.2 0.0
51 0.26 -0.2 0.0
52 0.26 -0.2 0.0
53 0.26 -0.2 0.0
54 0.26 -0.2 0.0
55 0.26 -0.2 0.0
56 0.26 -0.2 0.0
57 0.26 -0.2 0.0
58 0.26 -0.2 0.0
59 0.26 -0.2 0.0
60 0.26 -0.2 0.0
61 0.26 -0.2 0.0
62 0.26 -0.2 0.0
63 0.26 -0.2 0.0
64 0.26 -0.2 0.0
65 0.26 -0.15 0.0
66 0.26 -0.1 0.0
67 0.26 -0.1 0.0
68 0.26 -0.1 0.0
69 0.26 -0.1 0.0
70 0.26 -0.1 0.0
71 0.26 -0.1 0.0
72 0.26 -0.1 0.0
73 0.26 -0.1 0.0
74 0.26 -0.1 0.0
75 0.26 -0.1 0.0
76 0.26 -0.1 0.0
77 0.26 -0.1 0.0
78 0.26 -0.1 0.0
79 0.26 -0.1 0.0
80 0.26 -0.1 0.0
81 0.26 -0.1 0.0
82 0.26 -0.1 0.0
83 0.26 -0.05 0.0
84 0.26 0.0 0.0
85 0.26 0.0 0.0
86 0.26 0.0 0.0
87 0.26 0.0 0.0
88 0.26 0.0 0.0
89 0.26 0.0 0.0
90 0.26 0.0 0.0
91 0.26 0.0 0.0
92 0.26 0.0 0.0
93 0.26 0.0 0.0
94 0.26 0.0 0.0
95 0.26 0.0 0.0
96 0.26 0.0 0.0
97 0.26 0.0 0.0
98 0.26 0.0 0.0
99 0.26 0.0 0.0
100 0.26 0.0 0.0
101 0.26 0.0 0.0
102 0.26 0.0 0.0
103 0.26 0.0 0.0
104 0.26 0.0 0.0
105 0.26 0.0 0.0
106 0.26 0.0 0.0
107 0.26 0.0 0.0
108 0.26 0.0 0.0
109 0.26 0.0 0.0
110 0.26 0.0 0.0
111 0.26 0.0 0.0
112 0.26 0.0 0.0
113 0.26 0.0 0.0
114 0.26 0.0 0.0
115 0.26 0.0 0.0
116 0.26 0.0 0.0
117 0.26 0.0 0.0
118 0.26 0.0 0.0
119 0.26 0.0 0.0
120 0.26 0.0 0.0
121 0.26 -0.1 0.0
122 0.26 -0.1 0.0
123 0.26 -0.1 0.0
124 0.26 -0.1 0.0
125 0.26 -0.1 0.0
126 0.26 -0.1 0.0
127 0.26 -0.1 0.0
128 0.26 -0.1 0.0
129 0.26 -0.15 0.0
130 0.26 -0.2 0.0
131 0.26 -0.2 0.0
132 0.26 -0.25 0.0
133 0.26 -0.3 0.0
134 0.26 -0.3 0.0
135 0.26 -0.3 0.0
136 0.26 -0.3 0.0
137 0.26 -0.3 0.0
138 0.26 -0.3 0.0
139 0.26 -0.3 0.0
140 0.26 -0.35 0.0
141 0.26 -0.4 0.0
142 0.26 -0.4 0.0
143 0.26 -0.4 0.0
144 0.26 -0.4 0.0
145 0.26 -0.4 0.0
146 0.26 -0.4 0.0
147 0.26 -0.4 0.0
148 0.26 -0.4 0.0
149 0.26 -0.4 0.0
150 0.26 -0.4 0.0
151 0.26 -0.4 0.0
152 0.26 -0.4 0.06875
153 0.26 -0.4 0.19375
154 0.26 -0.4 0.238416666667
155 0.26 -0.4 0.26125
156 0.26 -0.4 0.3015
157 0.0 0.0 0.396833333333
158 0.0 0.0 0.447166666667
159 0.005 0.0 0.442416666667
160 0.01 0.0 0.442416666667
161 0.01 0.0 0.442166666667
162 0.03 0.0 0.442
163 0.06 0.0 0.43675
164 0.085 0.0 0.428
165 0.115 0.0 0.422416666667
166 0.145 0.0 0.408833333333
167 0.175 0.0 0.40725
168 0.18 0.0 0.399083333333
169 0.19 0.0 0.39475
170 0.2 0.0 0.383416666667
171 0.205 0.0 0.3765
172 0.215 0.0 0.369416666667
173 0.225 0.0 0.361333333333
174 0.235 0.0 0.358416666667
175 0.24 0.0 0.350583333333
176 0.25 0.0 0.347333333333
177 0.26 0.0 0.338583333333
178 0.26 0.0 0.329916666667
179 0.26 0.0 0.3235
180 0.26 0.0 0.31575
181 0.26 0.0 0.301833333333
182 0.26 0.0 0.297666666667
183 0.26 0.0 0.288083333333
184 0.26 0.0 0.280333333333
185 0.26 0.0 0.273916666667
186 0.26 0.0 0.258
187 0.26 0.0 0.24725
188 0.26 0.0 0.236916666667
189 0.26 0.0 0.187416666667
190 0.26 0.0 0.106666666667
191 0.26 0.0 0.04125
192 0.26 0.0 0.029
193 0.26 0.0 0.0216666666667
194 0.26 0.0 0.018
195 0.26 0.0 0.01525
196 0.26 0.0 0.00933333333333
197 0.26 0.0 0.00533333333333
198 0.26 0.0 0.00166666666667
199 0.26 0.0 0.0
200 0.26 0.0 0.0
201 0.26 0.0 0.0
202 0.26 0.0 0.0
203 0.26 0.0 0.0
204 0.26 0.0 0.0
205 0.26 0.0 0.0
206 0.26 0.0 0.0
207 0.26 0.0 0.0
208 0.26 0.0 0.0
209 0.26 0.0 0.0
210 0.26 0.0 0.0
211 0.26 0.0 0.0
212 0.26 0.0 0.0
213 0.26 -0.1 0.0
214 0.26 -0.1 0.0
215 0.26 -0.1 0.0
216 0.26 -0.1 0.0
217 0.26 -0.1 0.0
218 0.26 -0.1 0.0
219 0.26 -0.1 0.0
220 0.26 -0.1 0.0
221 0.26 -0.1 0.0
222 0.26 -0.2 0.0
223 0.26 -0.2 0.0
224 0.26 -0.2 0.0
225 0.26 -0.2 0.0
226 0.26 -0.2 0.0
227 0.26 -0.2 0.0
228 0.26 -0.2 0.0
229 0.26 -0.2 0.0
230 0.26 -0.2 0.0
231 0.26 -0.2 0.0
232 0.26 -0.2 0.0
233 0.26 -0.2 0.0
234 0.26 -0.2 0.0
235 0.26 -0.2 0.0
236 0.26 -0.2 0.0
237 0.26 -0.2 0.0
238 0.26 -0.2 0.0
239 0.26 -0.2 0.0
240 0.26 -0.2 0.0
241 0.26 -0.2 0.0
242 0.26 -0.2 0.0
243 0.26 -0.2 0.0
244 0.26 -0.2 0.0
245 0.26 -0.2 0.0
246 0.26 -0.2 0.0
247 0.26 -0.2 0.0
248 0.26 -0.2 0.0
249 0.26 -0.2 0.0
250 0.26 -0.2 0.0
251 0.26 -0.2 0.02725
252 0.26 -0.2 0.075
253 0.26 -0.2 0.125
254 0.26 -0.2 0.16875
255 0.26 -0.1 0.213583333333
256 0.26 -0.1 0.24375
257 0.26 -0.1 0.25625
258 0.26 -0.1 0.28125
259 0.26 -0.1 0.296833333333
260 0.26 -0.1 0.297416666667
261 0.26 -0.1 0.2745
262 0.26 -0.1 0.248416666667
263 0.26 -0.1 0.2445
264 0.26 -0.1 0.257166666667
265 0.26 -0.1 0.279583333333
266 0.26 -0.05 0.29375
267 0.26 0.0 0.299583333333
268 0.26 0.0 0.2985
269 0.26 0.0 0.285416666667
270 0.26 0.0 0.27225
271 0.26 0.0 0.259333333333
272 0.26 0.0 0.245916666667
273 0.26 0.0 0.232583333333
274 0.26 0.0 0.219166666667
275 0.26 0.0 0.205416666667
276 0.26 0.0 0.191666666667
277 0.26 -0.05 0.178083333333
278 0.26 -0.1 0.176583333333
279 0.26 -0.15 0.189333333333
280 0.26 -0.2 0.230166666667
281 0.26 -0.2 0.273666666667
282 0.26 -0.2 0.310833333333
283 0.26 -0.2 0.372583333333
284 0.26 -0.2 0.4155
285 0.26 -0.2 0.46425
286 0.26 -0.2 0.495583333333
287 0.26 -0.2 0.496
288 0.0 0.0 0.55175
289 0.0 0.0 0.622333333333
290 0.005 0.0 0.475333333333
291 0.01 0.0 0.236083333333
292 0.01 0.0 0.0435
293 0.01 0.1 0.0163333333333
294 0.01 0.1 0.0
295 0.01 0.1 0.0
296 0.01 0.3 0.0
297 0.01 0.55 0.0
298 0.01 0.85 0.0
299 0.01 1.05 0.0
300 0.01 1.15 0.00883333333333
301 0.0 0.0 0.0689166666667
302 0.0 0.0 0.384416666667
303 0.0 0.0 0.499083333333
304 0.0 0.0 0.563333333333
305 0.0 0.0 0.61075
306 0.0 0.05 0.637666666667
307 0.0 0.1 0.643083333333
308 0.0 0.1 0.6405
309 0.0 0.1 0.632583333333
310 0.0 0.0 0.633083333333
311 0.0 0.0 0.627583333333
312 0.0 0.0 0.627583333333
313 0.01 0.0 0.627666666667
314 0.01 0.0 0.627833333333
315 0.01 0.0 0.627833333333
316 0.03 0.0 0.627833333333
317 0.06 0.0 0.624833333333
318 0.085 0.0 0.6255
319 0.115 0.0 0.620833333333
320 0.145 0.0 0.631916666667
321 0.17 0.0 0.631916666667
322 0.195 0.0 0.636583333333
323 0.21 0.0 0.641583333333
324 0.22 0.0 0.64775
325 0.23 0.0 0.64775
326 0.24 0.0 0.658833333333
327 0.25 0.0 0.65875
328 0.26 0.0 0.665083333333
329 0.26 0.0 0.67
330 0.26 0.0 0.655083333333
331 0.26 0.0 0.00175
332 0.26 0.0 0.0
333 0.26 0.0 0.0
334 0.26 0.0 0.0
335 0.26 0.0 0.0
336 0.26 0.0 0.0
337 0.26 0.0 0.0
338 0.26 0.0 0.0
339 0.26 0.0 0.0
340 0.26 0.0 0.0
341 0.26 0.0 0.0
342 0.26 0.0 0.0
343 0.26 0.0 0.0
344 0.26 0.0 0.0
345 0.26 0.0 0.0
346 0.26 0.0 0.0
347 0.26 0.0 0.0
348 0.26 0.0 0.0
349 0.26 0.0 0.0
350 0.26 0.0 0.0
351 0.26 0.0 0.0
352 0.26 0.0 0.0
353 0.26 0.0 0.0
354 0.26 0.0 0.0
