0 0.26 -0.2 0.0
1 0.26 -0.1 0.0
2 0.26 -0.1 0.0
3 0.26 -0.1 0.0
4 0.26 -0.1 0.0
5 0.26 -0.05 0.0
6 0.26 0.0 0.0
7 0.26 0.1 0.0
8 0.26 0.1 0.0
9 0.26 0.1 0.0
10 0.26 0.1 0.0
11 0.26 0.1 0.0
12 0.26 0.1 0.0
13 0.26 0.2 0.0
14 0.26 0.2 0.0
15 0.26 0.2 0.0
16 0.26 0.2 0.0
17 0.26 0.2 0.0
18 0.26 0.2 0.0
19 0.26 0.2 0.0625
20 0.26 0.2 0.364583333333
21 0.26 0.2 0.2875
22 0.26 0.2 0.240416666667
23 0.0 0.0 0.26125
24 0.0 0.0 0.352
25 0.0 0.0 0.52575
26 0.0 0.0 0.359666666667
27 0.0 0.0 0.0666666666667
28 0.0 0.0 0.0
29 0.01 0.0 0.0
30 0.01 0.0 0.0
31 0.015 0.0 0.0
32 0.045 0.0 0.0
33 0.075 0.0 0.0
34 0.105 0.0 0.0
35 0.14 0.0 0.0
36 0.175 0.0 0.0
37 0.2 0.0 0.0
38 0.21 -0.1 0.0
39 0.225 -0.15 0.0
40 0.235 -0.2 0.0
41 0.245 -0.2 0.0
42 0.255 -0.2 0.0
43 0.26 -0.2 0.0
44 0.26 -0.2 0.0
45 0.26 -0.2 0.0
46 0.26 -0.2 0.0
47 0.26 -0.2 0.0
48 0.26 -0.2 0.0
49 0.26 -0.2 0.0
50 0.26 -0.2 0.0
51 0.26 -0.2 0.0
52 0.26 -0.2 0.0
53 0.26 -0.2 0.0
54 0.26 -0.2 0.0
55 0.26 -0.2 0.0
56 0.26 -0.2 0.0
57 0.26 -0.2 0.0
58 0.26 -0.2 0.0
59 0.26 -0.2 0.0
60 0.26 -0.2 0.0
61 0.26 -0.2 0.0
62 0.26 -0.2 0.0
63 0.26 -0.2 0.0
64 0.26 -0.2 0.0
65 0.26 -0.2 0.0
66 0.26 -0.2 0.0
67 0.26 -0.2 0.0
68 0.26 -0.2 0.05
69 0.26 -0.2 0.09375
70 0.26 -0.2 0.16875
71 0.26 -0.2 0.25625
72 0.26 -0.2 0.31875
73 0.26 -0.2 0.38125
74 0.26 -0.2 0.43125
75 0.26 -0.2 0.50625
76 0.26 -0.2 0.56875
77 0.26 -0.2 0.597833333333
78 0.26 -0.2 0.609
79 0.26 -0.2 0.604916666667
80 0.26 -0.2 0.550416666667
81 0.26 -0.2 0.0
82 0.26 -0.1 0.0
83 0.26 -0.05 0.0
84 0.26 0.05 0.0
85 0.26 0.1 0.0
86 0.26 0.1 0.0
87 0.26 0.1 0.0
88 0.26 0.1 0.0
89 0.26 0.1 0.0
90 0.26 0.1 0.0
91 0.26 0.1 0.0
92 0.26 0.1 0.0
93 0.26 0.1 0.0
94 0.26 0.1 0.0
95 0.26 0.1 0.0
96 0.26 0.1 0.0
97 0.26 0.1 0.0
98 0.26 0.1 0.0
99 0.26 0.0 0.0
100 0.26 0.0 0.0
101 0.26 0.0 0.0
102 0.26 -0.1 0.0
103 0.26 -0.1 0.0
104 0.26 -0.1 0.0
105 0.26 -0.1 0.0
106 0.26 -0.1 0.0
107 0.26 -0.1 0.0
108 0.26 -0.1 0.0
109 0.26 -0.1 0.0
110 0.26 -0.1 0.0
111 0.26 -0.1 0.0
112 0.26 -0.1 0.0
113 0.26 -0.1 0.0
114 0.26 -0.1 0.0
115 0.26 -0.1 0.0
116 0.26 -0.1 0.0
117 0.26 -0.1 0.0
118 0.26 -0.1 0.0
119 0.26 -0.1 0.0
120 0.26 -0.2 0.0
121 0.26 -0.25 0.0
122 0.26 -0.35 0.0
123 0.26 -0.4 0.0
124 0.26 -0.5 0.0
125 0.26 -0.5 0.0
126 0.26 -0.5 0.0
127 0.26 -0.5 0.0
128 0.26 -0.5 0.0
129 0.26 -0.5 0.0
130 0.26 -0.5 0.0
131 0.26 -0.5 0.089
132 0.26 -0.5 0.104
133 0.26 -0.5 0.106916666667
134 0.26 -0.5 0.099
135 0.26 -0.5 0.0928333333333
136 0.26 -0.5 0.100666666667
137 0.26 -0.5 0.0165833333333
138 0.26 -0.5 0.0
139 0.26 -0.4 0.0
140 0.26 -0.3 0.0
141 0.26 -0.3 0.0
142 0.26 -0.3 0.0645833333333
143 0.26 -0.3 0.1
144 0.26 -0.3 0.0670833333333
145 0.26 -0.3 0.0375
146 0.26 -0.3 0.0
147 0.26 -0.3 0.0
148 0.26 -0.25 0.0
149 0.26 -0.2 0.03125
150 0.26 -0.15 0.09375
151 0.26 0.05 0.1375
152 0.26 0.15 0.125
153 0.26 0.2 0.075
154 0.26 0.2 0.0
155 0.0 0.0 0.0
156 0.0 0.0 0.0
157 0.005 0.0 0.0
158 0.01 0.0 0.0
159 0.01 0.0 0.0
160 0.04 0.0 0.0
161 0.07 0.0 0.0
162 0.1 0.0 0.0
163 0.13 0.0 0.0
164 0.16 0.0 0.0
165 0.19 0.0 0.0
166 0.21 0.0 0.0
167 0.22 0.0 0.0
168 0.23 0.0 0.0
169 0.24 0.0 0.0
170 0.25 0.0 0.0
171 0.26 0.0 0.0
172 0.26 0.0 0.0
173 0.26 0.0 0.0
174 0.26 0.0 0.0
175 0.26 0.0 0.0
176 0.26 0.0 0.0
177 0.26 0.0 0.0
178 0.26 0.0 0.0
179 0.26 0.0 0.0
180 0.26 0.0 0.0
181 0.26 0.0 0.0
182 0.26 0.0 0.0
183 0.26 0.0 0.0
184 0.26 0.0 0.0
185 0.26 0.1 0.0
186 0.26 0.1 0.0
187 0.26 0.1 0.0
188 0.26 0.1 0.0
189 0.26 0.1 0.0
190 0.26 0.1 0.0
191 0.26 0.1 0.0
192 0.26 0.1 0.0
193 0.26 0.0 0.0
194 0.26 0.0 0.0
195 0.26 -0.05 0.0
196 0.26 -0.1 0.0
197 0.26 -0.2 0.0
198 0.26 -0.25 0.0
199 0.26 -0.3 0.0
200 0.26 -0.4 0.0
201 0.26 -0.4 0.0
202 0.26 -0.4 0.0
203 0.26 -0.4 0.0
204 0.26 -0.4 0.0
205 0.26 -0.4 0.0
206 0.26 -0.4 0.0
207 0.26 -0.4 0.0
208 0.26 -0.4 0.0
209 0.26 -0.4 0.0
210 0.26 -0.4 0.0125
211 0.26 -0.4 0.11875
212 0.26 -0.4 0.1125
213 0.26 -0.4 0.172
214 0.26 -0.4 0.30875
215 0.26 -0.4 0.390083333333
216 0.26 -0.4 0.495333333333
217 0.26 -0.4 0.595
218 0.0 0.0 0.629666666667
219 0.005 0.0 0.465
220 0.01 0.0 0.217916666667
221 0.01 0.0 0.0528333333333
222 0.03 0.0 0.00866666666667
223 0.04 0.1 0.0
224 0.04 0.1 0.0
225 0.04 0.35 0.0
226 0.04 0.6 0.0
227 0.04 0.85 0.008
228 0.04 1.0 0.04375
229 0.04 1.1 0.18475
230 0.0 0.0 0.599916666667
231 0.0 0.0 0.638083333333
232 0.01 0.0 0.638083333333
233 0.01 0.0 0.637916666667
234 0.025 0.0 0.637666666667
235 0.055 0.0 0.6375
236 0.085 0.0 0.636833333333
237 0.115 0.0 0.6365
238 0.145 0.0 0.6365
239 0.175 0.0 0.63625
240 0.21 0.0 0.629916666667
241 0.245 0.0 0.622833333333
242 0.26 0.0 0.62025
243 0.26 0.0 0.62
244 0.26 0.0 0.423
245 0.26 0.0 0.189333333333
246 0.26 0.0 0.00183333333333
247 0.26 0.0 0.0
248 0.26 0.0 0.0
249 0.26 0.0 0.0
250 0.26 0.0 0.0
251 0.26 0.0 0.0
252 0.26 0.0 0.0
253 0.26 0.0 0.0
254 0.26 0.0 0.0
255 0.26 0.0 0.0
256 0.26 0.0 0.0
257 0.26 0.0 0.0
258 0.26 0.0 0.0
259 0.26 0.0 0.0
260 0.26 0.0 0.0
261 0.26 0.0 0.0
262 0.26 0.0 0.0
263 0.26 0.0 0.0
264 0.26 0.0 0.0
265 0.26 0.0 0.0
266 0.26 0.0 0.0
267 0.26 0.0 0.0
268 0.26 0.0 0.0
269 0.26 0.0 0.0
270 0.26 0.0 0.0
271 0.26 0.0 0.0
272 0.26 0.0 0.0
273 0.26 0.0 0.0
274 0.26 0.0 0.0
275 0.26 0.0 0.0
276 0.26 0.0 0.0
277 0.26 0.0 0.0
278 0.26 0.0 0.0
279 0.26 0.0 0.0
280 0.26 0.0 0.0
281 0.26 0.0 0.0
282 0.26 0.0 0.0
283 0.26 0.0 0.0
284 0.26 0.0 0.0
285 0.26 0.0 0.0
286 0.26 0.0 0.0
287 0.26 0.0 0.0
288 0.26 0.0 0.0
289 0.26 0.0 0.0
290 0.26 0.0 0.0
291 0.26 0.0 0.0
292 0.26 0.0 0.0
293 0.26 0.0 0.0
294 0.26 0.0 0.0
295 0.26 0.0 0.0
296 0.26 0.0 0.0
297 0.26 0.0 0.0
298 0.26 0.0 0.0
299 0.26 0.0 0.0
300 0.26 0.0 0.0
301 0.26 0.0 0.0
