0 0.26 0.0 0.75
1 0.26 0.0 0.0
2 0.26 0.0 0.0
3 0.26 0.0 0.0
4 0.26 0.0 0.0
5 0.26 0.0 0.0
6 0.26 0.0 0.0
7 0.26 0.0 0.0
8 0.26 0.0 0.0
9 0.26 0.0 0.0
10 0.26 0.0 0.0
11 0.26 0.0 0.0
12 0.26 0.0 0.0
13 0.26 0.0 0.0
14 0.26 0.0 0.0
15 0.26 0.0 0.0
16 0.26 0.0 0.0
17 0.26 0.0 0.0
18 0.26 0.0 0.0
19 0.26 0.0 0.0
20 0.26 0.0 0.0
21 0.26 0.0 0.0
22 0.26 0.0 0.0
23 0.26 0.0 0.0
24 0.26 0.0 0.0
25 0.26 0.0 0.0
26 0.26 0.0 0.0
27 0.26 0.0 0.0
28 0.26 0.0 0.0
29 0.26 0.0 0.0
30 0.26 0.0 0.0
31 0.26 0.0 0.0
32 0.26 0.0 0.0
33 0.26 0.0 0.0
34 0.26 0.0 0.0
35 0.26 0.0 0.0
36 0.26 0.0 0.0
37 0.26 0.0 0.0
38 0.26 0.0 0.0
39 0.26 0.0 0.0
40 0.26 0.0 0.0
41 0.26 0.0 0.0
42 0.26 0.0 0.0
43 0.26 0.0 0.0
44 0.26 0.05 0.0
45 0.26 0.1 0.0
46 0.26 0.1 0.0
47 0.26 0.1 0.0
48 0.26 0.1 0.0
49 0.26 0.25 0.0
50 0.26 0.45 0.0
51 0.26 0.6 0.0
52 0.26 0.8 0.0
53 0.26 0.85 0.0
54 0.26 0.9 0.0
55 0.26 0.95 0.0
56 0.26 1.0 0.0
57 0.26 1.05 0.0
58 0.26 1.1 0.0
59 0.26 1.15 0.0
60 0.26 1.2 0.125
61 0.0 0.0 0.33125
62 0.0 0.0 0.3875
63 0.0 0.0 0.29375
64 0.0 0.0 0.05625
65 0.0 0.0 0.0
66 0.005 0.0 0.0
67 0.01 0.0 0.0
68 0.01 0.0 0.0
69 0.01 -0.05 0.0
70 0.01 -0.1 0.0
71 0.01 -0.1 0.0
72 0.01 -0.1 0.0
73 0.01 -0.1 0.0
74 0.01 -0.2 0.0
75 0.01 -0.4 0.0
76 0.01 -0.55 0.0
77 0.01 -0.7 0.0
78 0.01 -0.9 0.0
79 0.01 -1.05 0.0
80 0.01 -1.2 0.0
81 0.01 -1.35 0.0
82 0.01 -1.55 0.191666666667
83 0.01 -1.6 0.43875
84 0.01 -1.65 0.441666666667
85 0.01 -1.7 0.225
86 0.01 -1.75 0.0
87 0.01 -1.8 0.0
88 0.0 0.0 0.0
89 0.0 0.0 0.0
90 0.0 0.0 0.0
91 0.0 0.0 0.0
92 0.005 0.0 0.0
93 0.01 0.0 0.0
94 0.01 0.0 0.0
95 0.01 0.0 0.0
96 0.01 0.0 0.0
97 0.025 0.0 0.0
98 0.04 0.0 0.0
99 0.055 0.0 0.0
100 0.07 0.0 0.00625
101 0.09 0.0 0.025
102 0.105 0.0 0.05
103 0.12 0.0 0.0625
104 0.135 0.0 0.06875
105 0.15 0.0 0.06875
106 0.165 0.0 0.075
107 0.18 0.0 0.075
108 0.2 0.0 0.06875
109 0.215 0.0 0.06875
110 0.23 0.0 0.075
111 0.245 0.0 0.075
112 0.26 0.0 0.075
113 0.26 0.0 0.08125
114 0.26 0.0 0.08125
115 0.26 0.0 0.075
116 0.26 0.0 0.075
117 0.26 0.0 0.06875
118 0.26 0.0 0.06875
119 0.26 0.0 0.06875
120 0.26 0.0 0.0625
121 0.26 0.0 0.0625
122 0.26 0.0 0.05625
123 0.26 0.0 0.05625
124 0.26 0.0 0.05625
125 0.26 0.0 0.05
126 0.26 0.0 0.04375
127 0.26 0.0 0.04375
128 0.26 0.0 0.0409166666667
129 0.26 0.0 0.0375
130 0.26 0.0 0.03125
131 0.26 0.0 0.025
132 0.26 0.0 0.025
133 0.26 0.0 0.01875
134 0.26 0.0 0.0125
135 0.26 -0.05 0.00625
136 0.26 -0.1 0.00625
137 0.26 -0.1 0.01875
138 0.26 -0.1 0.025
139 0.26 -0.1 0.0375
140 0.26 -0.1 0.05625
141 0.26 -0.15 0.06875
142 0.26 -0.2 0.08125
143 0.26 -0.2 0.1
144 0.26 -0.2 0.13125
145 0.26 -0.2 0.16875
146 0.26 -0.2 0.2
147 0.26 -0.35 0.23125
148 0.26 -0.5 0.28125
149 0.26 -0.55 0.35
150 0.26 -0.6 0.45
151 0.26 -0.65 0.55625
152 0.26 -0.7 0.68125
153 0.26 -0.75 0.75
154 0.26 -0.8 0.75
155 0.0 0.0 0.75
156 0.0 0.0 0.75
157 0.0 0.0 0.75
158 0.0 0.0 0.75
159 0.005 0.0 0.75
160 0.01 0.0 0.75
161 0.01 0.0 0.75
162 0.01 0.0 0.75
163 0.01 0.0 0.75
164 0.015 0.0 0.75
165 0.03 0.0 0.75
166 0.045 0.0 0.75
167 0.065 0.0 0.75
168 0.08 0.0 0.75
169 0.095 0.0 0.75
170 0.11 0.0 0.75
171 0.125 0.0 0.75
172 0.14 0.0 0.75
173 0.155 0.0 0.75
174 0.175 0.0 0.75
175 0.19 0.0 0.75
176 0.205 0.0 0.75
177 0.22 0.0 0.75
178 0.235 0.0 0.75
179 0.25 0.0 0.75
180 0.26 0.0 0.75
181 0.26 0.0 0.75
182 0.26 0.0 0.75
