0 0.26 0.0 0.0
1 0.26 0.0 0.0
2 0.26 0.1 0.0
3 0.26 0.2 0.0
4 0.26 0.25 0.0
5 0.26 0.35 0.0
6 0.26 0.4 0.0
7 0.26 0.4 0.05625
8 0.26 0.4 0.16875
9 0.26 0.4 0.26875
10 0.26 0.4 0.375
11 0.26 0.4 0.48125
12 0.26 0.4 0.60625
13 0.26 0.4 0.68125
14 0.26 0.4 0.55625
15 0.26 0.4 0.46875
16 0.26 0.4 0.347916666667
17 0.0 0.0 0.21875
18 0.0 0.0 0.1375
19 0.005 0.0 0.232666666667
20 0.01 0.0 0.3
21 0.01 0.0 0.3125
22 0.035 0.0 0.3125
23 0.065 0.0 0.3
24 0.1 0.0 0.24375
25 0.13 0.0 0.2125
26 0.16 0.0 0.20625
27 0.195 0.0 0.20625
28 0.225 0.0 0.186083333333
29 0.26 0.0 0.16875
30 0.26 0.0 0.15625
31 0.26 0.0 0.1375
32 0.26 0.0 0.11875
33 0.26 0.0 0.1
34 0.26 0.0 0.0824166666667
35 0.26 0.0 0.0625
36 0.26 0.0 0.0439166666667
37 0.26 0.0 0.01875
38 0.26 0.0 0.00625
39 0.26 0.0 0.0
40 0.26 0.0 0.0
41 0.26 0.0 0.0
42 0.26 0.0 0.0
43 0.26 0.0 0.0
44 0.26 0.0 0.0
45 0.26 0.0 0.0
46 0.26 0.0 0.0
47 0.26 0.0 0.0
48 0.26 0.0 0.0
49 0.26 0.0 0.0
50 0.26 0.0 0.0
51 0.26 0.0 0.0
52 0.26 0.0 0.0
53 0.26 0.0 0.0
54 0.26 0.0 0.0
55 0.26 0.0 0.0
56 0.26 0.0 0.0
57 0.26 0.0 0.0
58 0.26 0.0 0.0
59 0.26 0.0 0.0
60 0.26 0.0 0.0
61 0.26 0.0 0.0
62 0.26 0.0 0.0
63 0.26 0.0 0.0
64 0.26 0.0 0.0
65 0.26 0.0 0.0
66 0.26 -0.05 0.0
67 0.26 -0.1 0.0
68 0.26 -0.2 0.0
69 0.26 -0.2 0.0
70 0.26 -0.2 0.0
71 0.26 -0.2 0.0
72 0.26 -0.2 0.0
73 0.26 -0.2 0.0
74 0.26 -0.2 0.0
75 0.26 -0.2 0.0
76 0.26 -0.2 0.0
77 0.26 -0.1 0.0
78 0.26 -0.1 0.0
79 0.26 -0.1 0.0
80 0.26 -0.1 0.0
81 0.26 -0.1 0.0
82 0.26 -0.1 0.0
83 0.26 -0.1 0.0
84 0.26 -0.1 0.0
85 0.26 -0.1 0.0
86 0.26 -0.1 0.0
87 0.26 -0.1 0.0
88 0.26 -0.1 0.0
89 0.26 -0.1 0.0
90 0.26 -0.1 0.0
91 0.26 -0.1 0.0
92 0.26 -0.1 0.0
93 0.26 -0.1 0.0
94 0.26 -0.1 0.0
95 0.26 -0.1 0.0
96 0.26 -0.1 0.0
97 0.26 -0.1 0.0
98 0.26 -0.1 0.0
99 0.26 -0.1 0.0
100 0.26 -0.1 0.0
101 0.26 -0.1 0.0
102 0.26 -0.1 0.0
103 0.26 -0.1 0.0
104 0.26 -0.1 0.0
105 0.26 -0.1 0.0
106 0.26 -0.1 0.0
107 0.26 -0.1 0.0
108 0.26 -0.1 0.0
109 0.26 -0.1 0.0
110 0.26 -0.1 0.0
111 0.26 0.0 0.0
112 0.26 0.0 0.0
113 0.26 0.0 0.0
114 0.26 0.0 0.0
115 0.26 0.0 0.0
116 0.26 0.0 0.0
117 0.26 0.0 0.0
118 0.26 0.0 0.0
119 0.26 0.0 0.0
120 0.26 0.0 0.0
121 0.26 0.0 0.0
122 0.26 0.0 0.0
123 0.26 0.0 0.0
124 0.26 0.0 0.0
125 0.26 0.0 0.0
126 0.26 0.0 0.0
127 0.26 0.0 0.0
128 0.26 -0.1 0.0
129 0.26 -0.15 0.0
130 0.26 -0.25 0.0
131 0.26 -0.3 0.0
132 0.26 -0.4 0.0
133 0.26 -0.5 0.0
134 0.26 -0.55 0.0
135 0.26 -0.6 0.0
136 0.26 -0.6 0.0
137 0.26 -0.6 0.0
138 0.26 -0.6 0.0
139 0.26 -0.6 0.0
140 0.26 -0.6 0.0563333333333
141 0.26 -0.6 0.0839166666667
142 0.26 -0.6 0.10925
143 0.0 0.0 0.280666666667
144 0.0 0.0 0.469083333333
145 0.01 0.0 0.713333333333
146 0.01 0.0 0.75
147 0.045 0.0 0.58125
148 0.075 0.0 0.425
149 0.105 0.0 0.35
150 0.135 0.0 0.35
151 0.165 0.0 0.35
152 0.2 0.0 0.34375
153 0.22 0.0 0.34375
154 0.225 0.05 0.34375
155 0.235 0.1 0.35
156 0.245 0.2 0.38125
157 0.26 0.3 0.392333333333
158 0.26 0.3 0.39375
159 0.26 0.3 0.397666666667
160 0.26 0.3 0.39375
161 0.26 0.3 0.30625
162 0.26 0.3 0.2125
163 0.26 0.3 0.0325833333333
164 0.26 0.3 0.0
165 0.26 0.3 0.0
166 0.26 0.3 0.0
167 0.26 0.3 0.0
168 0.26 0.3 0.0
169 0.26 0.3 0.0
170 0.26 0.3 0.0
171 0.26 0.3 0.0
172 0.26 0.2 0.0
173 0.26 0.2 0.0
174 0.26 0.2 0.0
175 0.26 0.1 0.0
176 0.26 0.1 0.0
177 0.26 0.1 0.0
178 0.26 0.05 0.0
179 0.26 2.77555756156e-17 0.0
180 0.26 2.77555756156e-17 0.0
181 0.26 2.77555756156e-17 0.0
182 0.26 2.77555756156e-17 0.0
183 0.26 2.77555756156e-17 0.0
184 0.26 -0.1 0.0
185 0.26 -0.1 0.0
186 0.26 -0.15 0.0
187 0.26 -0.4 0.0
188 0.26 -0.55 0.0
189 0.26 -0.65 0.0
190 0.26 -0.75 0.0
191 0.26 -0.9 0.0
192 0.26 -0.9 0.0
193 0.26 -0.9 0.0
194 0.0 0.0 0.0
195 0.0 0.0 0.0
196 0.01 0.0 0.0625
197 0.01 0.0 0.04375
198 0.025 0.0 0.0
199 0.06 0.0 0.0
200 0.09 0.0 0.0
201 0.12 0.0 0.0
202 0.145 0.0 0.0
203 0.18 0.0 0.0
204 0.21 0.0 0.0
205 0.24 0.0 0.0
206 0.26 0.0 0.0
207 0.26 0.0 0.0
208 0.26 0.0 0.0
209 0.26 0.0 0.0
210 0.26 0.0 0.0
211 0.26 0.0 0.0
212 0.26 0.0 0.0
213 0.26 0.0 0.0
214 0.26 0.0 0.0
215 0.26 0.0 0.0
216 0.26 0.0 0.0
217 0.26 0.0 0.0
218 0.26 0.0 0.0
219 0.26 0.0 0.0
220 0.26 0.0 0.0
221 0.26 0.0 0.0
222 0.26 0.0 0.0
223 0.26 0.0 0.0
224 0.26 0.0 0.0
225 0.26 0.0 0.0
226 0.26 0.0 0.0
227 0.26 0.0 0.0
228 0.26 0.0 0.0
229 0.26 0.0 0.0
230 0.26 0.0 0.0
231 0.26 0.0 0.0
232 0.26 0.0 0.0
233 0.26 0.0 0.0
234 0.26 0.0 0.0
235 0.26 0.0 0.0
236 0.26 0.0 0.0
237 0.26 0.0 0.0
238 0.26 0.0 0.0
239 0.26 0.0 0.0
240 0.26 0.0 0.0
241 0.26 0.0 0.0
242 0.26 0.0 0.0
243 0.26 0.0 0.0
244 0.26 0.0 0.0
245 0.26 0.0 0.0
246 0.26 0.0 0.0
247 0.26 0.0 0.0
248 0.26 0.0 0.0
249 0.26 -0.05 0.0
250 0.26 -0.15 0.0
251 0.26 -0.25 0.0
252 0.26 -0.3 0.0
253 0.26 -0.4 0.0
254 0.26 -0.4 0.0
255 0.26 -0.4 0.0
256 0.26 -0.4 0.0
257 0.26 -0.4 0.0
258 0.26 -0.4 0.075
259 0.26 -0.4 0.125
260 0.26 -0.4 0.125
261 0.26 -0.4 0.256333333333
262 0.26 -0.4 0.39375
263 0.26 -0.4 0.51875
264 0.0 0.0 0.55625
265 0.0 0.0 0.64
266 0.01 0.0 0.6085
267 0.01 0.0 0.599833333333
268 0.035 0.0 0.5975
269 0.065 0.0 0.590083333333
270 0.1 0.0 0.5765
271 0.135 0.0 0.543833333333
272 0.17 0.0 0.515333333333
273 0.195 0.0 0.474916666667
274 0.225 0.0 0.44425
275 0.235 0.0 0.386666666667
276 0.245 0.0 0.33525
277 0.255 0.0 0.281083333333
278 0.26 0.0 0.200083333333
279 0.26 0.0 0.13925
280 0.26 0.0 0.0826666666667
281 0.26 0.0 0.015
282 0.26 0.0 0.00575
283 0.26 0.0 0.000166666666667
284 0.26 0.0 0.0
285 0.26 0.0 0.0
286 0.26 0.0 0.0
287 0.26 0.0 0.0
288 0.26 0.0 0.0
289 0.26 0.0 0.0
290 0.26 0.0 0.0
291 0.26 0.0 0.0
292 0.26 0.0 0.0
293 0.26 0.0 0.0
294 0.26 0.0 0.0
295 0.26 0.0 0.0
296 0.26 0.0 0.0
297 0.26 0.0 0.0
298 0.26 0.0 0.0
