0 0.26 0.0 0.0705833333333
1 0.26 0.0 0.06875
2 0.26 0.0 0.0625
3 0.26 0.0 0.05625
4 0.26 0.0 0.04375
5 0.26 0.0 0.03125
6 0.26 0.0 0.0245
7 0.26 0.0 0.0125
8 0.26 0.0 0.0
9 0.26 0.0 0.0
10 0.26 0.0 0.0
11 0.26 0.0 0.0
12 0.26 0.0 0.0
13 0.26 0.0 0.0
14 0.26 -0.1 0.0
15 0.26 -0.1 0.0
16 0.26 -0.15 0.0
17 0.26 -0.2 0.0
18 0.26 -0.25 0.0
19 0.26 -0.3 0.0
20 0.26 -0.3 0.0
21 0.26 -0.3 0.0
22 0.26 -0.3 0.01875
23 0.26 -0.3 0.1
24 0.26 -0.3 0.18125
25 0.26 -0.3 0.26875
26 0.26 -0.3 0.35625
27 0.26 -0.3 0.44375
28 0.0 0.0 0.5375
29 0.0 0.0 0.58125
30 0.0 0.0 0.36875
31 0.0 0.0 0.2125
32 0.005 0.0 0.15
33 0.01 0.0 0.15
34 0.01 0.0 0.15
35 0.03 0.0 0.15
36 0.055 0.0 0.15625
37 0.085 0.0 0.15625
38 0.11 0.0 0.15625
39 0.14 0.0 0.15
40 0.17 0.0 0.13125
41 0.195 0.0 0.13125
42 0.225 0.0 0.13125
43 0.25 0.0 0.125
44 0.26 0.0 0.11875
45 0.26 0.0 0.1125
46 0.26 0.0 0.1
47 0.26 0.0 0.09375
48 0.26 0.0 0.0875
49 0.26 0.0 0.075
50 0.26 0.0 0.06875
51 0.26 0.0 0.05625
52 0.26 0.0 0.05
53 0.26 0.05 0.0375
54 0.26 0.1 0.0253333333333
55 0.26 0.1 0.04375
56 0.26 0.2 0.0625
57 0.26 0.2 0.1125
58 0.26 0.3 0.1625
59 0.26 0.3 0.240083333333
60 0.26 0.3 0.325
61 0.26 0.3 0.40625
62 0.26 0.3 0.49375
63 0.26 0.3 0.556833333333
64 0.26 0.3 0.63125
65 0.26 0.3 0.6995
66 0.26 0.3 0.75
67 0.26 0.3 0.75
68 0.26 0.3 0.75
69 0.26 0.3 0.75
70 0.26 0.3 0.75
71 0.26 0.3 0.75
72 0.0 0.0 0.75
73 0.0 0.0 0.75
74 0.0 0.0 0.75
75 0.0 0.0 0.75
76 0.01 0.0 0.6875
77 0.02 0.0 0.54375
78 0.02 0.0 0.43125
79 0.02 -0.05 0.375
80 0.02 -0.1 0.325
81 0.02 -0.1 0.33125
82 0.02 -0.25 0.3625
83 0.02 -0.4 0.43125
84 0.02 -0.5 0.55625
85 0.02 -0.6 0.69375
86 0.0 0.0 0.75
87 0.0 0.0 0.75
88 0.0 0.0 0.75
89 0.005 0.0 0.75
90 0.01 0.0 0.75
91 0.01 0.0 0.75
92 0.02 0.0 0.75
93 0.045 0.0 0.75
94 0.075 0.0 0.75
95 0.105 0.0 0.75
96 0.13 0.0 0.75
97 0.16 0.0 0.75
98 0.185 0.0 0.75
99 0.215 0.0 0.75
100 0.24 0.0 0.75
101 0.26 0.0 0.75
102 0.26 0.0 0.75
103 0.26 0.0 0.75
104 0.26 0.0 0.75
105 0.26 0.0 0.75
106 0.26 0.0 0.75
107 0.26 0.0 0.75
108 0.26 0.0 0.75
