0 0.11 0.0 0.251916666667
1 0.125 -0.05 0.252416666667
2 0.13 -0.1 0.25125
3 0.14 -0.15 0.2485
4 0.145 -0.2 0.246916666667
5 0.155 -0.25 0.248416666667
6 0.16 -0.3 0.248166666667
7 0.17 -0.3 0.248583333333
8 0.18 -0.3 0.254083333333
9 0.185 -0.3 0.2525
10 0.19 -0.3 0.2525
11 0.21 -0.3 0.25125
12 0.235 -0.3 0.250666666667
13 0.26 -0.3 0.25075
14 0.26 -0.3 0.251166666667
15 0.26 -0.3 0.252666666667
16 0.26 -0.3 0.250833333333
17 0.26 -0.3 0.252
18 0.26 -0.3 0.255
19 0.26 -0.3 0.2535
20 0.26 -0.3 0.254416666667
21 0.26 -0.3 0.25325
22 0.26 -0.3 0.253333333333
23 0.26 -0.3 0.252
24 0.26 -0.3 0.265166666667
25 0.26 -0.3 0.2645
26 0.26 -0.3 0.262583333333
27 0.26 -0.3 0.26075
28 0.26 -0.3 0.26075
29 0.26 -0.3 0.260333333333
30 0.26 -0.3 0.259
31 0.26 -0.3 0.25825
32 0.26 -0.3 0.257666666667
33 0.26 -0.3 0.262666666667
34 0.26 -0.3 0.273166666667
35 0.26 -0.3 0.272833333333
36 0.26 -0.3 0.27275
37 0.26 -0.3 0.272416666667
38 0.26 -0.3 0.2715
39 0.26 -0.3 0.271416666667
40 0.26 -0.3 0.271083333333
41 0.26 -0.3 0.270666666667
42 0.26 -0.3 0.274
43 0.26 -0.25 0.284916666667
44 0.26 -0.2 0.291166666667
45 0.26 -0.2 0.291666666667
46 0.26 -0.2 0.291666666667
47 0.26 -0.2 0.291666666667
48 0.26 -0.2 0.291666666667
49 0.26 -0.15 0.291666666667
50 0.26 -0.1 0.291666666667
51 0.26 -0.1 0.291666666667
52 0.26 -0.1 0.291666666667
53 0.26 -0.1 0.291666666667
54 0.26 -0.1 0.291666666667
55 0.26 -0.1 0.291666666667
56 0.26 -0.1 0.291666666667
57 0.26 -0.1 0.291666666667
58 0.26 -0.1 0.291666666667
59 0.26 -0.1 0.291666666667
60 0.26 -0.1 0.291666666667
61 0.26 -0.1 0.291666666667
62 0.26 -0.1 0.291666666667
63 0.26 -0.1 0.291666666667
64 0.26 -0.1 0.291666666667
65 0.26 -2.77555756156e-17 0.291666666667
66 0.26 -2.77555756156e-17 0.291666666667
67 0.26 -2.77555756156e-17 0.291666666667
68 0.26 -2.77555756156e-17 0.291666666667
69 0.26 -2.77555756156e-17 0.291666666667
70 0.26 -2.77555756156e-17 0.291666666667
71 0.26 -2.77555756156e-17 0.291666666667
72 0.26 -2.77555756156e-17 0.291666666667
73 0.26 -2.77555756156e-17 0.291666666667
74 0.26 -2.77555756156e-17 0.291666666667
75 0.26 -2.77555756156e-17 0.291666666667
76 0.26 -2.77555756156e-17 0.291666666667
77 0.26 -2.77555756156e-17 0.291666666667
78 0.26 -2.77555756156e-17 0.291666666667
79 0.26 -2.77555756156e-17 0.291666666667
80 0.26 -2.77555756156e-17 0.291666666667
81 0.26 -2.77555756156e-17 0.291666666667
82 0.26 -2.77555756156e-17 0.291666666667
83 0.26 -2.77555756156e-17 0.291666666667
84 0.26 -2.77555756156e-17 0.291666666667
85 0.26 -2.77555756156e-17 0.291666666667
86 0.26 -2.77555756156e-17 0.291666666667
87 0.26 -2.77555756156e-17 0.291666666667
88 0.26 -2.77555756156e-17 0.291666666667
89 0.26 -2.77555756156e-17 0.291666666667
90 0.26 -2.77555756156e-17 0.291666666667
91 0.26 -2.77555756156e-17 0.291666666667
92 0.26 0.1 0.291666666667
93 0.26 0.1 0.291666666667
94 0.26 0.1 0.291666666667
95 0.26 0.1 0.291666666667
96 0.26 0.1 0.291666666667
97 0.26 0.1 0.291666666667
98 0.26 0.1 0.291666666667
99 0.26 0.1 0.291666666667
100 0.26 0.1 0.291666666667
101 0.26 0.1 0.291666666667
102 0.26 0.1 0.291666666667
103 0.26 0.1 0.291666666667
104 0.26 0.1 0.291666666667
105 0.26 0.1 0.291666666667
106 0.26 0.1 0.291666666667
107 0.26 0.1 0.291666666667
108 0.26 0.1 0.291666666667
109 0.26 0.1 0.291666666667
110 0.26 0.1 0.291666666667
111 0.26 0.05 0.291666666667
112 0.26 -2.77555756156e-17 0.291666666667
113 0.26 -2.77555756156e-17 0.291666666667
114 0.26 -2.77555756156e-17 0.291666666667
115 0.26 -2.77555756156e-17 0.291666666667
116 0.26 -2.77555756156e-17 0.291666666667
117 0.26 -2.77555756156e-17 0.291666666667
118 0.26 -2.77555756156e-17 0.291666666667
119 0.26 -2.77555756156e-17 0.291666666667
120 0.26 -2.77555756156e-17 0.291666666667
121 0.26 -2.77555756156e-17 0.291666666667
122 0.26 -2.77555756156e-17 0.291666666667
123 0.26 -2.77555756156e-17 0.291666666667
124 0.26 -2.77555756156e-17 0.291666666667
125 0.26 -2.77555756156e-17 0.291666666667
126 0.26 -2.77555756156e-17 0.291666666667
127 0.26 -2.77555756156e-17 0.291666666667
128 0.26 -2.77555756156e-17 0.291666666667
129 0.26 -2.77555756156e-17 0.291666666667
130 0.26 -2.77555756156e-17 0.291666666667
131 0.26 -2.77555756156e-17 0.291666666667
132 0.26 -2.77555756156e-17 0.291666666667
133 0.26 -2.77555756156e-17 0.291666666667
134 0.26 -2.77555756156e-17 0.291666666667
135 0.26 -2.77555756156e-17 0.291666666667
136 0.26 -2.77555756156e-17 0.291666666667
137 0.26 -2.77555756156e-17 0.291666666667
138 0.26 -2.77555756156e-17 0.291666666667
139 0.26 -2.77555756156e-17 0.291666666667
140 0.26 -2.77555756156e-17 0.291666666667
141 0.26 -2.77555756156e-17 0.291666666667
142 0.26 -2.77555756156e-17 0.291666666667
143 0.26 -2.77555756156e-17 0.291666666667
144 0.26 -2.77555756156e-17 0.291666666667
145 0.26 -2.77555756156e-17 0.291666666667
146 0.26 -2.77555756156e-17 0.291666666667
147 0.26 -2.77555756156e-17 0.29125
148 0.26 -2.77555756156e-17 0.290666666667
149 0.26 -2.77555756156e-17 0.289416666667
150 0.26 -2.77555756156e-17 0.286583333333
151 0.26 -2.77555756156e-17 0.283916666667
152 0.26 -2.77555756156e-17 0.282
153 0.26 -2.77555756156e-17 0.281916666667
154 0.26 -2.77555756156e-17 0.282083333333
155 0.26 -2.77555756156e-17 0.282833333333
156 0.26 -2.77555756156e-17 0.282833333333
157 0.26 -2.77555756156e-17 0.283166666667
158 0.26 -2.77555756156e-17 0.284583333333
159 0.26 -2.77555756156e-17 0.284916666667
160 0.26 -2.77555756156e-17 0.285083333333
161 0.26 -2.77555756156e-17 0.286083333333
162 0.26 -2.77555756156e-17 0.286
163 0.26 -2.77555756156e-17 0.286166666667
164 0.26 -2.77555756156e-17 0.286833333333
165 0.26 -2.77555756156e-17 0.286666666667
166 0.26 -2.77555756156e-17 0.286333333333
167 0.26 -2.77555756156e-17 0.285916666667
168 0.26 -2.77555756156e-17 0.285583333333
169 0.26 -2.77555756156e-17 0.285166666667
170 0.26 0.1 0.285083333333
171 0.26 0.1 0.283
172 0.26 0.1 0.2805
173 0.26 0.1 0.27575
174 0.26 0.1 0.27375
175 0.26 0.1 0.271916666667
176 0.26 0.1 0.271833333333
177 0.26 0.1 0.271583333333
178 0.26 0.1 0.271583333333
179 0.26 0.1 0.270333333333
180 0.26 0.1 0.26925
181 0.26 0.1 0.267916666667
182 0.26 0.1 0.2655
183 0.26 0.1 0.26275
184 0.26 0.1 0.259583333333
185 0.26 0.1 0.257083333333
186 0.26 0.1 0.253416666667
187 0.26 0.1 0.25275
188 0.26 0.1 0.251666666667
189 0.26 0.1 0.252333333333
190 0.26 0.1 0.250916666667
191 0.26 0.1 0.248666666667
192 0.26 0.1 0.245583333333
193 0.26 0.1 0.24225
194 0.26 0.15 0.238833333333
195 0.26 0.2 0.236333333333
196 0.26 0.2 0.24175
197 0.26 0.2 0.244916666667
198 0.26 0.2 0.238333333333
199 0.26 0.2 0.233666666667
200 0.26 0.2 0.237333333333
201 0.26 0.2 0.243416666667
202 0.26 0.25 0.24275
203 0.26 0.3 0.244
204 0.26 0.3 0.243083333333
205 0.26 0.3 0.243333333333
206 0.26 0.3 0.251833333333
207 0.26 0.3 0.255
208 0.26 0.3 0.25525
209 0.26 0.3 0.2565
210 0.26 0.3 0.255416666667
211 0.26 0.3 0.2465
212 0.26 0.3 0.243666666667
213 0.26 0.3 0.2445
214 0.26 0.3 0.2445
215 0.26 0.3 0.250916666667
216 0.26 0.3 0.258166666667
217 0.26 0.3 0.257916666667
218 0.26 0.3 0.263333333333
219 0.26 0.3 0.269666666667
220 0.26 0.3 0.269833333333
221 0.26 0.35 0.2705
222 0.26 0.4 0.268333333333
223 0.26 0.4 0.2525
224 0.26 0.4 0.252166666667
225 0.26 0.4 0.252416666667
226 0.26 0.4 0.253416666667
227 0.26 0.4 0.266166666667
228 0.26 0.4 0.276166666667
229 0.26 0.4 0.275083333333
230 0.26 0.45 0.2745
231 0.26 0.5 0.274083333333
232 0.26 0.5 0.272833333333
233 0.26 0.5 0.272416666667
234 0.26 0.5 0.271333333333
235 0.26 0.5 0.271583333333
236 0.26 0.5 0.29125
237 0.26 0.5 0.291666666667
238 0.26 0.5 0.291666666667
239 0.26 0.5 0.291666666667
240 0.26 0.5 0.291666666667
241 0.26 0.4 0.291666666667
242 0.26 0.4 0.291666666667
243 0.26 0.4 0.291666666667
244 0.26 0.4 0.291666666667
245 0.26 0.4 0.291666666667
246 0.26 0.4 0.28625
247 0.26 0.4 0.274333333333
248 0.26 0.4 0.27475
249 0.26 0.4 0.26275
250 0.26 0.4 0.260333333333
251 0.26 0.4 0.258833333333
252 0.26 0.4 0.257833333333
253 0.26 0.4 0.259833333333
254 0.26 0.4 0.258583333333
255 0.26 0.35 0.259833333333
256 0.26 0.3 0.260583333333
257 0.26 0.3 0.26125
258 0.26 0.3 0.26075
259 0.26 0.3 0.261416666667
260 0.26 0.3 0.263333333333
261 0.26 0.25 0.265833333333
262 0.26 0.2 0.275166666667
263 0.26 0.2 0.27475
264 0.26 0.2 0.271166666667
265 0.26 0.2 0.26875
266 0.26 0.2 0.2735
267 0.26 0.2 0.276333333333
268 0.26 0.2 0.28225
269 0.26 0.2 0.286083333333
270 0.26 0.2 0.289
271 0.26 0.2 0.290666666667
272 0.26 0.2 0.291
273 0.26 0.2 0.2915
274 0.26 0.2 0.291666666667
275 0.26 0.2 0.291666666667
276 0.26 0.15 0.291666666667
277 0.26 0.1 0.291666666667
278 0.26 2.77555756156e-17 0.291666666667
279 0.26 2.77555756156e-17 0.291666666667
280 0.26 -0.1 0.291666666667
281 0.26 -0.1 0.291666666667
282 0.26 -0.2 0.290916666667
283 0.26 -0.2 0.290416666667
284 0.26 -0.2 0.288333333333
285 0.26 -0.2 0.27875
286 0.26 -0.2 0.268833333333
287 0.26 -0.2 0.261666666667
288 0.26 -0.2 0.252916666667
289 0.26 -0.2 0.244
290 0.26 -0.2 0.239833333333
291 0.26 -0.2 0.236333333333
292 0.26 -0.2 0.23325
293 0.26 -0.2 0.227666666667
294 0.26 -0.2 0.2225
295 0.26 -0.2 0.219166666667
296 0.26 -0.2 0.21825
297 0.26 -0.2 0.21425
298 0.26 -0.2 0.206833333333
299 0.26 -0.2 0.201583333333
300 0.26 -0.2 0.208083333333
301 0.26 -0.2 0.213666666667
302 0.26 -0.15 0.21325
303 0.26 -0.1 0.21225
304 0.26 -0.1 0.212083333333
305 0.26 -0.1 0.21225
306 0.26 -0.1 0.2115
307 0.26 -0.1 0.2115
308 0.26 -0.1 0.211083333333
309 0.26 -0.1 0.213333333333
310 0.26 -0.1 0.216666666667
311 0.26 -0.1 0.222166666667
312 0.26 -0.1 0.223166666667
313 0.26 -0.1 0.227833333333
314 0.26 -0.2 0.232583333333
315 0.26 -0.2 0.239083333333
316 0.26 -0.2 0.245666666667
317 0.26 -0.2 0.254666666667
318 0.26 -0.2 0.260166666667
319 0.26 -0.2 0.26
320 0.26 -0.2 0.25975
321 0.26 -0.2 0.261166666667
322 0.26 -0.2 0.267166666667
323 0.26 -0.2 0.278666666667
324 0.26 -0.2 0.289166666667
325 0.26 -0.2 0.291666666667
326 0.26 -0.15 0.291666666667
327 0.26 -0.1 0.291666666667
328 0.26 -0.1 0.291666666667
329 0.26 -0.1 0.291666666667
330 0.26 -0.1 0.291666666667
331 0.26 -0.1 0.291666666667
332 0.26 -0.1 0.291666666667
333 0.26 -0.1 0.291166666667
334 0.26 -0.1 0.288416666667
335 0.26 -0.1 0.285
336 0.26 -0.1 0.282
337 0.26 -0.1 0.280583333333
338 0.26 -0.1 0.277583333333
339 0.26 -0.1 0.274333333333
340 0.26 -0.1 0.27275
341 0.26 -0.1 0.27325
342 0.26 -0.1 0.274166666667
343 0.26 -0.1 0.275083333333
344 0.26 -0.1 0.276833333333
345 0.26 -0.1 0.2765
346 0.26 -0.1 0.277333333333
347 0.26 -0.15 0.278
348 0.26 -0.2 0.2785
349 0.26 -0.2 0.27875
350 0.26 -0.2 0.276666666667
351 0.26 -0.2 0.27475
352 0.26 -0.2 0.274416666667
353 0.26 -0.2 0.2725
354 0.26 -0.2 0.269
355 0.26 -0.2 0.26175
356 0.26 -0.2 0.253916666667
357 0.26 -0.2 0.249
358 0.26 -0.2 0.248916666667
359 0.26 -0.2 0.249166666667
360 0.26 -0.2 0.248
361 0.26 -0.2 0.247833333333
362 0.26 -0.2 0.248583333333
363 0.26 -0.2 0.253083333333
364 0.26 -0.2 0.262333333333
365 0.26 -0.2 0.262416666667
366 0.26 -0.2 0.26075
367 0.26 -0.3 0.256666666667
368 0.26 -0.3 0.250833333333
369 0.26 -0.3 0.245833333333
370 0.26 -0.3 0.244833333333
371 0.26 -0.3 0.242666666667
372 0.26 -0.35 0.239583333333
373 0.26 -0.4 0.238083333333
374 0.26 -0.4 0.244166666667
375 0.26 -0.4 0.256166666667
376 0.26 -0.4 0.262333333333
377 0.26 -0.4 0.260666666667
378 0.26 -0.4 0.248666666667
379 0.26 -0.4 0.235
380 0.26 -0.4 0.237666666667
381 0.26 -0.4 0.250333333333
382 0.26 -0.4 0.259
383 0.26 -0.3 0.267583333333
384 0.26 -0.3 0.2675
385 0.26 -0.3 0.268166666667
386 0.26 -0.3 0.267916666667
387 0.26 -0.3 0.268083333333
388 0.26 -0.3 0.265416666667
389 0.26 -0.25 0.257166666667
390 0.26 -0.2 0.25675
391 0.26 -0.2 0.256083333333
392 0.26 -0.2 0.25575
393 0.26 -0.2 0.24925
394 0.26 -0.2 0.249083333333
395 0.26 -0.2 0.25725
396 0.26 -0.2 0.257833333333
397 0.26 -0.2 0.264083333333
398 0.26 -0.2 0.263416666667
399 0.26 -0.2 0.263666666667
400 0.26 -0.2 0.26325
401 0.26 -0.2 0.262416666667
402 0.26 -0.2 0.261416666667
403 0.26 -0.2 0.26125
404 0.26 -0.2 0.260416666667
405 0.26 -0.15 0.259166666667
406 0.26 -0.1 0.260166666667
407 0.26 -0.1 0.258666666667
408 0.26 -0.1 0.257916666667
409 0.26 -0.1 0.256333333333
410 0.26 -0.1 0.254833333333
411 0.26 -0.1 0.25425
412 0.26 -0.1 0.253583333333
413 0.26 -0.1 0.253166666667
414 0.26 -0.1 0.25275
415 0.26 -0.1 0.252666666667
416 0.26 -0.1 0.252166666667
417 0.26 -0.1 0.251666666667
418 0.26 -0.1 0.25125
419 0.26 -0.1 0.251583333333
420 0.26 -0.1 0.252416666667
421 0.26 -0.1 0.255416666667
422 0.26 -0.1 0.260333333333
423 0.26 -0.1 0.267
424 0.26 -0.1 0.2715
425 0.26 -0.1 0.27725
426 0.26 -0.15 0.282166666667
427 0.26 -0.2 0.288416666667
428 0.26 -0.2 0.291666666667
429 0.26 -0.2 0.291666666667
430 0.26 -0.2 0.291666666667
431 0.26 -0.2 0.291666666667
432 0.26 -0.2 0.291666666667
433 0.26 -0.2 0.291666666667
434 0.26 -0.2 0.291666666667
435 0.26 -0.2 0.291666666667
436 0.26 -0.15 0.291666666667
437 0.26 -0.1 0.291666666667
438 0.26 -0.1 0.291666666667
439 0.26 -0.05 0.291666666667
440 0.26 -2.77555756156e-17 0.291666666667
441 0.26 -2.77555756156e-17 0.291666666667
442 0.26 -2.77555756156e-17 0.291666666667
443 0.26 -2.77555756156e-17 0.291666666667
444 0.26 -2.77555756156e-17 0.291666666667
445 0.26 -2.77555756156e-17 0.291666666667
446 0.26 -2.77555756156e-17 0.291666666667
447 0.26 -2.77555756156e-17 0.291666666667
448 0.26 -2.77555756156e-17 0.291666666667
449 0.26 -2.77555756156e-17 0.291666666667
450 0.26 -2.77555756156e-17 0.291666666667
451 0.26 -2.77555756156e-17 0.291666666667
452 0.26 -2.77555756156e-17 0.291666666667
453 0.26 -2.77555756156e-17 0.291666666667
454 0.26 -2.77555756156e-17 0.291666666667
455 0.26 -2.77555756156e-17 0.291666666667
456 0.26 -2.77555756156e-17 0.291666666667
457 0.26 -2.77555756156e-17 0.291666666667
458 0.26 -2.77555756156e-17 0.291666666667
459 0.26 -2.77555756156e-17 0.291666666667
460 0.26 -2.77555756156e-17 0.291666666667
461 0.26 -2.77555756156e-17 0.291666666667
462 0.26 -2.77555756156e-17 0.291666666667
463 0.26 -2.77555756156e-17 0.291666666667
464 0.26 -2.77555756156e-17 0.291666666667
465 0.26 -2.77555756156e-17 0.291666666667
466 0.26 -2.77555756156e-17 0.291666666667
467 0.26 -2.77555756156e-17 0.291666666667
468 0.26 -2.77555756156e-17 0.291666666667
469 0.26 -2.77555756156e-17 0.291666666667
470 0.26 -2.77555756156e-17 0.291666666667
471 0.26 -2.77555756156e-17 0.291666666667
472 0.26 -2.77555756156e-17 0.291666666667
473 0.26 -2.77555756156e-17 0.291666666667
474 0.26 -2.77555756156e-17 0.291666666667
475 0.26 -2.77555756156e-17 0.291666666667
476 0.26 -2.77555756156e-17 0.291666666667
477 0.26 -2.77555756156e-17 0.291666666667
478 0.26 -2.77555756156e-17 0.291666666667
479 0.26 -2.77555756156e-17 0.291666666667
480 0.26 -2.77555756156e-17 0.291666666667
481 0.26 -2.77555756156e-17 0.291666666667
482 0.26 -2.77555756156e-17 0.291666666667
483 0.26 -2.77555756156e-17 0.291666666667
484 0.26 -2.77555756156e-17 0.291666666667
485 0.26 -2.77555756156e-17 0.291666666667
486 0.26 -2.77555756156e-17 0.291666666667
487 0.26 -2.77555756156e-17 0.291666666667
488 0.26 -2.77555756156e-17 0.291666666667
489 0.26 -2.77555756156e-17 0.291666666667
490 0.26 -2.77555756156e-17 0.291666666667
491 0.26 -2.77555756156e-17 0.291666666667
492 0.26 -2.77555756156e-17 0.291666666667
493 0.26 -2.77555756156e-17 0.291666666667
494 0.26 -2.77555756156e-17 0.291666666667
495 0.26 -2.77555756156e-17 0.291666666667
496 0.26 -2.77555756156e-17 0.291666666667
497 0.26 -2.77555756156e-17 0.291666666667
498 0.26 -2.77555756156e-17 0.291666666667
499 0.26 -2.77555756156e-17 0.291666666667
500 0.26 -2.77555756156e-17 0.291666666667
501 0.26 -2.77555756156e-17 0.291666666667
502 0.26 -2.77555756156e-17 0.291666666667
503 0.26 -2.77555756156e-17 0.291666666667
504 0.26 -2.77555756156e-17 0.291666666667
505 0.26 -2.77555756156e-17 0.291666666667
506 0.26 -2.77555756156e-17 0.291666666667
507 0.26 -2.77555756156e-17 0.291666666667
508 0.26 -2.77555756156e-17 0.291666666667
509 0.26 -2.77555756156e-17 0.291666666667
510 0.26 -2.77555756156e-17 0.291666666667
511 0.26 -2.77555756156e-17 0.291666666667
512 0.26 -2.77555756156e-17 0.291666666667
513 0.26 -2.77555756156e-17 0.291666666667
514 0.26 -2.77555756156e-17 0.291666666667
515 0.26 -2.77555756156e-17 0.291666666667
516 0.26 -2.77555756156e-17 0.291666666667
517 0.26 -2.77555756156e-17 0.291666666667
518 0.26 -2.77555756156e-17 0.291666666667
519 0.26 -2.77555756156e-17 0.291666666667
520 0.26 -2.77555756156e-17 0.291666666667
521 0.26 -2.77555756156e-17 0.291666666667
522 0.26 -2.77555756156e-17 0.291666666667
523 0.26 -2.77555756156e-17 0.291666666667
524 0.26 -2.77555756156e-17 0.291666666667
525 0.26 -2.77555756156e-17 0.291666666667
526 0.26 -2.77555756156e-17 0.291666666667
527 0.26 -2.77555756156e-17 0.291666666667
528 0.26 -2.77555756156e-17 0.291666666667
529 0.26 -2.77555756156e-17 0.291666666667
530 0.26 -2.77555756156e-17 0.291666666667
531 0.26 -2.77555756156e-17 0.291666666667
532 0.26 -2.77555756156e-17 0.291666666667
533 0.26 -2.77555756156e-17 0.291666666667
534 0.26 -2.77555756156e-17 0.291666666667
535 0.26 -2.77555756156e-17 0.291666666667
536 0.26 -2.77555756156e-17 0.291666666667
537 0.26 -2.77555756156e-17 0.291666666667
538 0.26 -2.77555756156e-17 0.291666666667
539 0.26 -2.77555756156e-17 0.291666666667
540 0.26 -2.77555756156e-17 0.291666666667
541 0.26 -2.77555756156e-17 0.291666666667
542 0.26 -2.77555756156e-17 0.291666666667
543 0.26 -2.77555756156e-17 0.291666666667
544 0.26 -2.77555756156e-17 0.291666666667
545 0.26 -2.77555756156e-17 0.291666666667
546 0.26 -2.77555756156e-17 0.291666666667
547 0.26 -2.77555756156e-17 0.291666666667
548 0.26 -2.77555756156e-17 0.291666666667
549 0.26 -2.77555756156e-17 0.291666666667
550 0.26 -2.77555756156e-17 0.291666666667
551 0.26 -2.77555756156e-17 0.291666666667
552 0.26 -2.77555756156e-17 0.291666666667
553 0.26 -2.77555756156e-17 0.291666666667
554 0.26 -2.77555756156e-17 0.291666666667
555 0.26 -2.77555756156e-17 0.291666666667
556 0.26 -2.77555756156e-17 0.291666666667
557 0.26 -2.77555756156e-17 0.291666666667
558 0.26 -2.77555756156e-17 0.291666666667
559 0.26 -2.77555756156e-17 0.291666666667
560 0.26 -2.77555756156e-17 0.291666666667
561 0.26 -2.77555756156e-17 0.291666666667
562 0.26 -2.77555756156e-17 0.291666666667
563 0.26 -2.77555756156e-17 0.291666666667
564 0.26 -2.77555756156e-17 0.291666666667
565 0.26 -2.77555756156e-17 0.291666666667
566 0.26 -2.77555756156e-17 0.291666666667
567 0.26 -2.77555756156e-17 0.291666666667
568 0.26 -2.77555756156e-17 0.291666666667
569 0.26 -2.77555756156e-17 0.291666666667
570 0.26 -2.77555756156e-17 0.291666666667
571 0.26 -2.77555756156e-17 0.291666666667
572 0.26 -2.77555756156e-17 0.291666666667
573 0.26 -2.77555756156e-17 0.291666666667
574 0.26 -2.77555756156e-17 0.291666666667
575 0.26 -2.77555756156e-17 0.291666666667
576 0.26 -2.77555756156e-17 0.291666666667
577 0.26 -2.77555756156e-17 0.291666666667
578 0.26 -2.77555756156e-17 0.291666666667
579 0.26 -2.77555756156e-17 0.291666666667
580 0.26 -2.77555756156e-17 0.291666666667
581 0.26 -2.77555756156e-17 0.291666666667
582 0.26 -2.77555756156e-17 0.291666666667
583 0.26 -2.77555756156e-17 0.291666666667
584 0.26 -2.77555756156e-17 0.291666666667
585 0.26 -2.77555756156e-17 0.291666666667
586 0.26 -2.77555756156e-17 0.291666666667
587 0.26 -2.77555756156e-17 0.291666666667
588 0.26 -2.77555756156e-17 0.291666666667
589 0.26 -2.77555756156e-17 0.291666666667
