0 0.26 0.0 0.05775
1 0.26 0.0 0.0
2 0.26 0.0 0.0
3 0.26 0.0 0.0
4 0.26 0.0 0.0
5 0.26 0.0 0.0
6 0.26 0.0 0.0
7 0.26 0.0 0.0
8 0.26 0.0 0.0
9 0.26 0.0 0.0
10 0.26 0.0 0.0
11 0.26 0.0 0.0
12 0.26 0.0 0.0
13 0.26 0.0 0.0
14 0.26 0.0 0.0
15 0.26 0.0 0.0
16 0.26 0.0 0.0
17 0.26 0.0 0.0
18 0.26 -0.05 0.0
19 0.26 -0.1 0.0
20 0.26 -0.2 0.0
21 0.26 -0.25 0.0
22 0.26 -0.3 0.0
23 0.26 -0.3 0.0
24 0.26 -0.3 0.00625
25 0.26 -0.3 0.08125
26 0.26 -0.3 0.161333333333
27 0.26 -0.3 0.2375
28 0.26 -0.3 0.325
29 0.26 -0.3 0.41875
30 0.26 -0.3 0.51875
31 0.26 -0.3 0.60625
32 0.26 -0.3 0.6375
33 0.26 -0.3 0.575
34 0.26 -0.3 0.5
35 0.0 0.0 0.41875
36 0.0 0.0 0.375
37 0.0 0.0 0.4875
38 0.005 0.0 0.55
39 0.01 0.0 0.55
40 0.01 0.0 0.55
41 0.015 0.0 0.55
42 0.045 0.0 0.55
43 0.07 0.0 0.54375
44 0.095 0.0 0.54375
45 0.12 0.0 0.54375
46 0.15 0.0 0.55625
47 0.175 0.0 0.5625
48 0.2 0.0 0.55625
49 0.23 0.0 0.54375
50 0.26 0.0 0.54225
51 0.26 0.0 0.51875
52 0.26 0.0 0.50875
53 0.26 0.0 0.5
54 0.26 0.0 0.484583333333
55 0.26 0.0 0.475
56 0.26 0.0 0.4625
57 0.26 0.0 0.45
58 0.26 0.05 0.4375
59 0.26 0.1 0.432916666667
60 0.26 0.1 0.45625
61 0.26 0.2 0.46875
62 0.26 0.2 0.51125
63 0.26 0.25 0.55625
64 0.26 0.3 0.60625
65 0.26 0.3 0.675
66 0.26 0.3 0.74375
67 0.26 0.3 0.75
68 0.26 0.3 0.75
69 0.26 0.3 0.75
70 0.26 0.3 0.75
71 0.26 0.3 0.75
72 0.0 0.0 0.75
73 0.0 0.0 0.75
74 0.0 0.0 0.75
75 0.005 0.0 0.75
76 0.01 0.0 0.75
77 0.01 0.0 0.75
78 0.025 0.0 0.75
79 0.05 0.0 0.75
80 0.08 0.0 0.75
81 0.105 0.0 0.75
82 0.135 0.0 0.75
83 0.16 0.0 0.75
84 0.185 0.0 0.75
85 0.19 0.0 0.75
86 0.2 0.0 0.75
87 0.21 0.0 0.75
88 0.215 0.0 0.75
89 0.225 0.0 0.75
90 0.23 0.0 0.75
91 0.24 0.0 0.75
92 0.245 0.0 0.75
93 0.255 0.0 0.75
94 0.26 0.0 0.75
95 0.26 0.0 0.75
96 0.26 0.0 0.75
97 0.26 0.0 0.75
98 0.26 0.0 0.75
99 0.26 0.0 0.75
100 0.26 0.0 0.75
101 0.26 0.0 0.75
102 0.26 0.0 0.75
103 0.26 0.0 0.75
104 0.26 0.0 0.75
105 0.26 0.0 0.75
106 0.26 0.0 0.75
107 0.26 0.0 0.75
108 0.26 0.0 0.75
109 0.26 0.0 0.75
