0 0.26 0.1 0.0
1 0.26 0.1 0.0
2 0.26 0.1 0.0
3 0.26 0.2 0.0
4 0.26 0.2 0.0
5 0.26 0.2 0.0
6 0.26 0.2 0.0
7 0.26 0.2 0.0
8 0.26 0.2 0.04375
9 0.26 0.2 0.09375
10 0.26 0.2 0.14375
11 0.26 0.2 0.1875
12 0.26 0.2 0.225
13 0.26 0.2 0.325
14 0.26 0.2 0.4
15 0.26 0.2 0.44375
16 0.0 0.0 0.48125
17 0.0 0.0 0.58125
18 0.005 0.0 0.6375
19 0.01 0.0 0.633416666667
20 0.01 0.0 0.63125
21 0.025 0.0 0.6375
22 0.06 0.0 0.6375
23 0.105 0.0 0.63125
24 0.14 0.0 0.62625
25 0.17 0.0 0.61875
26 0.2 0.0 0.61875
27 0.23 0.0 0.613166666667
28 0.26 0.0 0.60625
29 0.26 0.0 0.595
30 0.26 0.0 0.581166666667
31 0.26 0.0 0.56075
32 0.26 0.0 0.540333333333
33 0.26 0.0 0.518
34 0.26 0.0 0.501
35 0.26 0.0 0.483083333333
36 0.26 0.0 0.467666666667
37 0.26 0.0 0.447416666667
38 0.26 0.0 0.43675
39 0.26 0.0 0.4025
40 0.26 0.0 0.330666666667
41 0.26 0.0 0.284083333333
42 0.26 0.0 0.232916666667
43 0.26 0.0 0.193333333333
44 0.26 0.0 0.149833333333
45 0.26 0.0 0.107916666667
46 0.26 0.0 0.0935833333333
47 0.26 0.0 0.0903333333333
48 0.26 0.0 0.0868333333333
49 0.26 0.0 0.0786666666667
50 0.26 0.0 0.0775833333333
51 0.26 0.0 0.07625
52 0.26 0.0 0.06925
53 0.26 0.0 0.06875
54 0.26 0.0 0.06875
55 0.26 0.0 0.0625
56 0.26 0.0 0.0625
57 0.26 0.0 0.0566666666667
58 0.26 0.0 0.05625
59 0.26 0.0 0.05625
60 0.26 0.0 0.05
61 0.26 0.0 0.05
62 0.26 0.0 0.04375
63 0.26 0.0 0.04375
64 0.26 0.0 0.0375
65 0.26 0.0 0.0375
66 0.26 0.0 0.03125
67 0.26 0.0 0.03125
68 0.26 0.0 0.025
69 0.26 0.0 0.025
70 0.26 0.0 0.01875
71 0.26 0.0 0.01875
72 0.26 0.0 0.0125
73 0.26 0.0 0.0125
74 0.26 0.0 0.00625
75 0.26 0.0 0.0
76 0.26 0.0 0.0
77 0.26 0.0 0.0
78 0.26 0.0 0.0
79 0.26 0.0 0.0
80 0.26 0.0 0.0
81 0.26 0.0 0.0
82 0.26 0.0 0.0
83 0.26 0.0 0.0
84 0.26 0.0 0.0
85 0.26 0.0 0.0
86 0.26 0.0 0.0
87 0.26 0.0 0.0
88 0.26 0.0 0.0
89 0.26 0.0 0.0
90 0.26 0.0 0.0
91 0.26 0.0 0.0
92 0.26 -0.1 0.0
93 0.26 -0.2 0.0
94 0.26 -0.25 0.0
95 0.26 -0.3 0.0
96 0.26 -0.4 0.0
97 0.26 -0.4 0.0
98 0.26 -0.45 0.0
99 0.26 -0.5 0.0
100 0.26 -0.5 0.0
101 0.26 -0.5 0.0
102 0.26 -0.5 0.0
103 0.0 0.0 0.0
104 0.0 0.0 0.0
105 0.01 0.0 0.0
106 0.01 0.0 0.0
107 0.01 0.0 0.0
108 0.04 0.0 0.0
109 0.07 0.0 0.0
110 0.105 0.0 0.0
111 0.14 0.0 0.0
112 0.17 0.0 0.0
113 0.2 0.0 0.0
114 0.23 0.0 0.0
115 0.24 0.0 0.0
116 0.25 0.0 0.0
117 0.26 0.0 0.0
118 0.26 0.0 0.0
119 0.26 0.0 0.0
120 0.26 0.0 0.0
121 0.26 0.0 0.0
122 0.26 -0.05 0.0
123 0.26 -0.1 0.0
124 0.26 -0.1 0.0
125 0.26 -0.1 0.0
126 0.26 -0.15 0.0
127 0.26 -0.2 0.0
128 0.26 -0.25 0.0
129 0.26 -0.3 0.0
130 0.26 -0.4 0.0
131 0.26 -0.45 0.0
132 0.26 -0.5 0.07875
133 0.26 -0.5 0.0940833333333
134 0.26 -0.5 0.09275
135 0.26 -0.5 0.0813333333333
136 0.26 -0.5 0.0829166666667
137 0.26 -0.5 0.0220833333333
138 0.26 -0.5 0.0
139 0.26 -0.5 0.0
140 0.0 0.0 0.0
141 0.005 0.0 0.0
142 0.01 0.0 0.0
143 0.01 0.0 0.0
144 0.035 0.0 0.0
145 0.07 0.0 0.0
146 0.1 0.0 0.0
147 0.125 0.0 0.0
148 0.15 0.0 0.0
149 0.175 0.0 0.0
150 0.205 0.0 0.0
151 0.235 0.0 0.0
152 0.26 0.0 0.0
153 0.26 0.0 0.0
154 0.26 0.0 0.0
155 0.26 0.0 0.0
156 0.26 0.0 0.0
157 0.26 0.0 0.0
158 0.26 0.0 0.0
159 0.26 0.0 0.0
160 0.26 0.0 0.0
161 0.26 0.0 0.0
162 0.26 0.0 0.0
163 0.26 0.0 0.0
164 0.26 0.0 0.0
165 0.26 0.0 0.0
166 0.26 0.0 0.0
167 0.26 0.0 0.0
168 0.26 0.0 0.0
169 0.26 0.0 0.0
170 0.26 0.0 0.0
171 0.26 0.0 0.0
172 0.26 0.0 0.0
173 0.26 0.0 0.0
174 0.26 0.0 0.0
175 0.26 0.0 0.0
176 0.26 0.0 0.0
177 0.26 0.0 0.0
178 0.26 0.0 0.0
179 0.26 0.0 0.0
180 0.26 0.0 0.0
181 0.26 0.0 0.0
182 0.26 0.0 0.0
183 0.26 0.0 0.0
184 0.26 0.0 0.0
185 0.26 0.0 0.0
186 0.26 0.0 0.0
187 0.26 0.0 0.0
188 0.26 0.0 0.0
189 0.26 0.0 0.0
190 0.26 0.0 0.0
191 0.26 0.0 0.0
192 0.26 0.0 0.0
193 0.26 0.0 0.0
194 0.26 0.0 0.0
195 0.26 -0.1 0.0
196 0.26 -0.1 0.0
197 0.26 -0.25 0.0
198 0.26 -0.5 0.0
199 0.26 -0.6 0.0
200 0.26 -0.75 0.0
201 0.26 -0.85 0.0
202 0.26 -0.9 0.0
203 0.26 -0.9 0.0
204 0.26 -0.9 0.214
205 0.26 -0.9 0.33325
206 0.26 -0.8 0.5555
207 0.26 -0.7 0.64625
208 0.26 -0.65 0.68125
209 0.26 -0.6 0.3325
210 0.26 -0.6 0.13825
211 0.26 -0.3 0.018
212 0.26 -0.1 0.0
213 0.26 -1.38777878078e-17 0.0
214 0.26 0.1 0.0
215 0.26 0.2 0.0
216 0.26 0.3 0.0
217 0.26 0.4 0.0209166666667
218 0.26 0.4 0.07075
219 0.26 0.4 0.176
220 0.26 0.4 0.320833333333
221 0.26 0.4 0.444416666667
222 0.0 0.0 0.615166666667
223 0.0 0.0 0.6025
224 0.0 0.0 0.538416666667
225 0.01 0.0 0.292333333333
226 0.01 0.0 0.128833333333
227 0.03 0.0 0.03025
228 0.07 0.0 0.0145833333333
229 0.1 0.0 0.0154166666667
230 0.125 0.0 0.0141666666667
231 0.135 0.1 0.0128333333333
232 0.15 0.15 0.0143333333333
233 0.16 0.2 0.02075
234 0.175 0.2 0.0504166666667
235 0.185 0.2 0.105333333333
236 0.195 0.2 0.161083333333
237 0.205 0.2 0.216666666667
238 0.215 0.2 0.296666666667
239 0.225 0.2 0.351583333333
240 0.24 0.2 0.395
241 0.245 0.2 0.461833333333
242 0.26 0.1 0.539583333333
243 0.26 0.05 0.571166666667
244 0.26 0.0 0.581083333333
245 0.26 0.0 0.584083333333
246 0.26 0.0 0.58175
247 0.26 0.0 0.0
248 0.26 0.0 0.0
249 0.26 0.0 0.0
250 0.26 0.0 0.0
251 0.26 0.0 0.0
252 0.26 0.0 0.0
253 0.26 0.0 0.0
254 0.26 0.0 0.0
255 0.26 0.0 0.0
256 0.26 0.0 0.0
257 0.26 0.0 0.0
258 0.26 0.0 0.0
259 0.26 0.0 0.0
260 0.26 0.0 0.0
261 0.26 0.0 0.0
262 0.26 0.0 0.0
263 0.26 0.0 0.0
264 0.26 0.0 0.0
265 0.26 0.0 0.0
266 0.26 0.0 0.0
267 0.26 0.0 0.0
268 0.26 0.0 0.0
269 0.26 0.0 0.0
270 0.26 0.0 0.0
271 0.26 0.0 0.0
272 0.26 0.0 0.0
273 0.26 0.0 0.0
274 0.26 0.0 0.0
275 0.26 0.0 0.0
276 0.26 0.0 0.0
277 0.26 0.0 0.0
278 0.26 0.0 0.0
279 0.26 0.0 0.0
280 0.26 0.0 0.0
281 0.26 0.0 0.0
282 0.26 0.0 0.0
283 0.26 0.0 0.0
284 0.26 0.0 0.0
285 0.26 0.0 0.0
286 0.26 0.0 0.0
287 0.26 0.0 0.0
288 0.26 0.0 0.0
289 0.26 0.0 0.0
