0 0.12 0.0 0.27125
1 0.145 0.0 0.269916666667
2 0.17 0.0 0.2685
3 0.19 0.0 0.26475
4 0.215 0.0 0.263916666667
5 0.24 0.0 0.262166666667
6 0.25 0.0 0.2625
7 0.26 0.0 0.26075
8 0.26 0.0 0.257916666667
9 0.26 0.0 0.25725
10 0.26 0.0 0.256416666667
11 0.26 0.0 0.256583333333
12 0.26 0.0 0.2565
13 0.26 0.0 0.2555
14 0.26 0.0 0.255666666667
15 0.26 0.0 0.255166666667
16 0.26 0.0 0.254916666667
17 0.26 0.0 0.254583333333
18 0.26 0.0 0.253916666667
19 0.26 0.0 0.253916666667
20 0.26 0.0 0.253583333333
21 0.26 0.0 0.253166666667
22 0.26 0.0 0.253583333333
23 0.26 -0.1 0.25425
24 0.26 -0.1 0.255
25 0.26 -0.2 0.254
26 0.26 -0.2 0.256333333333
27 0.26 -0.25 0.259583333333
28 0.26 -0.3 0.262833333333
29 0.26 -0.3 0.255166666667
30 0.26 -0.4 0.253416666667
31 0.26 -0.4 0.254166666667
32 0.26 -0.4 0.252583333333
33 0.26 -0.4 0.25275
34 0.26 -0.4 0.2535
35 0.26 -0.4 0.263166666667
36 0.26 -0.4 0.258
37 0.26 -0.4 0.24725
38 0.26 -0.4 0.2455
39 0.26 -0.4 0.245166666667
40 0.26 -0.4 0.2445
41 0.26 -0.4 0.254916666667
42 0.26 -0.4 0.26025
43 0.26 -0.4 0.256583333333
44 0.26 -0.4 0.247166666667
45 0.26 -0.4 0.244
46 0.26 -0.4 0.24325
47 0.26 -0.4 0.241833333333
48 0.26 -0.4 0.252166666667
49 0.26 -0.4 0.253416666667
50 0.26 -0.35 0.267
51 0.26 -0.3 0.266916666667
52 0.26 -0.3 0.2655
53 0.26 -0.25 0.266166666667
54 0.26 -0.2 0.265333333333
55 0.26 -0.2 0.265333333333
56 0.26 -0.2 0.264416666667
57 0.26 -0.2 0.272333333333
58 0.26 -0.2 0.276
59 0.26 -0.2 0.27525
60 0.26 -0.2 0.275333333333
61 0.26 -0.2 0.275666666667
62 0.26 -0.2 0.283666666667
63 0.26 -0.2 0.29075
64 0.26 -0.2 0.291666666667
65 0.26 -0.15 0.291666666667
66 0.26 -0.1 0.291666666667
67 0.26 -0.05 0.291666666667
68 0.26 -2.77555756156e-17 0.291666666667
69 0.26 -2.77555756156e-17 0.291666666667
70 0.26 -2.77555756156e-17 0.291666666667
71 0.26 -2.77555756156e-17 0.291666666667
72 0.26 -2.77555756156e-17 0.291666666667
73 0.26 -2.77555756156e-17 0.291666666667
74 0.26 -2.77555756156e-17 0.291666666667
75 0.26 -2.77555756156e-17 0.291666666667
76 0.26 -2.77555756156e-17 0.291666666667
77 0.26 -2.77555756156e-17 0.291666666667
78 0.26 -2.77555756156e-17 0.291666666667
79 0.26 -2.77555756156e-17 0.291666666667
80 0.26 -2.77555756156e-17 0.291666666667
81 0.26 -2.77555756156e-17 0.291666666667
82 0.26 -2.77555756156e-17 0.291666666667
83 0.26 -2.77555756156e-17 0.291666666667
84 0.26 -2.77555756156e-17 0.291666666667
85 0.26 -2.77555756156e-17 0.291666666667
86 0.26 -2.77555756156e-17 0.291666666667
87 0.26 -2.77555756156e-17 0.291666666667
88 0.26 -2.77555756156e-17 0.291666666667
89 0.26 -2.77555756156e-17 0.291666666667
90 0.26 -2.77555756156e-17 0.291666666667
91 0.26 -2.77555756156e-17 0.291666666667
92 0.26 -2.77555756156e-17 0.291666666667
93 0.26 -2.77555756156e-17 0.291666666667
94 0.26 -2.77555756156e-17 0.291666666667
95 0.26 -2.77555756156e-17 0.291666666667
96 0.26 -2.77555756156e-17 0.291666666667
97 0.26 -2.77555756156e-17 0.291666666667
98 0.26 -2.77555756156e-17 0.291666666667
99 0.26 -2.77555756156e-17 0.291666666667
100 0.26 -2.77555756156e-17 0.291666666667
101 0.26 -2.77555756156e-17 0.291666666667
102 0.26 -2.77555756156e-17 0.291666666667
103 0.26 -2.77555756156e-17 0.291666666667
104 0.26 -2.77555756156e-17 0.291666666667
105 0.26 -2.77555756156e-17 0.291666666667
106 0.26 -2.77555756156e-17 0.291666666667
107 0.26 -2.77555756156e-17 0.291666666667
108 0.26 -2.77555756156e-17 0.291666666667
109 0.26 -2.77555756156e-17 0.291666666667
110 0.26 -2.77555756156e-17 0.291666666667
111 0.26 -2.77555756156e-17 0.291666666667
112 0.26 -2.77555756156e-17 0.291666666667
113 0.26 -2.77555756156e-17 0.291666666667
114 0.26 -2.77555756156e-17 0.291666666667
115 0.26 -2.77555756156e-17 0.291666666667
116 0.26 -2.77555756156e-17 0.291666666667
117 0.26 -2.77555756156e-17 0.291666666667
118 0.26 -2.77555756156e-17 0.291666666667
119 0.26 -2.77555756156e-17 0.291666666667
120 0.26 -2.77555756156e-17 0.291666666667
121 0.26 -2.77555756156e-17 0.291666666667
122 0.26 -2.77555756156e-17 0.291666666667
123 0.26 -2.77555756156e-17 0.291666666667
124 0.26 -2.77555756156e-17 0.291666666667
125 0.26 -2.77555756156e-17 0.291666666667
126 0.26 -2.77555756156e-17 0.291666666667
127 0.26 -2.77555756156e-17 0.291666666667
128 0.26 -2.77555756156e-17 0.291666666667
129 0.26 -2.77555756156e-17 0.291666666667
130 0.26 -2.77555756156e-17 0.291666666667
131 0.26 -2.77555756156e-17 0.291666666667
132 0.26 -2.77555756156e-17 0.291666666667
133 0.26 -2.77555756156e-17 0.291666666667
134 0.26 -2.77555756156e-17 0.291666666667
135 0.26 -2.77555756156e-17 0.291666666667
136 0.26 -2.77555756156e-17 0.291666666667
137 0.26 -2.77555756156e-17 0.291666666667
138 0.26 -2.77555756156e-17 0.291666666667
139 0.26 -2.77555756156e-17 0.29125
140 0.26 0.05 0.2905
141 0.26 0.1 0.29
142 0.26 0.1 0.290083333333
143 0.26 0.1 0.29
144 0.26 0.1 0.28975
145 0.26 0.1 0.289833333333
146 0.26 0.1 0.28875
147 0.26 0.1 0.2845
148 0.26 0.1 0.282916666667
149 0.26 0.1 0.282583333333
150 0.26 0.1 0.282166666667
151 0.26 0.1 0.28175
152 0.26 0.1 0.281583333333
153 0.26 0.1 0.281166666667
154 0.26 0.1 0.281166666667
155 0.26 0.1 0.281166666667
156 0.26 0.1 0.281
157 0.26 0.1 0.280916666667
158 0.26 0.1 0.280416666667
159 0.26 0.1 0.280666666667
160 0.26 0.1 0.27825
161 0.26 0.1 0.275333333333
162 0.26 0.1 0.272
163 0.26 0.1 0.270333333333
164 0.26 0.1 0.2665
165 0.26 0.1 0.264166666667
166 0.26 0.1 0.2635
167 0.26 0.1 0.26525
168 0.26 0.1 0.265333333333
169 0.26 0.1 0.265666666667
170 0.26 0.1 0.265583333333
171 0.26 0.1 0.265916666667
172 0.26 0.1 0.265583333333
173 0.26 0.1 0.2665
174 0.26 0.1 0.266
175 0.26 0.1 0.266916666667
176 0.26 0.1 0.266916666667
177 0.26 0.1 0.267
178 0.26 0.1 0.267166666667
179 0.26 0.1 0.26675
180 0.26 0.1 0.26525
181 0.26 0.05 0.265833333333
182 0.26 -2.77555756156e-17 0.265666666667
183 0.26 -2.77555756156e-17 0.264416666667
184 0.26 -2.77555756156e-17 0.2645
185 0.26 -2.77555756156e-17 0.263833333333
186 0.26 -2.77555756156e-17 0.263333333333
187 0.26 -2.77555756156e-17 0.261416666667
188 0.26 -2.77555756156e-17 0.259333333333
189 0.26 -2.77555756156e-17 0.25775
190 0.26 -2.77555756156e-17 0.256083333333
191 0.26 -2.77555756156e-17 0.253833333333
192 0.26 -2.77555756156e-17 0.252583333333
193 0.26 -2.77555756156e-17 0.2505
194 0.26 -2.77555756156e-17 0.250166666667
195 0.26 -2.77555756156e-17 0.249416666667
196 0.26 -2.77555756156e-17 0.249333333333
197 0.26 0.05 0.248666666667
198 0.26 0.1 0.247833333333
199 0.26 0.15 0.248083333333
200 0.26 0.2 0.246916666667
201 0.26 0.2 0.246166666667
202 0.26 0.2 0.247333333333
203 0.26 0.2 0.253916666667
204 0.26 0.2 0.255916666667
205 0.26 0.2 0.256583333333
206 0.26 0.3 0.261083333333
207 0.26 0.3 0.254333333333
208 0.26 0.3 0.247833333333
209 0.26 0.3 0.242
210 0.26 0.3 0.240666666667
211 0.26 0.3 0.242
212 0.26 0.3 0.252666666667
213 0.26 0.3 0.255
214 0.26 0.3 0.256333333333
215 0.26 0.3 0.265666666667
216 0.26 0.3 0.26625
217 0.26 0.3 0.266333333333
218 0.26 0.35 0.26725
219 0.26 0.4 0.26575
220 0.26 0.4 0.258
221 0.26 0.4 0.242333333333
222 0.26 0.4 0.24325
223 0.26 0.4 0.246583333333
224 0.26 0.4 0.26
225 0.26 0.4 0.27225
226 0.26 0.4 0.273
227 0.26 0.4 0.273333333333
228 0.26 0.4 0.273583333333
229 0.26 0.4 0.274083333333
230 0.26 0.4 0.273916666667
231 0.26 0.4 0.274333333333
232 0.26 0.4 0.274083333333
233 0.26 0.4 0.277416666667
234 0.26 0.4 0.289583333333
235 0.26 0.4 0.291666666667
236 0.26 0.4 0.291666666667
237 0.26 0.4 0.291666666667
238 0.26 0.4 0.291666666667
239 0.26 0.4 0.291666666667
240 0.26 0.4 0.291666666667
241 0.26 0.4 0.291666666667
242 0.26 0.4 0.291666666667
243 0.26 0.35 0.291666666667
244 0.26 0.3 0.291666666667
245 0.26 0.3 0.291666666667
246 0.26 0.3 0.291666666667
247 0.26 0.3 0.286166666667
248 0.26 0.3 0.283666666667
249 0.26 0.3 0.281833333333
250 0.26 0.3 0.276083333333
251 0.26 0.3 0.27175
252 0.26 0.3 0.261
253 0.26 0.3 0.259166666667
254 0.26 0.3 0.2535
255 0.26 0.3 0.247
256 0.26 0.3 0.24675
257 0.26 0.3 0.245416666667
258 0.26 0.3 0.246083333333
259 0.26 0.3 0.247583333333
260 0.26 0.3 0.24775
261 0.26 0.3 0.2445
262 0.26 0.3 0.23775
263 0.26 0.3 0.236083333333
264 0.26 0.25 0.237916666667
265 0.26 0.2 0.23875
266 0.26 0.2 0.24075
267 0.26 0.2 0.242916666667
268 0.26 0.2 0.243166666667
269 0.26 0.2 0.242583333333
270 0.26 0.2 0.242333333333
271 0.26 0.15 0.2405
272 0.26 0.1 0.239833333333
273 0.26 0.1 0.240833333333
274 0.26 0.1 0.241916666667
275 0.26 0.1 0.241
276 0.26 0.1 0.24125
277 0.26 0.1 0.243833333333
278 0.26 0.1 0.24525
279 0.26 0.05 0.246666666667
280 0.26 2.77555756156e-17 0.246666666667
281 0.26 2.77555756156e-17 0.244333333333
282 0.26 2.77555756156e-17 0.240083333333
283 0.26 2.77555756156e-17 0.2395
284 0.26 2.77555756156e-17 0.234916666667
285 0.26 2.77555756156e-17 0.231583333333
286 0.26 2.77555756156e-17 0.2285
287 0.26 2.77555756156e-17 0.228333333333
288 0.26 2.77555756156e-17 0.224666666667
289 0.26 2.77555756156e-17 0.221833333333
290 0.26 2.77555756156e-17 0.221083333333
291 0.26 2.77555756156e-17 0.220333333333
292 0.26 2.77555756156e-17 0.21925
293 0.26 2.77555756156e-17 0.217083333333
294 0.26 2.77555756156e-17 0.217666666667
295 0.26 2.77555756156e-17 0.21525
296 0.26 2.77555756156e-17 0.21625
297 0.26 2.77555756156e-17 0.216
298 0.26 2.77555756156e-17 0.21575
299 0.26 2.77555756156e-17 0.212583333333
300 0.26 2.77555756156e-17 0.212666666667
301 0.26 2.77555756156e-17 0.214083333333
302 0.26 2.77555756156e-17 0.21525
303 0.26 2.77555756156e-17 0.216166666667
304 0.26 2.77555756156e-17 0.2175
305 0.26 2.77555756156e-17 0.216333333333
306 0.26 2.77555756156e-17 0.215333333333
307 0.26 2.77555756156e-17 0.214666666667
308 0.26 2.77555756156e-17 0.211916666667
309 0.26 2.77555756156e-17 0.208583333333
310 0.26 2.77555756156e-17 0.209416666667
311 0.26 2.77555756156e-17 0.207333333333
312 0.26 2.77555756156e-17 0.204916666667
313 0.26 2.77555756156e-17 0.20675
314 0.26 2.77555756156e-17 0.207166666667
315 0.26 2.77555756156e-17 0.20775
316 0.26 2.77555756156e-17 0.207666666667
317 0.26 2.77555756156e-17 0.208166666667
318 0.26 2.77555756156e-17 0.20775
319 0.26 2.77555756156e-17 0.2085
320 0.26 2.77555756156e-17 0.206333333333
321 0.26 2.77555756156e-17 0.207333333333
322 0.26 2.77555756156e-17 0.208416666667
323 0.26 2.77555756156e-17 0.20925
324 0.26 2.77555756156e-17 0.20825
325 0.26 2.77555756156e-17 0.210583333333
326 0.26 2.77555756156e-17 0.209333333333
327 0.26 2.77555756156e-17 0.207833333333
328 0.26 2.77555756156e-17 0.208416666667
329 0.26 2.77555756156e-17 0.206
330 0.26 2.77555756156e-17 0.204416666667
331 0.26 2.77555756156e-17 0.204916666667
332 0.26 2.77555756156e-17 0.20225
333 0.26 2.77555756156e-17 0.202166666667
334 0.26 2.77555756156e-17 0.201916666667
335 0.26 2.77555756156e-17 0.20275
336 0.26 2.77555756156e-17 0.202583333333
337 0.26 2.77555756156e-17 0.202416666667
338 0.26 2.77555756156e-17 0.203166666667
339 0.26 2.77555756156e-17 0.2055
340 0.26 2.77555756156e-17 0.2075
341 0.26 2.77555756156e-17 0.207333333333
342 0.26 2.77555756156e-17 0.208583333333
343 0.26 2.77555756156e-17 0.20975
344 0.26 2.77555756156e-17 0.21025
345 0.26 2.77555756156e-17 0.211583333333
346 0.26 2.77555756156e-17 0.215416666667
347 0.26 2.77555756156e-17 0.218416666667
348 0.26 2.77555756156e-17 0.218166666667
349 0.26 2.77555756156e-17 0.21825
350 0.26 2.77555756156e-17 0.218166666667
351 0.26 2.77555756156e-17 0.218166666667
352 0.26 2.77555756156e-17 0.217
353 0.26 2.77555756156e-17 0.218416666667
354 0.26 2.77555756156e-17 0.22175
355 0.26 2.77555756156e-17 0.223083333333
356 0.26 2.77555756156e-17 0.222416666667
357 0.26 2.77555756156e-17 0.221583333333
358 0.26 2.77555756156e-17 0.2215
359 0.26 2.77555756156e-17 0.224166666667
360 0.26 2.77555756156e-17 0.229333333333
361 0.26 2.77555756156e-17 0.231166666667
362 0.26 2.77555756156e-17 0.232416666667
363 0.26 2.77555756156e-17 0.230833333333
364 0.26 2.77555756156e-17 0.23025
365 0.26 2.77555756156e-17 0.226083333333
366 0.26 2.77555756156e-17 0.227583333333
367 0.26 2.77555756156e-17 0.230083333333
368 0.26 2.77555756156e-17 0.232
369 0.26 2.77555756156e-17 0.235666666667
370 0.26 2.77555756156e-17 0.237
371 0.26 2.77555756156e-17 0.241416666667
372 0.26 2.77555756156e-17 0.24425
373 0.26 2.77555756156e-17 0.2505
374 0.26 2.77555756156e-17 0.255
375 0.26 2.77555756156e-17 0.258916666667
376 0.26 2.77555756156e-17 0.260916666667
377 0.26 2.77555756156e-17 0.263
378 0.26 2.77555756156e-17 0.26475
379 0.26 2.77555756156e-17 0.26625
380 0.26 2.77555756156e-17 0.268416666667
381 0.26 2.77555756156e-17 0.269
382 0.26 2.77555756156e-17 0.2705
383 0.26 2.77555756156e-17 0.273166666667
384 0.26 2.77555756156e-17 0.27475
385 0.26 2.77555756156e-17 0.27625
386 0.26 2.77555756156e-17 0.277333333333
387 0.26 2.77555756156e-17 0.278083333333
388 0.26 2.77555756156e-17 0.2815
389 0.26 2.77555756156e-17 0.281583333333
390 0.26 2.77555756156e-17 0.28425
391 0.26 2.77555756156e-17 0.28575
392 0.26 2.77555756156e-17 0.289
393 0.26 2.77555756156e-17 0.2895
394 0.26 2.77555756156e-17 0.289916666667
395 0.26 2.77555756156e-17 0.290416666667
396 0.26 2.77555756156e-17 0.290916666667
397 0.26 2.77555756156e-17 0.291416666667
398 0.26 2.77555756156e-17 0.291416666667
399 0.26 2.77555756156e-17 0.291666666667
400 0.26 2.77555756156e-17 0.291666666667
401 0.26 2.77555756156e-17 0.291666666667
402 0.26 2.77555756156e-17 0.291666666667
403 0.26 2.77555756156e-17 0.291666666667
404 0.26 2.77555756156e-17 0.291666666667
405 0.26 2.77555756156e-17 0.291666666667
406 0.26 2.77555756156e-17 0.291666666667
407 0.26 2.77555756156e-17 0.291666666667
408 0.26 2.77555756156e-17 0.291666666667
409 0.26 2.77555756156e-17 0.291666666667
410 0.26 2.77555756156e-17 0.291666666667
411 0.26 2.77555756156e-17 0.291666666667
412 0.26 2.77555756156e-17 0.291666666667
413 0.26 2.77555756156e-17 0.291666666667
414 0.26 2.77555756156e-17 0.291666666667
415 0.26 2.77555756156e-17 0.291666666667
416 0.26 2.77555756156e-17 0.291666666667
417 0.26 2.77555756156e-17 0.291666666667
418 0.26 2.77555756156e-17 0.291666666667
419 0.26 2.77555756156e-17 0.291666666667
420 0.26 2.77555756156e-17 0.291666666667
421 0.26 2.77555756156e-17 0.291666666667
422 0.26 2.77555756156e-17 0.291666666667
423 0.26 2.77555756156e-17 0.291666666667
424 0.26 2.77555756156e-17 0.291666666667
425 0.26 2.77555756156e-17 0.291666666667
426 0.26 2.77555756156e-17 0.291666666667
427 0.26 2.77555756156e-17 0.291666666667
428 0.26 2.77555756156e-17 0.291666666667
429 0.26 2.77555756156e-17 0.291666666667
430 0.26 2.77555756156e-17 0.291666666667
431 0.26 2.77555756156e-17 0.291666666667
432 0.26 2.77555756156e-17 0.291666666667
433 0.26 2.77555756156e-17 0.291666666667
434 0.26 2.77555756156e-17 0.291666666667
435 0.26 2.77555756156e-17 0.291666666667
436 0.26 2.77555756156e-17 0.291666666667
437 0.26 2.77555756156e-17 0.291666666667
438 0.26 2.77555756156e-17 0.291666666667
439 0.26 2.77555756156e-17 0.291666666667
440 0.26 2.77555756156e-17 0.291666666667
441 0.26 2.77555756156e-17 0.291666666667
442 0.26 2.77555756156e-17 0.291666666667
443 0.26 2.77555756156e-17 0.291666666667
444 0.26 2.77555756156e-17 0.291666666667
445 0.26 2.77555756156e-17 0.291666666667
446 0.26 2.77555756156e-17 0.291666666667
447 0.26 2.77555756156e-17 0.291666666667
448 0.26 2.77555756156e-17 0.291666666667
449 0.26 2.77555756156e-17 0.291666666667
450 0.26 2.77555756156e-17 0.291666666667
451 0.26 2.77555756156e-17 0.291666666667
452 0.26 2.77555756156e-17 0.291666666667
453 0.26 2.77555756156e-17 0.291666666667
454 0.26 2.77555756156e-17 0.291666666667
455 0.26 2.77555756156e-17 0.291666666667
456 0.26 2.77555756156e-17 0.291666666667
457 0.26 2.77555756156e-17 0.291666666667
458 0.26 2.77555756156e-17 0.291666666667
459 0.26 2.77555756156e-17 0.291666666667
460 0.26 2.77555756156e-17 0.291666666667
461 0.26 2.77555756156e-17 0.291666666667
462 0.26 2.77555756156e-17 0.291666666667
463 0.26 2.77555756156e-17 0.291666666667
464 0.26 2.77555756156e-17 0.291666666667
465 0.26 2.77555756156e-17 0.291666666667
466 0.26 2.77555756156e-17 0.291666666667
467 0.26 2.77555756156e-17 0.291666666667
468 0.26 2.77555756156e-17 0.291666666667
469 0.26 2.77555756156e-17 0.291666666667
470 0.26 0.1 0.291666666667
471 0.26 0.1 0.291666666667
472 0.26 0.1 0.291666666667
473 0.26 0.1 0.291666666667
474 0.26 0.1 0.291666666667
475 0.26 0.1 0.291666666667
476 0.26 0.1 0.291666666667
477 0.26 0.1 0.291666666667
478 0.26 0.1 0.291666666667
479 0.26 0.1 0.291666666667
480 0.26 0.1 0.291666666667
481 0.26 0.1 0.291666666667
482 0.26 0.1 0.291666666667
483 0.26 0.1 0.291666666667
484 0.26 0.1 0.291666666667
485 0.26 0.1 0.291666666667
486 0.26 0.1 0.291666666667
487 0.26 0.1 0.291666666667
488 0.26 0.1 0.291666666667
489 0.26 0.1 0.287833333333
490 0.26 0.05 0.284
491 0.26 2.77555756156e-17 0.27825
492 0.26 2.77555756156e-17 0.274416666667
493 0.26 2.77555756156e-17 0.27125
494 0.26 2.77555756156e-17 0.268666666667
495 0.26 2.77555756156e-17 0.264833333333
496 0.26 2.77555756156e-17 0.261
497 0.26 2.77555756156e-17 0.257166666667
498 0.26 2.77555756156e-17 0.253333333333
499 0.26 2.77555756156e-17 0.2495
500 0.26 2.77555756156e-17 0.245666666667
501 0.26 2.77555756156e-17 0.241833333333
502 0.26 2.77555756156e-17 0.239916666667
503 0.26 2.77555756156e-17 0.234166666667
504 0.26 2.77555756156e-17 0.23225
505 0.26 2.77555756156e-17 0.226833333333
506 0.26 2.77555756156e-17 0.222666666667
507 0.26 2.77555756156e-17 0.22075
508 0.26 2.77555756156e-17 0.216916666667
509 0.26 2.77555756156e-17 0.213083333333
510 0.26 2.77555756156e-17 0.208916666667
511 0.26 2.77555756156e-17 0.205416666667
512 0.26 2.77555756156e-17 0.201583333333
513 0.26 2.77555756156e-17 0.19775
514 0.26 2.77555756156e-17 0.193916666667
515 0.26 2.77555756156e-17 0.19
516 0.26 2.77555756156e-17 0.18625
517 0.26 2.77555756156e-17 0.182416666667
518 0.26 2.77555756156e-17 0.178583333333
519 0.26 2.77555756156e-17 0.17475
520 0.26 2.77555756156e-17 0.172333333333
521 0.26 2.77555756156e-17 0.167083333333
522 0.26 2.77555756156e-17 0.16325
523 0.26 2.77555756156e-17 0.159416666667
524 0.26 2.77555756156e-17 0.155583333333
525 0.26 2.77555756156e-17 0.15175
526 0.26 2.77555756156e-17 0.147916666667
527 0.26 2.77555756156e-17 0.144083333333
528 0.26 2.77555756156e-17 0.14025
529 0.26 2.77555756156e-17 0.138333333333
530 0.26 2.77555756156e-17 0.132583333333
531 0.26 2.77555756156e-17 0.12875
532 0.26 2.77555756156e-17 0.124916666667
533 0.26 2.77555756156e-17 0.121583333333
534 0.26 2.77555756156e-17 0.11725
535 0.26 2.77555756156e-17 0.114333333333
536 0.26 2.77555756156e-17 0.109583333333
537 0.26 2.77555756156e-17 0.105916666667
538 0.26 2.77555756156e-17 0.10225
539 0.26 2.77555756156e-17 0.1
540 0.26 2.77555756156e-17 0.1
541 0.26 2.77555756156e-17 0.1
542 0.26 2.77555756156e-17 0.1
543 0.26 2.77555756156e-17 0.1
544 0.26 2.77555756156e-17 0.1
545 0.26 2.77555756156e-17 0.1
546 0.26 2.77555756156e-17 0.1
547 0.26 2.77555756156e-17 0.1
548 0.26 2.77555756156e-17 0.1
549 0.26 2.77555756156e-17 0.1
550 0.26 2.77555756156e-17 0.1
551 0.26 2.77555756156e-17 0.1
552 0.26 2.77555756156e-17 0.1
553 0.26 2.77555756156e-17 0.1
554 0.26 2.77555756156e-17 0.1
555 0.26 2.77555756156e-17 0.1
556 0.26 2.77555756156e-17 0.1
557 0.26 2.77555756156e-17 0.1
558 0.26 2.77555756156e-17 0.1
559 0.26 2.77555756156e-17 0.1
560 0.26 2.77555756156e-17 0.1
561 0.26 2.77555756156e-17 0.1
562 0.26 2.77555756156e-17 0.1
563 0.26 2.77555756156e-17 0.1
564 0.26 2.77555756156e-17 0.1
565 0.26 2.77555756156e-17 0.1
566 0.26 2.77555756156e-17 0.1
567 0.26 2.77555756156e-17 0.1
568 0.26 2.77555756156e-17 0.1
569 0.26 2.77555756156e-17 0.1
570 0.26 2.77555756156e-17 0.1
571 0.26 2.77555756156e-17 0.1
572 0.26 2.77555756156e-17 0.1
573 0.26 2.77555756156e-17 0.1
574 0.26 2.77555756156e-17 0.1
575 0.26 2.77555756156e-17 0.1
576 0.26 2.77555756156e-17 0.1
577 0.26 2.77555756156e-17 0.1
578 0.26 2.77555756156e-17 0.1
579 0.26 2.77555756156e-17 0.1
580 0.26 2.77555756156e-17 0.1
581 0.26 2.77555756156e-17 0.1
582 0.26 2.77555756156e-17 0.1
583 0.26 2.77555756156e-17 0.1
584 0.26 2.77555756156e-17 0.1
585 0.26 2.77555756156e-17 0.1
586 0.26 2.77555756156e-17 0.1
587 0.26 2.77555756156e-17 0.1
588 0.26 2.77555756156e-17 0.1
