0 0.26 0.0 0.264333333333
1 0.26 0.0 0.264166666667
2 0.26 0.0 0.263916666667
3 0.26 0.0 0.26525
4 0.26 0.0 0.265333333333
5 0.26 0.0 0.264583333333
6 0.26 0.0 0.26625
7 0.26 0.0 0.264833333333
8 0.26 0.0 0.264916666667
9 0.26 0.0 0.264583333333
10 0.26 0.0 0.263333333333
11 0.26 0.0 0.261916666667
12 0.26 0.0 0.262416666667
13 0.26 0.0 0.261666666667
14 0.26 0.0 0.260583333333
15 0.26 0.0 0.261
16 0.26 0.0 0.259416666667
17 0.26 0.0 0.259333333333
18 0.26 0.0 0.259333333333
19 0.26 0.0 0.25975
20 0.26 0.0 0.26025
21 0.26 0.0 0.260833333333
22 0.26 0.0 0.261916666667
23 0.26 0.0 0.263
24 0.26 0.0 0.264583333333
25 0.26 0.0 0.2645
26 0.26 0.0 0.2645
27 0.26 0.0 0.265166666667
28 0.26 0.0 0.264833333333
29 0.26 0.0 0.26475
30 0.26 0.0 0.265
31 0.26 0.05 0.26475
32 0.26 0.1 0.265
33 0.26 0.15 0.263583333333
34 0.26 0.2 0.263916666667
35 0.26 0.3 0.261
36 0.26 0.35 0.252083333333
37 0.26 0.4 0.251166666667
38 0.26 0.4 0.250583333333
39 0.26 0.4 0.252083333333
40 0.26 0.4 0.253416666667
41 0.26 0.4 0.256166666667
42 0.26 0.4 0.26725
43 0.26 0.4 0.267583333333
44 0.26 0.4 0.2675
45 0.26 0.4 0.267666666667
46 0.26 0.4 0.268416666667
47 0.26 0.4 0.268
48 0.26 0.4 0.273916666667
49 0.26 0.4 0.279083333333
50 0.26 0.4 0.29025
51 0.26 0.4 0.291666666667
52 0.26 0.4 0.291666666667
53 0.26 0.4 0.291666666667
54 0.26 0.4 0.291666666667
55 0.26 0.4 0.291666666667
56 0.26 0.4 0.291666666667
57 0.26 0.4 0.291666666667
58 0.26 0.4 0.291666666667
59 0.26 0.4 0.291666666667
60 0.26 0.4 0.291666666667
61 0.26 0.4 0.291666666667
62 0.26 0.4 0.291666666667
63 0.26 0.4 0.291666666667
64 0.26 0.4 0.291666666667
65 0.26 0.4 0.291666666667
66 0.26 0.4 0.291666666667
67 0.26 0.4 0.291666666667
68 0.26 0.3 0.291666666667
69 0.26 0.25 0.291666666667
70 0.26 0.2 0.291666666667
71 0.26 0.15 0.291666666667
72 0.26 0.1 0.291666666667
73 0.26 2.77555756156e-17 0.291666666667
74 0.26 2.77555756156e-17 0.291666666667
75 0.26 2.77555756156e-17 0.291666666667
76 0.26 2.77555756156e-17 0.291666666667
77 0.26 2.77555756156e-17 0.291666666667
78 0.26 2.77555756156e-17 0.291666666667
79 0.26 2.77555756156e-17 0.291666666667
80 0.26 2.77555756156e-17 0.291666666667
81 0.26 2.77555756156e-17 0.291666666667
82 0.26 2.77555756156e-17 0.291666666667
83 0.26 2.77555756156e-17 0.291666666667
84 0.26 2.77555756156e-17 0.291666666667
85 0.26 2.77555756156e-17 0.291666666667
86 0.26 2.77555756156e-17 0.291666666667
87 0.26 2.77555756156e-17 0.291666666667
88 0.26 2.77555756156e-17 0.291666666667
89 0.26 2.77555756156e-17 0.291666666667
90 0.26 2.77555756156e-17 0.291666666667
91 0.26 2.77555756156e-17 0.291666666667
92 0.26 2.77555756156e-17 0.291666666667
93 0.26 2.77555756156e-17 0.291666666667
94 0.26 2.77555756156e-17 0.291666666667
95 0.26 2.77555756156e-17 0.291666666667
96 0.26 2.77555756156e-17 0.291666666667
97 0.26 2.77555756156e-17 0.291666666667
98 0.26 2.77555756156e-17 0.291666666667
99 0.26 2.77555756156e-17 0.291666666667
100 0.26 2.77555756156e-17 0.291666666667
101 0.26 2.77555756156e-17 0.291666666667
102 0.26 2.77555756156e-17 0.291666666667
103 0.26 2.77555756156e-17 0.291666666667
104 0.26 2.77555756156e-17 0.291666666667
105 0.26 2.77555756156e-17 0.291666666667
106 0.26 2.77555756156e-17 0.291666666667
107 0.26 2.77555756156e-17 0.291666666667
108 0.26 2.77555756156e-17 0.291666666667
109 0.26 2.77555756156e-17 0.291666666667
110 0.26 2.77555756156e-17 0.291666666667
111 0.26 2.77555756156e-17 0.291666666667
112 0.26 2.77555756156e-17 0.291666666667
113 0.26 2.77555756156e-17 0.291666666667
114 0.26 2.77555756156e-17 0.291666666667
115 0.26 2.77555756156e-17 0.291666666667
116 0.26 2.77555756156e-17 0.291666666667
117 0.26 2.77555756156e-17 0.291666666667
118 0.26 2.77555756156e-17 0.291666666667
119 0.26 2.77555756156e-17 0.291666666667
120 0.26 2.77555756156e-17 0.291666666667
121 0.26 2.77555756156e-17 0.291666666667
122 0.26 2.77555756156e-17 0.291666666667
123 0.26 2.77555756156e-17 0.291666666667
124 0.26 2.77555756156e-17 0.291666666667
125 0.26 2.77555756156e-17 0.291666666667
126 0.26 2.77555756156e-17 0.291666666667
127 0.26 2.77555756156e-17 0.291666666667
128 0.26 2.77555756156e-17 0.291666666667
129 0.26 2.77555756156e-17 0.291666666667
130 0.26 2.77555756156e-17 0.291666666667
131 0.26 2.77555756156e-17 0.291666666667
132 0.26 2.77555756156e-17 0.291666666667
133 0.26 2.77555756156e-17 0.291666666667
134 0.26 2.77555756156e-17 0.291666666667
135 0.26 2.77555756156e-17 0.291666666667
136 0.26 2.77555756156e-17 0.291666666667
137 0.26 2.77555756156e-17 0.291666666667
138 0.26 2.77555756156e-17 0.291666666667
139 0.26 2.77555756156e-17 0.291666666667
140 0.26 2.77555756156e-17 0.291666666667
141 0.26 2.77555756156e-17 0.291666666667
142 0.26 2.77555756156e-17 0.291666666667
143 0.26 2.77555756156e-17 0.291666666667
144 0.26 2.77555756156e-17 0.291666666667
145 0.26 2.77555756156e-17 0.291666666667
146 0.26 2.77555756156e-17 0.291666666667
147 0.26 2.77555756156e-17 0.291666666667
148 0.26 2.77555756156e-17 0.291666666667
149 0.26 2.77555756156e-17 0.291666666667
150 0.26 2.77555756156e-17 0.291666666667
151 0.26 2.77555756156e-17 0.291666666667
152 0.26 2.77555756156e-17 0.291666666667
153 0.26 2.77555756156e-17 0.291666666667
154 0.26 2.77555756156e-17 0.291666666667
155 0.26 2.77555756156e-17 0.291666666667
156 0.26 2.77555756156e-17 0.291666666667
157 0.26 2.77555756156e-17 0.291666666667
158 0.26 2.77555756156e-17 0.291666666667
159 0.26 2.77555756156e-17 0.291666666667
160 0.26 2.77555756156e-17 0.291666666667
161 0.26 2.77555756156e-17 0.291666666667
162 0.26 2.77555756156e-17 0.291666666667
163 0.26 2.77555756156e-17 0.291666666667
164 0.26 2.77555756156e-17 0.291666666667
165 0.26 2.77555756156e-17 0.291666666667
166 0.26 2.77555756156e-17 0.291666666667
167 0.26 2.77555756156e-17 0.28975
168 0.26 2.77555756156e-17 0.287833333333
169 0.26 2.77555756156e-17 0.285916666667
170 0.26 2.77555756156e-17 0.284
171 0.26 2.77555756156e-17 0.281
172 0.26 2.77555756156e-17 0.27825
173 0.26 2.77555756156e-17 0.276333333333
174 0.26 2.77555756156e-17 0.274416666667
175 0.26 2.77555756156e-17 0.270583333333
176 0.26 2.77555756156e-17 0.268666666667
177 0.26 2.77555756156e-17 0.26675
178 0.26 2.77555756156e-17 0.264833333333
179 0.26 2.77555756156e-17 0.261
180 0.26 2.77555756156e-17 0.258833333333
181 0.26 2.77555756156e-17 0.25525
182 0.26 2.77555756156e-17 0.253333333333
183 0.26 2.77555756156e-17 0.251416666667
184 0.26 2.77555756156e-17 0.2495
185 0.26 2.77555756156e-17 0.245666666667
186 0.26 2.77555756156e-17 0.24375
187 0.26 2.77555756156e-17 0.241833333333
188 0.26 2.77555756156e-17 0.239916666667
189 0.26 -0.05 0.236083333333
190 0.26 -0.1 0.234166666667
191 0.26 -0.15 0.23225
192 0.26 -0.2 0.23225
193 0.26 -0.25 0.234166666667
194 0.26 -0.3 0.236833333333
195 0.26 -0.35 0.239916666667
196 0.26 -0.4 0.24375
197 0.26 -0.4 0.2495
198 0.26 -0.4 0.257166666667
199 0.26 -0.4 0.262916666667
200 0.26 -0.4 0.270583333333
201 0.26 -0.4 0.27825
202 0.26 -0.4 0.282083333333
203 0.26 -0.4 0.291666666667
204 0.26 -0.4 0.291666666667
205 0.26 -0.4 0.291666666667
206 0.26 -0.4 0.291666666667
207 0.26 -0.45 0.290166666667
208 0.26 -0.5 0.280083333333
209 0.26 -0.5 0.279083333333
210 0.26 -0.55 0.272583333333
211 0.26 -0.6 0.2665
212 0.26 -0.6 0.26375
213 0.26 -0.6 0.253666666667
214 0.26 -0.6 0.248666666667
215 0.26 -0.6 0.241
216 0.26 -0.6 0.2405
217 0.26 -0.6 0.246333333333
218 0.26 -0.6 0.240833333333
219 0.26 -0.6 0.23725
220 0.26 -0.6 0.24025
221 0.26 -0.6 0.252416666667
222 0.26 -0.6 0.252333333333
223 0.26 -0.6 0.254166666667
224 0.26 -0.6 0.240416666667
225 0.26 -0.6 0.245
226 0.26 -0.6 0.253166666667
227 0.26 -0.6 0.259916666667
228 0.26 -0.6 0.266083333333
229 0.26 -0.6 0.261666666667
230 0.26 -0.6 0.248583333333
231 0.26 -0.6 0.247333333333
232 0.26 -0.6 0.261083333333
233 0.26 -0.6 0.273666666667
234 0.26 -0.5 0.272916666667
235 0.26 -0.45 0.272583333333
236 0.26 -0.4 0.271333333333
237 0.26 -0.35 0.26975
238 0.26 -0.3 0.269166666667
239 0.26 -0.3 0.271416666667
240 0.26 -0.2 0.285583333333
241 0.26 -0.15 0.291666666667
242 0.26 -0.1 0.291666666667
243 0.26 -0.1 0.291666666667
244 0.26 -0.1 0.291666666667
245 0.26 -0.1 0.291666666667
246 0.26 -0.05 0.291666666667
247 0.26 -2.77555756156e-17 0.291666666667
248 0.26 -2.77555756156e-17 0.291666666667
249 0.26 -2.77555756156e-17 0.291666666667
250 0.26 -2.77555756156e-17 0.291666666667
251 0.26 -2.77555756156e-17 0.291666666667
252 0.26 -2.77555756156e-17 0.291666666667
253 0.26 -2.77555756156e-17 0.291666666667
254 0.26 -2.77555756156e-17 0.291666666667
255 0.26 -2.77555756156e-17 0.291666666667
256 0.26 -2.77555756156e-17 0.291666666667
257 0.26 -2.77555756156e-17 0.291666666667
258 0.26 -2.77555756156e-17 0.291666666667
259 0.26 -2.77555756156e-17 0.291666666667
260 0.26 -2.77555756156e-17 0.291666666667
261 0.26 -2.77555756156e-17 0.291666666667
262 0.26 -2.77555756156e-17 0.291666666667
263 0.26 -2.77555756156e-17 0.291666666667
264 0.26 -2.77555756156e-17 0.291666666667
265 0.26 -2.77555756156e-17 0.291666666667
266 0.26 -2.77555756156e-17 0.291666666667
267 0.26 -2.77555756156e-17 0.291666666667
268 0.26 -2.77555756156e-17 0.291666666667
269 0.26 -2.77555756156e-17 0.291666666667
270 0.26 -2.77555756156e-17 0.291666666667
271 0.26 -2.77555756156e-17 0.291666666667
272 0.26 -2.77555756156e-17 0.291416666667
273 0.26 -2.77555756156e-17 0.291083333333
274 0.26 -2.77555756156e-17 0.290666666667
275 0.26 -2.77555756156e-17 0.286916666667
276 0.26 -2.77555756156e-17 0.28375
277 0.26 -2.77555756156e-17 0.282916666667
278 0.26 -2.77555756156e-17 0.282333333333
279 0.26 -2.77555756156e-17 0.282583333333
280 0.26 -2.77555756156e-17 0.28225
281 0.26 -2.77555756156e-17 0.281916666667
282 0.26 -2.77555756156e-17 0.282083333333
283 0.26 -2.77555756156e-17 0.282416666667
284 0.26 -2.77555756156e-17 0.282416666667
285 0.26 -2.77555756156e-17 0.281916666667
286 0.26 -2.77555756156e-17 0.280333333333
287 0.26 -2.77555756156e-17 0.2785
288 0.26 -2.77555756156e-17 0.277833333333
289 0.26 -2.77555756156e-17 0.27575
290 0.26 -2.77555756156e-17 0.2745
291 0.26 -2.77555756156e-17 0.272416666667
292 0.26 -2.77555756156e-17 0.272333333333
293 0.26 -2.77555756156e-17 0.2715
294 0.26 -2.77555756156e-17 0.270833333333
295 0.26 -2.77555756156e-17 0.270666666667
296 0.26 -2.77555756156e-17 0.270416666667
297 0.26 -2.77555756156e-17 0.270333333333
298 0.26 -2.77555756156e-17 0.271666666667
299 0.26 -2.77555756156e-17 0.27125
300 0.26 -2.77555756156e-17 0.268
301 0.26 -2.77555756156e-17 0.26525
302 0.26 -2.77555756156e-17 0.264166666667
303 0.26 -2.77555756156e-17 0.26325
304 0.26 -2.77555756156e-17 0.2635
305 0.26 -2.77555756156e-17 0.263583333333
306 0.26 -2.77555756156e-17 0.26225
307 0.26 -2.77555756156e-17 0.26225
308 0.26 -2.77555756156e-17 0.263
309 0.26 -2.77555756156e-17 0.262833333333
310 0.26 -2.77555756156e-17 0.263666666667
311 0.26 -2.77555756156e-17 0.2655
312 0.26 -2.77555756156e-17 0.26525
313 0.26 -2.77555756156e-17 0.265916666667
314 0.26 -2.77555756156e-17 0.265916666667
315 0.26 -2.77555756156e-17 0.265333333333
316 0.26 -2.77555756156e-17 0.266083333333
317 0.26 -2.77555756156e-17 0.265583333333
318 0.26 -2.77555756156e-17 0.26425
319 0.26 -2.77555756156e-17 0.263833333333
320 0.26 -2.77555756156e-17 0.2625
321 0.26 -2.77555756156e-17 0.260833333333
322 0.26 -2.77555756156e-17 0.257333333333
323 0.26 -2.77555756156e-17 0.253666666667
324 0.26 -2.77555756156e-17 0.2505
325 0.26 -2.77555756156e-17 0.249083333333
326 0.26 -2.77555756156e-17 0.2495
327 0.26 -2.77555756156e-17 0.250416666667
328 0.26 -2.77555756156e-17 0.250583333333
329 0.26 -2.77555756156e-17 0.251166666667
330 0.26 -2.77555756156e-17 0.251416666667
331 0.26 -2.77555756156e-17 0.252833333333
332 0.26 -2.77555756156e-17 0.253666666667
333 0.26 -2.77555756156e-17 0.2545
334 0.26 -2.77555756156e-17 0.25625
335 0.26 -2.77555756156e-17 0.255916666667
336 0.26 -2.77555756156e-17 0.257083333333
337 0.26 -2.77555756156e-17 0.2585
338 0.26 -2.77555756156e-17 0.257916666667
339 0.26 -2.77555756156e-17 0.258083333333
340 0.26 -2.77555756156e-17 0.258666666667
341 0.26 -2.77555756156e-17 0.258
342 0.26 -2.77555756156e-17 0.257333333333
343 0.26 -2.77555756156e-17 0.25675
344 0.26 -2.77555756156e-17 0.257583333333
345 0.26 -2.77555756156e-17 0.257583333333
346 0.26 -2.77555756156e-17 0.256583333333
347 0.26 -2.77555756156e-17 0.257916666667
348 0.26 -2.77555756156e-17 0.258
349 0.26 0.05 0.259
350 0.26 0.1 0.259916666667
351 0.26 0.15 0.258
352 0.26 0.2 0.255083333333
353 0.26 0.25 0.25225
354 0.26 0.3 0.253916666667
355 0.26 0.35 0.253833333333
356 0.26 0.4 0.254666666667
357 0.26 0.4 0.257333333333
358 0.26 0.4 0.258083333333
359 0.26 0.4 0.263916666667
360 0.26 0.4 0.27625
361 0.26 0.4 0.275333333333
362 0.26 0.4 0.263583333333
363 0.26 0.4 0.250916666667
364 0.26 0.4 0.249333333333
365 0.26 0.4 0.249666666667
366 0.26 0.4 0.253666666667
367 0.26 0.4 0.265416666667
368 0.26 0.4 0.265666666667
369 0.26 0.4 0.266416666667
370 0.26 0.4 0.2655
371 0.26 0.4 0.25975
372 0.26 0.4 0.250583333333
373 0.26 0.4 0.250166666667
374 0.26 0.4 0.245666666667
375 0.26 0.4 0.2345
376 0.26 0.4 0.242083333333
377 0.26 0.4 0.257416666667
378 0.26 0.4 0.259666666667
379 0.26 0.4 0.260583333333
380 0.26 0.4 0.2615
381 0.26 0.4 0.260583333333
382 0.26 0.4 0.262166666667
383 0.26 0.4 0.262666666667
384 0.26 0.4 0.261416666667
385 0.26 0.45 0.26375
386 0.26 0.5 0.275583333333
387 0.26 0.5 0.276
388 0.26 0.5 0.281583333333
389 0.26 0.5 0.291666666667
390 0.26 0.5 0.291666666667
391 0.26 0.5 0.291666666667
392 0.26 0.5 0.291666666667
393 0.26 0.5 0.291666666667
394 0.26 0.5 0.291666666667
395 0.26 0.5 0.291666666667
396 0.26 0.5 0.291666666667
397 0.26 0.5 0.291666666667
398 0.26 0.5 0.291666666667
399 0.26 0.5 0.291666666667
400 0.26 0.5 0.291666666667
401 0.26 0.5 0.291666666667
402 0.26 0.5 0.291666666667
403 0.26 0.4 0.291666666667
404 0.26 0.35 0.291666666667
405 0.26 0.3 0.291666666667
406 0.26 0.2 0.291666666667
407 0.26 0.15 0.291666666667
408 0.26 0.1 0.291666666667
409 0.26 0.1 0.291666666667
410 0.26 0.1 0.291666666667
411 0.26 0.1 0.291666666667
412 0.26 0.1 0.291666666667
413 0.26 0.1 0.291666666667
414 0.26 0.1 0.291666666667
415 0.26 0.1 0.291666666667
416 0.26 0.1 0.291666666667
417 0.26 0.05 0.291666666667
418 0.26 2.77555756156e-17 0.291666666667
419 0.26 2.77555756156e-17 0.291666666667
420 0.26 2.77555756156e-17 0.291666666667
421 0.26 2.77555756156e-17 0.291666666667
422 0.26 2.77555756156e-17 0.291666666667
423 0.26 2.77555756156e-17 0.291666666667
424 0.26 2.77555756156e-17 0.291666666667
425 0.26 -0.05 0.291666666667
426 0.26 -0.1 0.291666666667
427 0.26 -0.1 0.291666666667
428 0.26 -0.1 0.291666666667
429 0.26 -0.1 0.291666666667
430 0.26 -0.1 0.291666666667
431 0.26 -0.1 0.291666666667
432 0.26 -0.1 0.291666666667
433 0.26 -0.1 0.291666666667
434 0.26 -0.1 0.291666666667
435 0.26 -0.1 0.291666666667
436 0.26 2.77555756156e-17 0.291666666667
437 0.26 2.77555756156e-17 0.291666666667
438 0.26 2.77555756156e-17 0.291666666667
439 0.26 2.77555756156e-17 0.291666666667
440 0.26 2.77555756156e-17 0.291666666667
441 0.26 2.77555756156e-17 0.291666666667
442 0.26 2.77555756156e-17 0.291666666667
443 0.26 2.77555756156e-17 0.291666666667
444 0.26 2.77555756156e-17 0.291666666667
445 0.26 2.77555756156e-17 0.291666666667
446 0.26 2.77555756156e-17 0.291666666667
447 0.26 2.77555756156e-17 0.291666666667
448 0.26 2.77555756156e-17 0.291666666667
449 0.26 2.77555756156e-17 0.291666666667
450 0.26 2.77555756156e-17 0.291666666667
451 0.26 2.77555756156e-17 0.291666666667
452 0.26 2.77555756156e-17 0.291666666667
453 0.26 2.77555756156e-17 0.291666666667
454 0.26 2.77555756156e-17 0.291666666667
455 0.26 2.77555756156e-17 0.291666666667
456 0.26 2.77555756156e-17 0.291666666667
457 0.26 2.77555756156e-17 0.291666666667
458 0.26 2.77555756156e-17 0.291666666667
459 0.26 2.77555756156e-17 0.291666666667
460 0.26 2.77555756156e-17 0.291666666667
461 0.26 2.77555756156e-17 0.291666666667
462 0.26 2.77555756156e-17 0.291666666667
463 0.26 2.77555756156e-17 0.291666666667
464 0.26 2.77555756156e-17 0.291666666667
465 0.26 2.77555756156e-17 0.28975
466 0.26 2.77555756156e-17 0.28975
467 0.26 2.77555756156e-17 0.287833333333
468 0.26 2.77555756156e-17 0.284
469 0.26 2.77555756156e-17 0.282083333333
470 0.26 2.77555756156e-17 0.280833333333
471 0.26 2.77555756156e-17 0.27825
472 0.26 2.77555756156e-17 0.276333333333
473 0.26 -0.05 0.274416666667
474 0.26 -0.1 0.274416666667
475 0.26 -0.1 0.274416666667
476 0.26 -0.1 0.274416666667
477 0.26 -0.1 0.274416666667
478 0.26 -0.1 0.274416666667
479 0.26 -0.1 0.274416666667
480 0.26 -0.1 0.274416666667
481 0.26 -0.1 0.274416666667
482 0.26 -0.1 0.274416666667
483 0.26 -0.15 0.274416666667
484 0.26 -0.2 0.276333333333
485 0.26 -0.2 0.27825
486 0.26 -0.2 0.280166666667
487 0.26 -0.2 0.284
488 0.26 -0.2 0.285916666667
489 0.26 -0.2 0.28975
490 0.26 -0.2 0.291666666667
491 0.26 -0.2 0.291666666667
492 0.26 -0.2 0.291666666667
493 0.26 -0.2 0.291666666667
494 0.26 -0.2 0.291666666667
495 0.26 -0.2 0.291666666667
496 0.26 -0.2 0.291666666667
497 0.26 -0.25 0.291666666667
498 0.26 -0.3 0.291666666667
499 0.26 -0.3 0.291666666667
500 0.26 -0.3 0.291666666667
501 0.26 -0.3 0.291666666667
502 0.26 -0.3 0.291666666667
503 0.26 -0.35 0.291666666667
504 0.26 -0.4 0.291666666667
505 0.26 -0.4 0.291666666667
506 0.26 -0.4 0.291666666667
507 0.26 -0.4 0.291666666667
508 0.26 -0.3 0.291666666667
509 0.26 -0.25 0.291666666667
510 0.26 -0.2 0.291666666667
511 0.26 -0.2 0.291666666667
512 0.26 -0.1 0.291666666667
513 0.26 -0.05 0.291666666667
514 0.26 -2.77555756156e-17 0.291666666667
515 0.26 -2.77555756156e-17 0.291666666667
516 0.26 -2.77555756156e-17 0.291666666667
517 0.26 -2.77555756156e-17 0.291666666667
518 0.26 -2.77555756156e-17 0.291666666667
519 0.26 -2.77555756156e-17 0.291666666667
520 0.26 -2.77555756156e-17 0.291666666667
521 0.26 -2.77555756156e-17 0.291666666667
522 0.26 -2.77555756156e-17 0.291666666667
523 0.26 -2.77555756156e-17 0.291666666667
524 0.26 -2.77555756156e-17 0.291666666667
525 0.26 -2.77555756156e-17 0.291666666667
526 0.26 -2.77555756156e-17 0.291666666667
527 0.26 -2.77555756156e-17 0.291666666667
528 0.26 -2.77555756156e-17 0.291666666667
529 0.26 -2.77555756156e-17 0.291666666667
530 0.26 -2.77555756156e-17 0.291666666667
531 0.26 -2.77555756156e-17 0.291666666667
532 0.26 -2.77555756156e-17 0.291666666667
533 0.26 -2.77555756156e-17 0.291666666667
534 0.26 -2.77555756156e-17 0.291666666667
535 0.26 -2.77555756156e-17 0.291666666667
536 0.26 -2.77555756156e-17 0.291666666667
537 0.26 -2.77555756156e-17 0.291666666667
538 0.26 -2.77555756156e-17 0.291666666667
539 0.26 -2.77555756156e-17 0.291666666667
540 0.26 -2.77555756156e-17 0.291666666667
541 0.26 -2.77555756156e-17 0.291666666667
542 0.26 -2.77555756156e-17 0.291666666667
543 0.26 -2.77555756156e-17 0.291666666667
544 0.26 -2.77555756156e-17 0.291666666667
545 0.26 -2.77555756156e-17 0.291666666667
546 0.26 -2.77555756156e-17 0.291666666667
547 0.0 0.0 0.291666666667
548 0.0 0.0 0.291666666667
549 0.0 0.0 0.291666666667
550 0.0 0.0 0.291666666667
551 0.0 0.0 0.291666666667
552 0.0 0.0 0.291666666667
553 0.0 0.0 0.291666666667
554 0.0 0.0 0.291666666667
555 0.0 0.0 0.291666666667
556 0.0 0.0 0.291666666667
557 0.0 0.0 0.291666666667
558 0.0 0.0 0.291666666667
559 0.0 0.0 0.291666666667
560 0.0 0.0 0.291666666667
561 0.0 0.0 0.291666666667
562 0.0 0.0 0.291666666667
563 0.0 0.0 0.291666666667
564 0.0 0.0 0.291666666667
565 0.0 0.0 0.291666666667
566 0.0 0.0 0.291666666667
567 0.0 0.0 0.291666666667
568 0.0 0.0 0.291666666667
569 0.0 0.0 0.291666666667
570 0.0 0.0 0.291666666667
571 0.0 0.0 0.291666666667
572 0.0 0.0 0.291666666667
573 0.0 0.0 0.291666666667
574 0.0 0.0 0.291666666667
575 0.0 0.0 0.291666666667
576 0.0 0.0 0.291666666667
577 0.0 0.0 0.291666666667
578 0.0 0.0 0.291666666667
579 0.0 0.0 0.291666666667
580 0.0 0.0 0.291666666667
581 0.0 0.0 0.291666666667
582 0.0 0.0 0.291666666667
583 0.0 0.0 0.291666666667
584 0.0 0.0 0.291666666667
585 0.0 0.0 0.291666666667
586 0.0 0.0 0.291666666667
587 0.0 0.0 0.291666666667
588 0.0 0.0 0.291666666667
589 0.0 0.0 0.291666666667
590 0.0 0.0 0.291666666667
591 0.0 0.0 0.291666666667
592 0.0 0.0 0.291666666667
593 0.0 0.0 0.291666666667
594 0.0 0.0 0.291666666667
595 0.0 0.0 0.291666666667
596 0.0 0.0 0.291666666667
597 0.0 0.0 0.291666666667
598 0.0 0.0 0.291666666667
599 0.0 0.0 0.291666666667
600 0.0 0.0 0.291666666667
601 0.0 0.0 0.291666666667
602 0.0 0.0 0.291666666667
603 0.0 0.0 0.291666666667
604 0.0 0.0 0.291666666667
605 0.0 0.0 0.291666666667
606 0.0 0.0 0.291666666667
607 0.0 0.0 0.291666666667
608 0.0 0.0 0.291666666667
609 0.0 0.0 0.291666666667
610 0.0 0.0 0.291666666667
611 0.0 0.0 0.291666666667
