0 0.26 0.0 0.0
1 0.26 0.0 0.0
2 0.26 0.0 0.0
3 0.26 0.0 0.0
4 0.26 0.0 0.0
5 0.26 0.0 0.0
6 0.26 0.0 0.0
7 0.26 0.0 0.0
8 0.26 0.0 0.0
9 0.26 0.0 0.0
10 0.26 0.0 0.0
11 0.26 0.0 0.0
12 0.26 0.0 0.0
13 0.26 0.0 0.0
14 0.26 -0.1 0.0
15 0.26 -0.15 0.0
16 0.26 -0.2 0.0
17 0.26 -0.35 0.0
18 0.26 -0.4 0.0
19 0.26 -0.45 0.0
20 0.26 -0.5 0.0
21 0.26 -0.5 0.0
22 0.26 -0.5 0.0
23 0.26 -0.5 0.04375
24 0.26 -0.5 0.05
25 0.26 -0.5 0.0625
26 0.26 -0.5 0.075
27 0.0 0.0 0.04375
28 0.0 0.0 0.0
29 0.0 0.0 0.0
30 0.0 0.0 0.0
31 0.01 0.0 0.0
32 0.01 0.0 0.0
33 0.01 0.0 0.0
34 0.035 0.0 0.0
35 0.065 0.0 0.0
36 0.09 0.0 0.0
37 0.115 0.0 0.0
38 0.14 0.0 0.0
39 0.17 0.0 0.0
40 0.2 0.0 0.0
41 0.23 0.0 0.0
42 0.26 0.0 0.0
43 0.26 0.0 0.0
44 0.26 0.0 0.0
45 0.26 0.0 0.0
46 0.26 0.0 0.0
47 0.26 0.0 0.0
48 0.26 0.0 0.0
49 0.26 0.0 0.0
50 0.26 0.0 0.0
51 0.26 0.0 0.0
52 0.26 0.0 0.0
53 0.26 0.1 0.0
54 0.26 0.1 0.0
55 0.26 0.15 0.0
56 0.26 0.2 0.0
57 0.26 0.25 0.0
58 0.26 0.3 0.0
59 0.26 0.35 0.0
60 0.26 0.4 0.0
61 0.26 0.4 0.0
62 0.26 0.5 0.10625
63 0.26 0.5 0.24375
64 0.26 0.5 0.301666666667
65 0.26 0.5 0.29375
66 0.26 0.5 0.2875
67 0.26 0.5 0.24375
68 0.26 0.5 0.1125
69 0.26 0.5 0.0
70 0.0 0.0 0.09375
71 0.0 0.0 0.21875
72 0.0 0.0 0.34375
73 0.0 0.0 0.35625
74 0.005 0.0 0.35625
75 0.01 0.0 0.35625
76 0.01 0.0 0.35625
77 0.025 0.0 0.35625
78 0.05 0.0 0.35625
79 0.075 0.0 0.35625
80 0.105 0.0 0.35625
81 0.13 0.0 0.35625
82 0.155 0.0 0.35625
83 0.18 0.0 0.3625
84 0.21 0.0 0.36875
85 0.24 0.0 0.36875
86 0.26 0.0 0.36875
87 0.26 0.0 0.36875
88 0.26 0.0 0.36875
89 0.26 0.0 0.364916666667
90 0.26 0.0 0.3625
91 0.26 0.0 0.3625
92 0.26 0.0 0.35625
93 0.26 0.0 0.35625
94 0.26 0.0 0.35
95 0.26 0.0 0.35
96 0.26 0.0 0.3375
97 0.26 0.0 0.335166666667
98 0.26 0.0 0.331
99 0.26 0.0 0.320416666667
100 0.26 0.0 0.31875
101 0.26 0.0 0.30625
102 0.26 0.0 0.30625
103 0.26 0.0 0.29375
104 0.26 0.0 0.2875
105 0.26 0.0 0.2875
106 0.26 0.0 0.275
107 0.26 0.0 0.275
108 0.26 0.0 0.2625
109 0.26 0.0 0.25625
110 0.26 0.0 0.25
111 0.26 0.0 0.2375
112 0.26 0.0 0.2375
113 0.26 0.0 0.225
114 0.26 0.0 0.2125
115 0.26 0.0 0.2125
116 0.26 0.0 0.2
117 0.26 0.0 0.19375
118 0.26 0.0 0.1875
119 0.26 0.0 0.18125
120 0.26 0.0 0.16875
121 0.26 0.0 0.15625
122 0.26 0.0 0.15
123 0.26 0.0 0.1375
124 0.26 0.0 0.13125
125 0.26 0.0 0.11875
126 0.26 0.0 0.1125
127 0.26 0.1 0.09375
128 0.26 0.1 0.0875
129 0.26 0.2 0.075
130 0.26 0.2 0.075
131 0.26 0.25 0.06875
132 0.26 0.3 0.0625
133 0.26 0.4 0.0595
134 0.26 0.45 0.0625
135 0.26 0.5 0.0625
136 0.26 0.5 0.0
137 0.26 0.5 0.0
138 0.26 0.5 0.0
139 0.0 0.0 0.0
140 0.0 0.0 0.0
141 0.005 0.0 0.0
142 0.01 0.0 0.0
143 0.01 0.0 0.0
144 0.03 0.0 0.0
145 0.055 0.0 0.0
146 0.085 0.0 0.0
147 0.115 0.0 0.0
148 0.14 0.0 0.0
149 0.17 0.0 0.0
150 0.2 0.0 0.0
151 0.225 0.0 0.0
152 0.255 0.0 0.0
153 0.26 0.0 0.0
154 0.26 0.0 0.0
155 0.26 0.0 0.0
156 0.26 0.0 0.0
157 0.26 0.0 0.0
158 0.26 -0.05 0.0
159 0.26 -0.1 0.0
160 0.26 -0.15 0.0
161 0.26 -0.2 0.0
162 0.26 -0.25 0.0
163 0.26 -0.3 0.0
164 0.26 -0.4 0.0
165 0.26 -0.4 0.0
166 0.26 -0.5 0.0
167 0.26 -0.5 0.0
168 0.26 -0.5 0.0
169 0.26 -0.5 0.05625
170 0.26 -0.5 0.19375
171 0.0 0.0 0.325
172 0.0 0.0 0.46875
173 0.0 0.0 0.60625
174 0.01 0.0 0.625
175 0.01 0.0 0.625
176 0.01 0.0 0.625
177 0.035 0.0 0.625
178 0.065 0.0 0.63125
179 0.095 0.0 0.63125
180 0.12 0.0 0.625
181 0.15 0.0 0.6125
182 0.18 0.0 0.61875
183 0.195 0.0 0.625
184 0.205 0.0 0.625
185 0.215 0.0 0.625
186 0.225 0.0 0.63125
187 0.23 0.0 0.63125
188 0.24 0.0 0.63125
189 0.25 0.0 0.6375
190 0.26 0.0 0.6375
191 0.26 0.0 0.64375
192 0.26 0.0 0.65
193 0.26 0.0 0.651916666667
194 0.26 0.0 0.65625
195 0.26 0.0 0.6625
196 0.26 0.0 0.6645
197 0.26 0.0 0.66875
198 0.26 0.0 0.675
199 0.26 0.0 0.676416666667
200 0.26 0.0 0.68125
201 0.26 0.0 0.6875
202 0.26 0.0 0.69375
203 0.26 0.0 0.7
204 0.26 0.0 0.7
205 0.26 0.0 0.70625
206 0.26 0.0 0.7125
