0.1 0.0
0.12 0.0
0.145 0.0
0.17 0.0
0.175 0.0
0.185 0.0
0.19 0.0
0.2 0.0
0.205 0.0
0.215 0.0
0.22 0.0
0.23 0.0
0.235 0.0
0.245 0.0
0.25 0.0
0.26 0.0
0.26 0.0
0.26 0.0
0.26 0.0
0.26 0.0
0.26 0.0
0.26 0.0
0.26 0.0
0.26 0.0
0.26 0.0
0.26 0.0
0.26 0.0
0.26 0.0
0.26 0.0
0.26 0.0
0.26 0.0
0.26 0.0
0.26 0.0
0.26 0.0
0.26 0.0
0.26 0.0
0.26 -0.05
0.26 -0.1
0.26 -0.2
0.26 -0.2
0.26 -0.2
0.26 -0.3
0.26 -0.3
0.26 -0.3
0.26 -0.3
0.26 -0.3
0.26 -0.3
0.26 -0.3
0.26 -0.3
0.26 -0.3
0.26 -0.3
0.26 -0.3
0.26 -0.3
0.26 -0.3
0.26 -0.3
0.26 -0.3
0.26 -0.3
0.26 -0.3
0.26 -0.25
0.26 -0.2
0.26 -0.1
0.26 -0.05
0.26 -2.77555756156e-17
0.26 -2.77555756156e-17
0.26 -2.77555756156e-17
0.26 -2.77555756156e-17
0.26 0.1
0.26 0.1
0.26 0.1
0.26 0.1
0.26 0.1
0.26 0.1
0.26 0.1
0.26 0.1
0.26 0.1
0.26 0.1
0.26 0.1
0.26 0.1
0.26 0.1
0.26 0.1
0.26 0.1
0.26 0.15
0.26 0.2
0.26 0.2
0.26 0.2
0.26 0.2
0.26 0.2
0.26 0.2
0.26 0.2
0.26 0.2
0.26 0.2
0.26 0.2
0.26 0.2
0.26 0.1
0.26 0.1
0.26 0.05
0.26 -2.77555756156e-17
0.26 -2.77555756156e-17
0.26 -0.1
0.26 -0.15
0.26 -0.2
0.26 -0.25
0.26 -0.3
0.26 -0.3
0.26 -0.3
0.26 -0.3
0.26 -0.3
0.26 -0.3
0.26 -0.2
0.26 -0.2
0.26 -0.1
0.26 -0.05
0.26 0.05
0.26 0.1
0.26 0.2
0.26 0.2
0.26 0.2
0.26 0.2
0.26 0.2
0.26 0.2
0.26 0.2
0.26 0.2
0.26 0.2
0.26 0.2
0.26 0.2
0.26 0.2
0.26 0.2
0.26 0.2
0.26 0.2
0.26 0.2
0.26 0.15
0.26 0.1
0.26 -2.77555756156e-17
0.26 -2.77555756156e-17
0.26 -2.77555756156e-17
0.26 -2.77555756156e-17
0.26 -2.77555756156e-17
0.26 -2.77555756156e-17
0.26 -2.77555756156e-17
0.26 -2.77555756156e-17
0.26 -2.77555756156e-17
0.26 -2.77555756156e-17
0.26 -2.77555756156e-17
0.26 -2.77555756156e-17
0.26 -2.77555756156e-17
0.26 -2.77555756156e-17
0.26 -2.77555756156e-17
0.26 -2.77555756156e-17
0.26 -2.77555756156e-17
0.26 -2.77555756156e-17
0.26 -2.77555756156e-17
0.26 -2.77555756156e-17
0.26 -2.77555756156e-17
0.26 -2.77555756156e-17
0.26 -2.77555756156e-17
0.26 -2.77555756156e-17
0.26 -2.77555756156e-17
0.26 -2.77555756156e-17
0.26 -2.77555756156e-17
0.26 -2.77555756156e-17
0.26 -2.77555756156e-17
0.26 -2.77555756156e-17
0.26 -2.77555756156e-17
0.26 -2.77555756156e-17
0.26 -2.77555756156e-17
0.26 -2.77555756156e-17
0.26 -2.77555756156e-17
0.26 -2.77555756156e-17
0.26 -2.77555756156e-17
0.26 -2.77555756156e-17
0.26 -2.77555756156e-17
0.26 -2.77555756156e-17
0.26 -2.77555756156e-17
0.26 -2.77555756156e-17
0.26 -2.77555756156e-17
0.26 -2.77555756156e-17
0.26 -2.77555756156e-17
0.26 -2.77555756156e-17
0.26 -2.77555756156e-17
0.26 -2.77555756156e-17
0.26 -2.77555756156e-17
0.26 -2.77555756156e-17
0.26 -2.77555756156e-17
0.26 -2.77555756156e-17
0.26 -2.77555756156e-17
0.26 -2.77555756156e-17
0.26 -2.77555756156e-17
0.26 -2.77555756156e-17
0.26 -2.77555756156e-17
0.26 -2.77555756156e-17
0.26 -2.77555756156e-17
0.26 -2.77555756156e-17
0.26 -2.77555756156e-17
