0 0.26 0.0 0.0
1 0.26 0.0 0.0
2 0.26 0.0 0.0
3 0.26 0.05 0.0
4 0.26 0.1 0.0
5 0.26 0.2 0.0
6 0.26 0.3 0.0
7 0.26 0.35 0.0
8 0.26 0.4 0.00625
9 0.26 0.4 0.10625
10 0.26 0.4 0.21875
11 0.26 0.4 0.3375
12 0.26 0.4 0.45625
13 0.26 0.4 0.55625
14 0.26 0.4 0.6745
15 0.26 0.4 0.625
16 0.26 0.4 0.508916666667
17 0.0 0.0 0.4375
18 0.0 0.0 0.263583333333
19 0.0 0.0 0.0
20 0.01 0.0 0.0
21 0.01 0.0 0.0
22 0.025 0.0 0.0
23 0.055 0.0 0.0
24 0.085 0.0 0.0
25 0.115 -0.05 0.0
26 0.125 -0.1 0.0
27 0.135 -0.1 0.0
28 0.145 -0.1 0.0
29 0.155 -0.1 0.0
30 0.17 -0.1 0.0
31 0.2 -0.1 0.0
32 0.225 -0.1 0.0
33 0.245 -0.1 0.0
34 0.26 -0.2 0.0
35 0.26 -0.2 0.0
36 0.26 -0.2 0.0
37 0.26 -0.2 0.0
38 0.26 -0.2 0.0
39 0.26 -0.2 0.0
40 0.26 -0.2 0.0
41 0.26 -0.2 0.0
42 0.26 -0.2 0.0
43 0.26 -0.2 0.0
44 0.26 -0.2 0.0
45 0.26 -0.2 0.0
46 0.26 -0.2 0.0
47 0.26 -0.2 0.0
48 0.26 -0.2 0.0
49 0.26 -0.2 0.0
50 0.26 -0.2 0.03125
51 0.26 -0.2 0.0270833333333
52 0.26 -0.2 0.0204166666667
53 0.26 -0.15 0.0138333333333
54 0.26 -0.1 0.00141666666667
55 0.26 -0.1 0.00125
56 0.26 -0.1 0.00125
57 0.26 -0.1 0.00166666666667
58 0.26 -0.1 0.00208333333333
59 0.26 -0.1 0.0265833333333
60 0.26 -0.1 0.0510833333333
61 0.26 -0.1 0.0879166666667
62 0.26 -0.1 0.118916666667
63 0.26 -0.1 0.15625
64 0.26 -0.1 0.1875
65 0.26 -0.1 0.2125
66 0.26 -0.1 0.25
67 0.26 -0.1 0.28125
68 0.26 -0.1 0.30625
69 0.26 -0.1 0.3375
70 0.26 -0.1 0.36875
71 0.26 -0.1 0.3875
72 0.26 -0.1 0.425
73 0.26 -0.1 0.4625
74 0.26 -0.1 0.5
75 0.26 0.0 0.5375
76 0.26 0.0 0.542666666667
77 0.26 0.0 0.448
78 0.26 0.0 0.336083333333
79 0.26 0.0 0.265916666667
80 0.26 0.0 0.173166666667
81 0.26 0.0 0.0973333333333
82 0.26 0.0 0.0
83 0.26 0.0 0.0
84 0.26 0.0 0.0
85 0.26 0.0 0.0
86 0.26 0.0 0.0
87 0.26 0.0 0.0
88 0.26 0.0 0.0
89 0.26 0.0 0.0
90 0.26 0.0 0.0
91 0.26 0.0 0.0
92 0.26 0.0 0.0
93 0.26 0.0 0.0
94 0.26 0.0 0.0
95 0.26 0.0 0.0
96 0.26 0.0 0.0
97 0.26 0.0 0.0
98 0.26 0.0 0.0
99 0.26 0.0 0.0
100 0.26 0.0 0.0
101 0.26 0.0 0.0
102 0.26 0.0 0.0
103 0.26 0.0 0.0
104 0.26 0.0 0.0
105 0.26 0.0 0.0
106 0.26 0.0 0.0
107 0.26 0.0 0.0
108 0.26 0.0 0.0
109 0.26 0.0 0.0
110 0.26 0.0 0.0
111 0.26 0.0 0.0
112 0.26 0.0 0.0
113 0.26 0.0 0.0
114 0.26 0.0 0.0
115 0.26 0.0 0.0
116 0.26 0.0 0.0
117 0.26 0.0 0.0
118 0.26 -0.1 0.0
119 0.26 -0.15 0.0
120 0.26 -0.2 0.0
121 0.26 -0.3 0.0
122 0.26 -0.35 0.0
123 0.26 -0.4 0.0
124 0.26 -0.4 0.0
125 0.26 -0.4 0.0
126 0.26 -0.4 0.0
127 0.26 -0.4 0.0
128 0.26 -0.4 0.0
129 0.26 -0.4 0.0
130 0.26 -0.4 0.0
131 0.26 -0.4 0.0
132 0.26 -0.4 0.0
133 0.26 -0.4 0.0
134 0.26 -0.4 0.0
135 0.26 -0.4 0.01875
136 0.26 -0.4 0.110833333333
137 0.26 -0.4 0.123083333333
138 0.26 -0.4 0.129583333333
139 0.26 -0.4 0.125833333333
140 0.26 -0.4 0.141916666667
141 0.26 -0.4 0.23375
142 0.26 -0.4 0.29675
143 0.26 -0.4 0.42225
144 0.26 -0.4 0.353333333333
145 0.0 0.0 0.280333333333
146 0.0 0.0 0.29425
147 0.005 0.0 0.235333333333
148 0.01 0.0 0.0
149 0.01 0.0 0.0
150 0.04 0.0 0.0
151 0.07 0.0 0.0
152 0.105 0.0 0.0
153 0.14 0.0 0.0
154 0.17 0.0 0.0
155 0.21 0.0 0.0
156 0.245 0.0 0.0
157 0.26 0.0 0.0
158 0.26 0.0 0.0
159 0.26 0.0 0.0
160 0.26 0.0 0.0
161 0.26 0.0 0.0
162 0.26 0.0 0.0
163 0.26 0.0 0.0
164 0.26 0.0 0.0
165 0.26 0.0 0.0
166 0.26 0.0 0.0
167 0.26 -0.1 0.0
168 0.26 -0.1 0.0
169 0.26 -0.1 0.0
170 0.26 -0.1 0.0
171 0.26 -0.1 0.0
172 0.26 -0.1 0.0
173 0.26 -0.1 0.0
174 0.26 -0.1 0.0
175 0.26 -0.1 0.0
176 0.26 -0.1 0.0
177 0.26 -0.1 0.0
178 0.26 -0.1 0.0
179 0.26 -0.1 0.0
180 0.26 -0.1 0.0
181 0.26 -0.1 0.0
182 0.26 -0.1 0.0
183 0.26 -0.1 0.0
184 0.26 -0.1 0.0
185 0.26 -0.1 0.0
186 0.26 -0.05 0.0
187 0.26 0.05 0.0
188 0.26 0.1 0.0
189 0.26 0.1 0.0
190 0.26 0.1 0.0
191 0.26 0.1 0.0
192 0.26 0.1 0.0
193 0.26 0.1 0.0
194 0.26 0.1 0.0
195 0.26 0.1 0.0
196 0.26 0.1 0.0
197 0.26 0.1 0.0
198 0.26 0.1 0.0
199 0.26 0.1 0.0
200 0.26 0.1 0.0
201 0.26 0.1 0.0
202 0.26 0.1 0.0
203 0.26 0.1 0.0
204 0.26 0.1 0.0
205 0.26 0.0 0.0
206 0.26 0.0 0.0
207 0.26 -0.1 0.0
208 0.26 -0.25 0.0
209 0.26 -0.35 0.0
210 0.26 -0.4 0.0
211 0.26 -0.4 0.0
212 0.26 -0.4 0.0
213 0.26 -0.4 0.0
214 0.26 -0.4 0.0
215 0.26 -0.4 0.0
216 0.26 -0.4 0.0
217 0.26 -0.4 0.0
218 0.26 -0.4 0.0
219 0.26 -0.4 0.0
220 0.26 -0.4 0.0
221 0.26 -0.4 0.0
222 0.26 -0.4 0.0
223 0.26 -0.4 0.075
224 0.26 -0.4 0.19375
225 0.26 -0.4 0.2235
226 0.26 -0.4 0.354083333333
227 0.26 -0.4 0.447416666667
228 0.26 -0.4 0.57125
229 0.0 0.0 0.5935
230 0.0 0.0 0.5915
231 0.0 0.0 0.72175
232 0.005 0.0 0.75
233 0.01 0.0 0.75
234 0.01 0.0 0.75
235 0.045 0.0 0.75
236 0.08 0.0 0.75
237 0.105 0.0 0.75
238 0.135 0.0 0.75
239 0.17 0.0 0.718833333333
240 0.205 0.0 0.678583333333
241 0.235 0.0 0.652166666667
242 0.26 0.0 0.601
243 0.26 0.0 0.583083333333
244 0.26 0.0 0.577583333333
245 0.26 0.0 0.571333333333
246 0.26 0.0 0.569916666667
247 0.26 0.0 0.563833333333
248 0.26 0.0 0.562083333333
249 0.26 0.0 0.555583333333
250 0.26 0.0 0.554
251 0.26 0.0 0.548083333333
252 0.26 0.0 0.5465
253 0.26 0.0 0.54525
254 0.26 0.0 0.538583333333
255 0.26 0.0 0.5375
256 0.26 0.0 0.530833333333
257 0.26 0.0 0.529
258 0.26 0.0 0.521916666667
259 0.26 0.0 0.520166666667
260 0.26 0.0 0.5175
261 0.26 0.0 0.515333333333
262 0.26 0.0 0.508333333333
263 0.26 0.0 0.5065
264 0.26 0.0 0.503
265 0.26 0.0 0.500416666667
266 0.26 0.0 0.4975
267 0.26 0.0 0.428666666667
268 0.26 0.0 0.345583333333
269 0.26 0.0 0.242416666667
270 0.26 0.0 0.1275
271 0.26 0.0 0.0270833333333
272 0.26 0.0 0.00733333333333
273 0.26 0.0 0.00316666666667
274 0.26 0.0 0.000583333333333
275 0.26 0.0 0.0
276 0.26 0.0 0.0
277 0.26 0.0 0.0
278 0.26 0.0 0.0
279 0.26 0.0 0.0
280 0.26 0.0 0.0
281 0.26 0.0 0.0
282 0.26 0.0 0.0
283 0.26 0.0 0.0
284 0.26 0.0 0.0
285 0.26 0.0 0.0
286 0.26 0.0 0.0
287 0.26 0.0 0.0
288 0.26 0.0 0.0
289 0.26 0.0 0.0
290 0.26 0.0 0.0
291 0.26 0.0 0.0
292 0.26 0.0 0.0
293 0.26 0.0 0.0
294 0.26 0.0 0.0
295 0.26 0.0 0.0
296 0.26 0.0 0.0
297 0.26 0.0 0.0
298 0.26 0.0 0.0
299 0.26 0.0 0.0
