0 0.26 0.0 0.0
1 0.26 0.0 0.0
2 0.26 0.1 0.0
3 0.26 0.15 0.0
4 0.26 0.2 0.0
5 0.26 0.25 0.0
6 0.26 0.3 0.0
7 0.26 0.3 0.05
8 0.26 0.4 0.1375
9 0.26 0.4 0.30625
10 0.26 0.4 0.4
11 0.26 0.4 0.54375
12 0.26 0.4 0.63125
13 0.26 0.4 0.679416666667
14 0.26 0.4 0.56875
15 0.26 0.4 0.43125
16 0.26 0.4 0.35
17 0.0 0.0 0.225
18 0.0 0.0 0.0650833333333
19 0.0 0.0 0.0
20 0.01 0.0 0.0
21 0.01 0.0 0.0
22 0.01 -0.05 0.0
23 0.01 -0.1 0.0
24 0.01 -0.15 0.0
25 0.01 -0.5 0.0
26 0.01 -0.8 0.0
27 0.01 -1.2 0.0
28 0.01 -1.6 0.0
29 0.01 -1.7 0.0
30 0.01 -1.75 0.0
31 0.0 0.0 0.0
32 0.0 0.0 0.337333333333
33 0.0 0.0 0.49375
34 0.01 0.0 0.599
35 0.01 0.0 0.675
36 0.02 0.0 0.65
37 0.05 0.0 0.60625
38 0.08 0.0 0.569666666667
39 0.115 0.0 0.557916666667
40 0.145 0.0 0.569583333333
41 0.17 0.0 0.57625
42 0.205 0.0 0.569
43 0.24 0.0 0.562083333333
44 0.255 0.0 0.55475
45 0.26 0.0 0.5405
46 0.26 0.05 0.536333333333
47 0.26 0.1 0.528
48 0.26 0.1 0.523416666667
49 0.26 0.1 0.519916666667
50 0.26 0.1 0.51575
51 0.26 0.1 0.51075
52 0.26 0.1 0.440916666667
53 0.26 0.1 0.362916666667
54 0.26 0.1 0.30325
55 0.26 0.1 0.206833333333
56 0.26 0.1 0.125
57 0.26 0.1 0.08675
58 0.26 0.1 0.0424166666667
59 0.26 0.1 0.0246666666667
60 0.26 0.1 0.00941666666667
61 0.26 0.1 0.0005
62 0.26 0.1 0.0
63 0.26 0.1 0.0
64 0.26 0.1 0.0
65 0.26 0.1 0.0
66 0.26 0.1 0.0
67 0.26 0.1 0.0
68 0.26 0.1 0.0
69 0.26 0.1 0.0
70 0.26 0.1 0.0
71 0.26 0.1 0.0
72 0.26 0.1 0.0
73 0.26 0.1 0.0
74 0.26 0.1 0.0
75 0.26 0.1 0.0
76 0.26 0.1 0.0
77 0.26 0.1 0.0
78 0.26 0.1 0.0
79 0.26 0.1 0.0
80 0.26 0.05 0.0
81 0.26 0.0 0.0
82 0.26 0.0 0.0
83 0.26 0.0 0.0
84 0.26 0.0 0.0
85 0.26 0.0 0.0
86 0.26 0.0 0.0
87 0.26 0.0 0.0
88 0.26 0.0 0.0
89 0.26 0.0 0.0
90 0.26 0.0 0.0
91 0.26 0.0 0.0
92 0.26 0.0 0.0
93 0.26 0.0 0.0
94 0.26 0.0 0.0
95 0.26 0.0 0.0
96 0.26 0.0 0.0
97 0.26 0.0 0.0
98 0.26 0.0 0.0
99 0.26 0.0 0.0
100 0.26 0.0 0.0
101 0.26 0.0 0.0
102 0.26 0.0 0.0
103 0.26 0.0 0.0
104 0.26 0.0 0.0
105 0.26 0.0 0.0
106 0.26 0.0 0.0
107 0.26 0.0 0.0
108 0.26 0.0 0.0
109 0.26 0.0 0.0
110 0.26 -0.1 0.0
111 0.26 -0.1 0.0
112 0.26 -0.1 0.0
113 0.26 -0.1 0.0
114 0.26 -0.1 0.0
115 0.26 -0.1 0.0
116 0.26 -0.2 0.0
117 0.26 -0.2 0.0
118 0.26 -0.2 0.0
119 0.26 -0.2 0.0
120 0.26 -0.2 0.0
121 0.26 -0.2 0.0
122 0.26 -0.2 0.0
123 0.26 -0.3 0.0
124 0.26 -0.3 0.0
125 0.26 -0.5 0.0
126 0.26 -0.8 0.0
127 0.26 -0.85 0.0
128 0.26 -1.0 0.0
129 0.26 -1.1 0.0
130 0.26 -1.2 0.0
131 0.26 -1.3 0.0
132 0.0 0.0 0.0
133 0.005 0.0 0.00766666666667
134 0.01 0.0 0.02175
135 0.01 0.0 0.0216666666667
136 0.03 0.0 0.0215
137 0.06 0.0 0.0210833333333
138 0.095 0.0 0.0201666666667
139 0.125 0.0 0.0190833333333
140 0.155 0.0 0.01825
141 0.17 0.0 0.017
142 0.175 0.0 0.0145833333333
143 0.19 0.0 0.0125833333333
144 0.2 0.0 0.0110833333333
145 0.205 0.0 0.009
146 0.22 0.0 0.00716666666667
147 0.225 0.0 0.00591666666667
148 0.235 0.0 0.00441666666667
149 0.24 0.0 0.00358333333333
150 0.25 0.1 0.00216666666667
151 0.26 0.1 0.000166666666667
152 0.26 0.1 0.0
153 0.26 0.1 0.0
154 0.26 0.1 0.0
155 0.26 0.1 0.0
156 0.26 0.1 0.0
157 0.26 0.1 0.0
158 0.26 0.1 0.0
159 0.26 0.1 0.0
160 0.26 0.1 0.0
161 0.26 0.1 0.0
162 0.26 0.1 0.0
163 0.26 0.1 0.0
164 0.26 0.1 0.0
165 0.26 0.1 0.0
166 0.26 0.1 0.0
167 0.26 0.1 0.0
168 0.26 0.0 0.0
169 0.26 -0.05 0.0
170 0.26 -0.15 0.0
171 0.26 -0.25 0.0
172 0.26 -0.3 0.0
173 0.26 -0.3 0.0
174 0.26 -0.3 0.0
175 0.26 -0.3 0.0
176 0.26 -0.3 0.0
177 0.26 -0.3 0.0
178 0.26 -0.3 0.0
179 0.26 -0.3 0.0
180 0.26 -0.3 0.0
181 0.26 -0.3 0.0
182 0.26 -0.3 0.0
183 0.26 -0.3 0.04075
184 0.26 -0.3 0.07725
185 0.26 -0.3 0.08825
186 0.26 -0.3 0.101083333333
187 0.26 -0.3 0.117333333333
188 0.26 -0.3 0.1695
189 0.26 -0.3 0.24875
190 0.26 -0.3 0.31
191 0.26 -0.3 0.396666666667
192 0.26 -0.3 0.474666666667
193 0.26 -0.3 0.563083333333
194 0.0 0.0 0.65075
195 0.0 0.0 0.63075
196 0.0 0.0 0.57325
197 0.01 0.0 0.467083333333
198 0.01 0.0 0.30775
199 0.025 0.0 0.173916666667
200 0.055 0.0 0.142416666667
201 0.085 0.0 0.1195
202 0.12 0.0 0.0758333333333
203 0.15 0.0 0.0389166666667
204 0.18 0.0 0.0291666666667
205 0.215 0.0 0.0244166666667
206 0.23 0.0 0.0194166666667
207 0.25 -0.1 0.0120833333333
208 0.255 -0.1 0.00491666666667
209 0.26 -0.1 0.0
210 0.26 -0.1 0.0
211 0.26 -0.1 0.0
212 0.26 -0.1 0.0
213 0.26 -0.1 0.0
214 0.26 -0.1 0.0
215 0.26 -0.1 0.0
216 0.26 -0.1 0.0
217 0.26 -0.1 0.0
218 0.26 -0.1 0.0
219 0.26 -0.1 0.0
220 0.26 -0.1 0.0
221 0.26 -0.1 0.0
222 0.26 -0.1 0.0
223 0.26 -0.1 0.0
224 0.26 -0.1 0.0
225 0.26 -0.1 0.0
226 0.26 -0.1 0.0
227 0.26 -0.1 0.0
228 0.26 -0.1 0.0
229 0.26 -0.1 0.0
230 0.26 -0.1 0.0
231 0.26 -0.1 0.0
232 0.26 -0.1 0.0
233 0.26 -0.1 0.0
234 0.26 -0.1 0.0
235 0.26 -0.1 0.0
236 0.26 -0.1 0.0
237 0.26 -0.1 0.0
238 0.26 -0.1 0.0
239 0.26 -0.1 0.0
240 0.26 -0.1 0.0
241 0.26 -0.1 0.0
242 0.26 -0.1 0.0
243 0.26 -0.1 0.0
244 0.26 -0.1 0.0
245 0.26 -0.1 0.0
246 0.26 -0.1 0.0
247 0.26 -0.1 0.0
248 0.26 -0.05 0.0
249 0.26 0.0 0.0
250 0.26 0.0 0.0
251 0.26 0.0 0.0
252 0.26 0.0 0.0
253 0.26 0.0 0.0
254 0.26 0.0 0.0
255 0.26 0.0 0.0
256 0.26 0.0 0.0
257 0.26 0.0 0.0
258 0.26 0.0 0.0
259 0.26 0.0 0.0
260 0.26 0.0 0.0
261 0.26 0.0 0.0
262 0.26 -0.05 0.0
263 0.26 -0.1 0.0
264 0.26 -0.1 0.0
265 0.26 -0.1 0.0
266 0.26 -0.1 0.0
267 0.26 -0.1 0.0
268 0.26 -0.1 0.0
269 0.26 -0.1 0.0
270 0.26 -0.1 0.0
271 0.26 -0.1 0.0
272 0.26 -0.1 0.0
273 0.26 -0.1 0.0
274 0.26 -0.2 0.0
275 0.26 -0.2 0.0
276 0.26 -0.2 0.0
277 0.26 -0.2 0.0
278 0.26 -0.2 0.0
279 0.26 -0.2 0.0
280 0.26 -0.2 0.025
281 0.26 -0.2 0.08125
282 0.26 -0.2 0.1375
283 0.26 -0.2 0.137583333333
284 0.26 -0.2 0.1375
285 0.26 -0.2 0.1255
286 0.26 -0.2 0.146916666667
287 0.26 -0.2 0.196666666667
288 0.26 -0.2 0.252416666667
289 0.26 -0.2 0.29
290 0.26 -0.2 0.33325
291 0.26 -0.2 0.372
292 0.26 -0.2 0.432666666667
293 0.26 -0.2 0.48225
294 0.26 -0.2 0.494416666667
295 0.26 -0.2 0.569166666667
296 0.26 -0.2 0.617416666667
297 0.26 -0.2 0.642
298 0.26 -0.2 0.611416666667
299 0.26 -0.2 0.559916666667
300 0.26 -0.2 0.520583333333
301 0.26 -0.2 0.42275
302 0.26 -0.2 0.2955
303 0.26 -0.2 0.18175
304 0.26 -0.2 0.106666666667
305 0.26 -0.15 0.0481666666667
