0 0.12 0.0 0.270916666667
1 0.145 0.0 0.27025
2 0.17 0.0 0.269833333333
3 0.19 0.0 0.268833333333
4 0.215 0.0 0.268166666667
5 0.235 0.0 0.267666666667
6 0.26 0.0 0.26575
7 0.26 0.0 0.264
8 0.26 0.0 0.263083333333
9 0.26 0.0 0.261166666667
10 0.26 0.0 0.260916666667
11 0.26 -0.05 0.259416666667
12 0.26 -0.1 0.258
13 0.26 -0.15 0.25575
14 0.26 -0.2 0.2545
15 0.26 -0.2 0.253333333333
16 0.26 -0.3 0.252083333333
17 0.26 -0.3 0.252083333333
18 0.26 -0.35 0.251666666667
19 0.26 -0.4 0.252083333333
20 0.26 -0.4 0.25325
21 0.26 -0.4 0.243166666667
22 0.26 -0.4 0.2515
23 0.26 -0.4 0.25125
24 0.26 -0.4 0.250166666667
25 0.26 -0.4 0.250583333333
26 0.26 -0.4 0.258333333333
27 0.26 -0.4 0.251083333333
28 0.26 -0.4 0.25675
29 0.26 -0.4 0.257083333333
30 0.26 -0.4 0.256583333333
31 0.26 -0.4 0.2545
32 0.26 -0.4 0.256416666667
33 0.26 -0.4 0.263833333333
34 0.26 -0.3 0.261
35 0.26 -0.3 0.260333333333
36 0.26 -0.3 0.260416666667
37 0.26 -0.3 0.26
38 0.26 -0.3 0.260166666667
39 0.26 -0.3 0.25925
40 0.26 -0.3 0.259083333333
41 0.26 -0.3 0.268666666667
42 0.26 -0.2 0.275083333333
43 0.26 -0.2 0.275166666667
44 0.26 -0.2 0.275666666667
45 0.26 -0.2 0.277
46 0.26 -0.2 0.276083333333
47 0.26 -0.2 0.276666666667
48 0.26 -0.2 0.27675
49 0.26 -0.2 0.277
50 0.26 -0.2 0.277
51 0.26 -0.2 0.277083333333
52 0.26 -0.2 0.277
53 0.26 -0.2 0.2805
54 0.26 -0.2 0.289583333333
55 0.26 -0.2 0.291666666667
56 0.26 -0.2 0.291666666667
57 0.26 -0.2 0.291666666667
58 0.26 -0.2 0.291666666667
59 0.26 -0.2 0.291666666667
60 0.26 -0.2 0.291666666667
61 0.26 -0.2 0.291666666667
62 0.26 -0.2 0.291666666667
63 0.26 -0.2 0.291666666667
64 0.26 -0.2 0.291666666667
65 0.26 -0.2 0.291666666667
66 0.26 -0.2 0.291666666667
67 0.26 -0.2 0.291666666667
68 0.26 -0.2 0.291666666667
69 0.26 -0.1 0.291666666667
70 0.26 -0.1 0.291666666667
71 0.26 -0.1 0.291666666667
72 0.26 -0.1 0.291666666667
73 0.26 -0.1 0.291666666667
74 0.26 -0.1 0.291666666667
75 0.26 -0.1 0.291666666667
76 0.26 -0.1 0.291666666667
77 0.26 -0.1 0.291666666667
78 0.26 -0.1 0.291666666667
79 0.26 -0.1 0.291666666667
80 0.26 -0.1 0.291666666667
81 0.26 -0.1 0.291666666667
82 0.26 -0.05 0.291666666667
83 0.26 -2.77555756156e-17 0.291666666667
84 0.26 -2.77555756156e-17 0.291666666667
85 0.26 -2.77555756156e-17 0.291666666667
86 0.26 -2.77555756156e-17 0.291666666667
87 0.26 -2.77555756156e-17 0.291666666667
88 0.26 -2.77555756156e-17 0.291666666667
89 0.26 -2.77555756156e-17 0.291666666667
90 0.26 -2.77555756156e-17 0.291666666667
91 0.26 -2.77555756156e-17 0.291666666667
92 0.26 -2.77555756156e-17 0.291666666667
93 0.26 -2.77555756156e-17 0.291666666667
94 0.26 -2.77555756156e-17 0.291666666667
95 0.26 -2.77555756156e-17 0.291666666667
96 0.26 -2.77555756156e-17 0.291666666667
97 0.26 -2.77555756156e-17 0.291666666667
98 0.26 -2.77555756156e-17 0.291666666667
99 0.26 -2.77555756156e-17 0.291666666667
100 0.26 -2.77555756156e-17 0.291666666667
101 0.26 -2.77555756156e-17 0.291666666667
102 0.26 -2.77555756156e-17 0.291666666667
103 0.26 -2.77555756156e-17 0.291666666667
104 0.26 -2.77555756156e-17 0.291666666667
105 0.26 -2.77555756156e-17 0.291666666667
106 0.26 -2.77555756156e-17 0.291666666667
107 0.26 -2.77555756156e-17 0.291666666667
108 0.26 -2.77555756156e-17 0.291666666667
109 0.26 -2.77555756156e-17 0.291666666667
110 0.26 -2.77555756156e-17 0.291666666667
111 0.26 -2.77555756156e-17 0.291666666667
112 0.26 -2.77555756156e-17 0.291666666667
113 0.26 -2.77555756156e-17 0.291666666667
114 0.26 -2.77555756156e-17 0.291666666667
115 0.26 -2.77555756156e-17 0.291666666667
116 0.26 -2.77555756156e-17 0.291666666667
117 0.26 -2.77555756156e-17 0.291666666667
118 0.26 -2.77555756156e-17 0.291666666667
119 0.26 -2.77555756156e-17 0.291666666667
120 0.26 -2.77555756156e-17 0.291666666667
121 0.26 -2.77555756156e-17 0.291666666667
122 0.26 -2.77555756156e-17 0.291666666667
123 0.26 -2.77555756156e-17 0.291666666667
124 0.26 -2.77555756156e-17 0.291666666667
125 0.26 -2.77555756156e-17 0.291666666667
126 0.26 -2.77555756156e-17 0.291666666667
127 0.26 -2.77555756156e-17 0.291666666667
128 0.26 -2.77555756156e-17 0.291666666667
129 0.26 -2.77555756156e-17 0.291666666667
130 0.26 -2.77555756156e-17 0.291666666667
131 0.26 -2.77555756156e-17 0.291666666667
132 0.26 -2.77555756156e-17 0.291666666667
133 0.26 -2.77555756156e-17 0.291666666667
134 0.26 -2.77555756156e-17 0.291666666667
135 0.26 -2.77555756156e-17 0.291666666667
136 0.26 -2.77555756156e-17 0.291666666667
137 0.26 -2.77555756156e-17 0.291666666667
138 0.26 -2.77555756156e-17 0.291666666667
139 0.26 -2.77555756156e-17 0.291666666667
140 0.26 -2.77555756156e-17 0.291666666667
141 0.26 -2.77555756156e-17 0.291666666667
142 0.26 -2.77555756156e-17 0.291666666667
143 0.26 -2.77555756156e-17 0.291666666667
144 0.26 -2.77555756156e-17 0.291666666667
145 0.26 -2.77555756156e-17 0.291666666667
146 0.26 -2.77555756156e-17 0.291666666667
147 0.26 -2.77555756156e-17 0.291666666667
148 0.26 -2.77555756156e-17 0.291666666667
149 0.26 -2.77555756156e-17 0.291666666667
150 0.26 0.1 0.291666666667
151 0.26 0.1 0.291666666667
152 0.26 0.1 0.291666666667
153 0.26 0.2 0.291666666667
154 0.26 0.2 0.291666666667
155 0.26 0.2 0.291666666667
156 0.26 0.2 0.291666666667
157 0.26 0.2 0.291666666667
158 0.26 0.2 0.291666666667
159 0.26 0.2 0.291666666667
160 0.26 0.2 0.291666666667
161 0.26 0.2 0.291666666667
162 0.26 0.2 0.291666666667
163 0.26 0.2 0.291666666667
164 0.26 0.2 0.291666666667
165 0.26 0.2 0.291666666667
166 0.26 0.2 0.291666666667
167 0.26 0.2 0.291666666667
168 0.26 0.2 0.291666666667
169 0.26 0.2 0.291416666667
170 0.26 0.2 0.286
171 0.26 0.2 0.281666666667
172 0.26 0.2 0.281333333333
173 0.26 0.2 0.28125
174 0.26 0.2 0.2785
175 0.26 0.2 0.272916666667
176 0.26 0.2 0.273333333333
177 0.26 0.2 0.273333333333
178 0.26 0.2 0.2735
179 0.26 0.2 0.274583333333
180 0.26 0.2 0.274583333333
181 0.26 0.2 0.271583333333
182 0.26 0.2 0.263833333333
183 0.26 0.2 0.2615
184 0.26 0.2 0.260833333333
185 0.26 0.2 0.2575
186 0.26 0.2 0.252583333333
187 0.26 0.2 0.251666666667
188 0.26 0.2 0.25075
189 0.26 0.2 0.256333333333
190 0.26 0.2 0.255666666667
191 0.26 0.2 0.2555
192 0.26 0.2 0.2535
193 0.26 0.2 0.254416666667
194 0.26 0.2 0.252916666667
195 0.26 0.2 0.252666666667
196 0.26 0.2 0.25575
197 0.26 0.2 0.261083333333
198 0.26 0.2 0.256166666667
199 0.26 0.2 0.2515
200 0.26 0.2 0.247083333333
201 0.26 0.25 0.248
202 0.26 0.3 0.250583333333
203 0.26 0.3 0.25025
204 0.26 0.3 0.251166666667
205 0.26 0.3 0.251666666667
206 0.26 0.4 0.25275
207 0.26 0.4 0.263333333333
208 0.26 0.4 0.26325
209 0.26 0.4 0.271
210 0.26 0.5 0.257916666667
211 0.26 0.5 0.250583333333
212 0.26 0.5 0.25
213 0.26 0.5 0.251166666667
214 0.26 0.5 0.257916666667
215 0.26 0.5 0.269083333333
216 0.26 0.5 0.269083333333
217 0.26 0.5 0.269333333333
218 0.26 0.5 0.269
219 0.26 0.5 0.268083333333
220 0.26 0.5 0.26975
221 0.26 0.5 0.28
222 0.26 0.5 0.291666666667
223 0.26 0.5 0.291666666667
224 0.26 0.5 0.291666666667
225 0.26 0.5 0.291666666667
226 0.26 0.5 0.291666666667
227 0.26 0.5 0.291666666667
228 0.26 0.5 0.291666666667
229 0.26 0.5 0.291416666667
230 0.26 0.5 0.278833333333
231 0.26 0.5 0.266583333333
232 0.26 0.5 0.266333333333
233 0.26 0.5 0.266166666667
234 0.26 0.5 0.266583333333
235 0.26 0.5 0.26675
236 0.26 0.5 0.2665
237 0.26 0.5 0.267166666667
238 0.26 0.5 0.266666666667
239 0.26 0.5 0.266833333333
240 0.26 0.5 0.26775
241 0.26 0.5 0.279333333333
242 0.26 0.5 0.279166666667
243 0.26 0.5 0.289
244 0.26 0.5 0.291666666667
245 0.26 0.45 0.291666666667
246 0.26 0.4 0.291666666667
247 0.26 0.3 0.291666666667
248 0.26 0.3 0.291666666667
249 0.26 0.2 0.291666666667
250 0.26 0.2 0.291666666667
251 0.26 0.2 0.291666666667
252 0.26 0.2 0.291666666667
253 0.26 0.15 0.291666666667
254 0.26 0.1 0.291666666667
255 0.26 0.1 0.291666666667
256 0.26 0.1 0.291666666667
257 0.26 0.1 0.291666666667
258 0.26 0.1 0.291666666667
259 0.26 0.1 0.291666666667
260 0.26 0.1 0.291666666667
261 0.26 0.1 0.291666666667
262 0.26 0.05 0.291666666667
263 0.26 2.77555756156e-17 0.291666666667
264 0.26 2.77555756156e-17 0.291666666667
265 0.26 2.77555756156e-17 0.291666666667
266 0.26 2.77555756156e-17 0.291666666667
267 0.26 2.77555756156e-17 0.291666666667
268 0.26 2.77555756156e-17 0.291666666667
269 0.26 -0.05 0.291666666667
270 0.26 -0.1 0.291666666667
271 0.26 -0.1 0.291666666667
272 0.26 -0.1 0.291666666667
273 0.26 -0.1 0.291666666667
274 0.26 -0.1 0.291666666667
275 0.26 -0.1 0.291666666667
276 0.26 -0.1 0.291666666667
277 0.26 -0.1 0.291666666667
278 0.26 -0.1 0.291583333333
279 0.26 -0.1 0.29125
280 0.26 -0.1 0.2905
281 0.26 -0.1 0.288
282 0.26 -0.1 0.284666666667
283 0.26 -0.1 0.281166666667
284 0.26 -0.1 0.27975
285 0.26 -0.15 0.279166666667
286 0.26 -0.2 0.279166666667
287 0.26 -0.2 0.279333333333
288 0.26 -0.2 0.278916666667
289 0.26 -0.2 0.276416666667
290 0.26 -0.2 0.271416666667
291 0.26 -0.2 0.268916666667
292 0.26 -0.2 0.26825
293 0.26 -0.2 0.267583333333
294 0.26 -0.2 0.262666666667
295 0.26 -0.2 0.255583333333
296 0.26 -0.2 0.253666666667
297 0.26 -0.2 0.253666666667
298 0.26 -0.2 0.252916666667
299 0.26 -0.2 0.250333333333
300 0.26 -0.2 0.24
301 0.26 -0.2 0.229583333333
302 0.26 -0.15 0.2175
303 0.26 -0.1 0.215416666667
304 0.26 -0.1 0.207
305 0.26 -0.1 0.201166666667
306 0.26 -0.1 0.202333333333
307 0.26 -0.1 0.206416666667
308 0.26 -0.05 0.211
309 0.26 2.77555756156e-17 0.217083333333
310 0.26 2.77555756156e-17 0.220666666667
311 0.26 2.77555756156e-17 0.2235
312 0.26 2.77555756156e-17 0.226
313 0.26 2.77555756156e-17 0.226666666667
314 0.26 2.77555756156e-17 0.226916666667
315 0.26 2.77555756156e-17 0.226916666667
316 0.26 2.77555756156e-17 0.22475
317 0.26 2.77555756156e-17 0.22225
318 0.26 2.77555756156e-17 0.2225
319 0.26 2.77555756156e-17 0.2215
320 0.26 2.77555756156e-17 0.221
321 0.26 2.77555756156e-17 0.222583333333
322 0.26 2.77555756156e-17 0.22475
323 0.26 2.77555756156e-17 0.226666666667
324 0.26 2.77555756156e-17 0.231
325 0.26 2.77555756156e-17 0.235333333333
326 0.26 2.77555756156e-17 0.238
327 0.26 2.77555756156e-17 0.238333333333
328 0.26 2.77555756156e-17 0.23925
329 0.26 2.77555756156e-17 0.236916666667
330 0.26 2.77555756156e-17 0.233916666667
331 0.26 2.77555756156e-17 0.229333333333
332 0.26 2.77555756156e-17 0.223833333333
333 0.26 2.77555756156e-17 0.224166666667
334 0.26 2.77555756156e-17 0.221166666667
335 0.26 2.77555756156e-17 0.217583333333
336 0.26 2.77555756156e-17 0.214833333333
337 0.26 2.77555756156e-17 0.216083333333
338 0.26 2.77555756156e-17 0.2155
339 0.26 2.77555756156e-17 0.215666666667
340 0.26 2.77555756156e-17 0.216
341 0.26 2.77555756156e-17 0.216333333333
342 0.26 2.77555756156e-17 0.216
343 0.26 2.77555756156e-17 0.216583333333
344 0.26 2.77555756156e-17 0.2175
345 0.26 2.77555756156e-17 0.218
346 0.26 2.77555756156e-17 0.2185
347 0.26 2.77555756156e-17 0.221
348 0.26 2.77555756156e-17 0.22325
349 0.26 2.77555756156e-17 0.226666666667
350 0.26 2.77555756156e-17 0.229166666667
351 0.26 2.77555756156e-17 0.230416666667
352 0.26 2.77555756156e-17 0.233583333333
353 0.26 2.77555756156e-17 0.23575
354 0.26 2.77555756156e-17 0.23525
355 0.26 2.77555756156e-17 0.237166666667
356 0.26 2.77555756156e-17 0.239416666667
357 0.26 2.77555756156e-17 0.241583333333
358 0.26 2.77555756156e-17 0.245833333333
359 0.26 2.77555756156e-17 0.2465
360 0.26 2.77555756156e-17 0.248333333333
361 0.26 2.77555756156e-17 0.24925
362 0.26 2.77555756156e-17 0.249333333333
363 0.26 2.77555756156e-17 0.2505
364 0.26 0.05 0.2505
365 0.26 0.1 0.2515
366 0.26 0.1 0.2555
367 0.26 0.1 0.256333333333
368 0.26 0.1 0.256583333333
369 0.26 0.1 0.257583333333
370 0.26 0.1 0.258333333333
371 0.26 0.1 0.258916666667
372 0.26 0.1 0.26075
373 0.26 0.1 0.261333333333
374 0.26 0.1 0.263083333333
375 0.26 0.05 0.266
376 0.26 2.77555756156e-17 0.269666666667
377 0.26 2.77555756156e-17 0.273916666667
378 0.26 2.77555756156e-17 0.274416666667
379 0.26 2.77555756156e-17 0.274166666667
380 0.26 2.77555756156e-17 0.270666666667
381 0.26 2.77555756156e-17 0.2685
382 0.26 2.77555756156e-17 0.266083333333
383 0.26 2.77555756156e-17 0.26575
384 0.26 2.77555756156e-17 0.2645
385 0.26 2.77555756156e-17 0.264666666667
386 0.26 2.77555756156e-17 0.26625
387 0.26 2.77555756156e-17 0.27725
388 0.26 2.77555756156e-17 0.28125
389 0.26 2.77555756156e-17 0.281666666667
390 0.26 2.77555756156e-17 0.281583333333
391 0.26 2.77555756156e-17 0.281583333333
392 0.26 2.77555756156e-17 0.281833333333
393 0.26 2.77555756156e-17 0.288583333333
394 0.26 2.77555756156e-17 0.2915
395 0.26 2.77555756156e-17 0.291666666667
396 0.26 2.77555756156e-17 0.291666666667
397 0.26 2.77555756156e-17 0.291666666667
398 0.26 2.77555756156e-17 0.291666666667
399 0.26 2.77555756156e-17 0.291666666667
400 0.26 2.77555756156e-17 0.291666666667
401 0.26 2.77555756156e-17 0.291666666667
402 0.26 2.77555756156e-17 0.291666666667
403 0.26 2.77555756156e-17 0.291666666667
404 0.26 2.77555756156e-17 0.291666666667
405 0.26 2.77555756156e-17 0.291666666667
406 0.26 2.77555756156e-17 0.291666666667
407 0.26 2.77555756156e-17 0.291666666667
408 0.26 2.77555756156e-17 0.291666666667
409 0.26 2.77555756156e-17 0.291666666667
410 0.26 2.77555756156e-17 0.291666666667
411 0.26 2.77555756156e-17 0.291666666667
412 0.26 2.77555756156e-17 0.291666666667
413 0.26 2.77555756156e-17 0.291666666667
414 0.26 2.77555756156e-17 0.291666666667
415 0.26 2.77555756156e-17 0.291666666667
416 0.26 2.77555756156e-17 0.291666666667
417 0.26 2.77555756156e-17 0.291666666667
418 0.26 2.77555756156e-17 0.291666666667
419 0.26 2.77555756156e-17 0.291666666667
420 0.26 2.77555756156e-17 0.291666666667
421 0.26 2.77555756156e-17 0.291666666667
422 0.26 2.77555756156e-17 0.291666666667
423 0.26 2.77555756156e-17 0.291666666667
424 0.26 2.77555756156e-17 0.291666666667
425 0.26 2.77555756156e-17 0.291666666667
426 0.26 0.05 0.291666666667
427 0.26 0.1 0.291666666667
428 0.26 0.1 0.291666666667
429 0.26 0.1 0.291666666667
430 0.26 0.1 0.291666666667
431 0.26 0.1 0.291666666667
432 0.26 0.1 0.291666666667
433 0.26 0.1 0.291666666667
434 0.26 0.1 0.291666666667
435 0.26 0.1 0.291666666667
436 0.26 0.1 0.291666666667
437 0.26 0.1 0.291666666667
438 0.26 0.1 0.291666666667
439 0.26 0.1 0.291666666667
440 0.26 0.1 0.291666666667
441 0.26 0.1 0.291666666667
442 0.26 0.1 0.291666666667
443 0.26 0.1 0.291666666667
444 0.26 0.1 0.291666666667
445 0.26 0.1 0.291666666667
446 0.26 0.1 0.291666666667
447 0.26 0.1 0.291666666667
448 0.26 0.1 0.291666666667
449 0.26 0.05 0.291666666667
450 0.26 2.77555756156e-17 0.291666666667
451 0.26 2.77555756156e-17 0.291666666667
452 0.26 2.77555756156e-17 0.291666666667
453 0.26 2.77555756156e-17 0.291666666667
454 0.26 2.77555756156e-17 0.291666666667
455 0.26 2.77555756156e-17 0.291666666667
456 0.26 2.77555756156e-17 0.291666666667
457 0.26 2.77555756156e-17 0.291666666667
458 0.26 2.77555756156e-17 0.291666666667
459 0.26 2.77555756156e-17 0.291666666667
460 0.26 2.77555756156e-17 0.291666666667
461 0.26 2.77555756156e-17 0.291666666667
462 0.26 2.77555756156e-17 0.291666666667
463 0.26 2.77555756156e-17 0.291666666667
464 0.26 2.77555756156e-17 0.291666666667
465 0.26 2.77555756156e-17 0.291666666667
466 0.26 2.77555756156e-17 0.291666666667
467 0.26 2.77555756156e-17 0.291666666667
468 0.26 2.77555756156e-17 0.291666666667
469 0.26 2.77555756156e-17 0.291666666667
470 0.26 2.77555756156e-17 0.291666666667
471 0.26 2.77555756156e-17 0.291666666667
472 0.26 2.77555756156e-17 0.291666666667
473 0.26 2.77555756156e-17 0.291666666667
474 0.26 2.77555756156e-17 0.291666666667
475 0.26 2.77555756156e-17 0.291666666667
476 0.26 2.77555756156e-17 0.291666666667
477 0.26 2.77555756156e-17 0.291666666667
478 0.26 2.77555756156e-17 0.291666666667
479 0.26 2.77555756156e-17 0.291666666667
480 0.26 2.77555756156e-17 0.291666666667
481 0.26 2.77555756156e-17 0.291666666667
482 0.26 2.77555756156e-17 0.291666666667
483 0.26 2.77555756156e-17 0.291666666667
484 0.26 2.77555756156e-17 0.291666666667
485 0.26 2.77555756156e-17 0.291666666667
486 0.26 2.77555756156e-17 0.291666666667
487 0.26 2.77555756156e-17 0.291666666667
488 0.26 2.77555756156e-17 0.291666666667
489 0.26 2.77555756156e-17 0.291666666667
490 0.26 2.77555756156e-17 0.291666666667
491 0.26 2.77555756156e-17 0.291666666667
492 0.26 2.77555756156e-17 0.291666666667
493 0.26 2.77555756156e-17 0.291666666667
494 0.26 2.77555756156e-17 0.291666666667
495 0.26 2.77555756156e-17 0.291666666667
496 0.26 2.77555756156e-17 0.291666666667
497 0.26 2.77555756156e-17 0.291666666667
498 0.26 2.77555756156e-17 0.291666666667
499 0.26 2.77555756156e-17 0.291666666667
500 0.26 2.77555756156e-17 0.287833333333
501 0.26 2.77555756156e-17 0.285916666667
502 0.26 2.77555756156e-17 0.283583333333
503 0.26 2.77555756156e-17 0.280166666667
504 0.26 2.77555756156e-17 0.277166666667
505 0.26 2.77555756156e-17 0.274416666667
506 0.26 2.77555756156e-17 0.270583333333
507 0.26 2.77555756156e-17 0.268666666667
508 0.26 2.77555756156e-17 0.26675
509 0.26 2.77555756156e-17 0.262916666667
510 0.26 2.77555756156e-17 0.261
511 0.26 2.77555756156e-17 0.259083333333
512 0.26 2.77555756156e-17 0.25525
513 0.26 2.77555756156e-17 0.251416666667
514 0.26 2.77555756156e-17 0.24825
515 0.26 2.77555756156e-17 0.245666666667
516 0.26 2.77555756156e-17 0.24375
517 0.26 2.77555756156e-17 0.239916666667
518 0.26 2.77555756156e-17 0.238
519 0.26 2.77555756156e-17 0.234166666667
520 0.26 2.77555756156e-17 0.23225
521 0.26 2.77555756156e-17 0.228666666667
522 0.26 2.77555756156e-17 0.2265
523 0.26 2.77555756156e-17 0.224
524 0.26 2.77555756156e-17 0.22075
525 0.26 2.77555756156e-17 0.217333333333
526 0.26 2.77555756156e-17 0.215
527 0.26 2.77555756156e-17 0.213083333333
528 0.26 2.77555756156e-17 0.20925
529 0.26 2.77555756156e-17 0.207333333333
530 0.26 2.77555756156e-17 0.205416666667
531 0.26 2.77555756156e-17 0.201583333333
532 0.26 2.77555756156e-17 0.1985
533 0.26 2.77555756156e-17 0.195833333333
534 0.26 2.77555756156e-17 0.193916666667
535 0.26 2.77555756156e-17 0.190083333333
536 0.26 2.77555756156e-17 0.188166666667
537 0.26 2.77555756156e-17 0.184333333333
538 0.26 2.77555756156e-17 0.182416666667
539 0.26 2.77555756156e-17 0.178583333333
540 0.26 2.77555756156e-17 0.176666666667
541 0.26 2.77555756156e-17 0.172833333333
542 0.26 2.77555756156e-17 0.170916666667
543 0.26 2.77555756156e-17 0.167083333333
544 0.26 2.77555756156e-17 0.165166666667
545 0.26 2.77555756156e-17 0.1625
546 0.26 2.77555756156e-17 0.159416666667
547 0.26 2.77555756156e-17 0.157416666667
548 0.26 2.77555756156e-17 0.153666666667
549 0.26 2.77555756156e-17 0.15175
550 0.26 2.77555756156e-17 0.147916666667
551 0.26 2.77555756156e-17 0.144916666667
552 0.26 2.77555756156e-17 0.143916666667
553 0.26 2.77555756156e-17 0.14025
554 0.26 2.77555756156e-17 0.137833333333
555 0.26 2.77555756156e-17 0.1345
556 0.26 2.77555756156e-17 0.132583333333
557 0.26 2.77555756156e-17 0.12875
558 0.26 2.77555756156e-17 0.126833333333
559 0.26 2.77555756156e-17 0.123
560 0.26 2.77555756156e-17 0.121083333333
561 0.26 2.77555756156e-17 0.11725
562 0.26 2.77555756156e-17 0.115333333333
563 0.26 2.77555756156e-17 0.113416666667
564 0.26 2.77555756156e-17 0.109583333333
565 0.26 2.77555756156e-17 0.107666666667
566 0.26 2.77555756156e-17 0.103833333333
567 0.26 2.77555756156e-17 0.1
568 0.26 2.77555756156e-17 0.1
569 0.26 2.77555756156e-17 0.1
570 0.26 2.77555756156e-17 0.1
571 0.26 2.77555756156e-17 0.1
572 0.26 2.77555756156e-17 0.1
573 0.26 2.77555756156e-17 0.1
574 0.26 2.77555756156e-17 0.1
575 0.26 2.77555756156e-17 0.1
576 0.26 2.77555756156e-17 0.1
577 0.26 2.77555756156e-17 0.1
578 0.26 2.77555756156e-17 0.1
579 0.26 2.77555756156e-17 0.1
580 0.26 2.77555756156e-17 0.1
581 0.26 2.77555756156e-17 0.1
582 0.26 2.77555756156e-17 0.1
583 0.26 2.77555756156e-17 0.1
584 0.26 2.77555756156e-17 0.1
585 0.26 2.77555756156e-17 0.1
586 0.26 2.77555756156e-17 0.1
