0 0.125 0.0 0.291666666667
1 0.15 0.0 0.291666666667
2 0.17 0.0 0.291666666667
3 0.195 0.0 0.291666666667
4 0.21 0.0 0.291666666667
5 0.22 0.0 0.291666666667
6 0.225 0.0 0.291666666667
7 0.235 0.0 0.291666666667
8 0.24 0.0 0.291666666667
9 0.25 0.0 0.291666666667
10 0.255 0.0 0.291666666667
11 0.26 0.0 0.291666666667
12 0.26 0.0 0.291666666667
13 0.26 0.0 0.291666666667
14 0.26 0.0 0.291666666667
15 0.26 0.0 0.291666666667
16 0.26 0.0 0.291666666667
17 0.26 0.0 0.291666666667
18 0.26 0.0 0.291666666667
19 0.26 0.0 0.291666666667
20 0.26 0.0 0.284666666667
21 0.26 0.0 0.291666666667
22 0.26 0.0 0.291666666667
23 0.26 0.0 0.291666666667
24 0.26 0.0 0.291666666667
25 0.26 0.0 0.291666666667
26 0.26 -0.1 0.291666666667
27 0.26 -0.1 0.19375
28 0.26 -0.1 0.234166666667
29 0.26 -0.2 0.255666666667
30 0.26 -0.2 0.264083333333
31 0.26 -0.2 0.262166666667
32 0.26 -0.2 0.246916666667
33 0.26 -0.2 0.2405
34 0.26 -0.2 0.23825
35 0.26 -0.2 0.236083333333
36 0.26 -0.2 0.232333333333
37 0.26 -0.25 0.2285
38 0.26 -0.3 0.245833333333
39 0.26 -0.3 0.285666666667
40 0.26 -0.3 0.291666666667
41 0.26 -0.3 0.291666666667
42 0.26 -0.3 0.291666666667
43 0.26 -0.3 0.291666666667
44 0.26 -0.3 0.291666666667
45 0.26 -0.3 0.291666666667
46 0.26 -0.3 0.291666666667
47 0.26 -0.3 0.291666666667
48 0.26 -0.3 0.291666666667
49 0.26 -0.3 0.291666666667
50 0.26 -0.3 0.291666666667
51 0.26 -0.3 0.291666666667
52 0.26 -0.2 0.291666666667
53 0.26 -0.2 0.291666666667
54 0.26 -0.1 0.276833333333
55 0.26 -0.05 0.248416666667
56 0.26 -2.77555756156e-17 0.244583333333
57 0.26 -2.77555756156e-17 0.231166666667
58 0.26 0.1 0.216166666667
59 0.26 0.1 0.206916666667
60 0.26 0.1 0.2055
61 0.26 0.1 0.20525
62 0.26 0.1 0.207
63 0.26 0.1 0.211666666667
64 0.26 0.1 0.215333333333
65 0.26 0.1 0.219583333333
66 0.26 0.1 0.219333333333
67 0.26 0.1 0.217916666667
68 0.26 0.1 0.221666666667
69 0.26 0.1 0.219583333333
70 0.26 0.1 0.220833333333
71 0.26 0.1 0.2175
72 0.26 0.1 0.186
73 0.26 0.1 0.198583333333
74 0.26 0.1 0.165583333333
75 0.26 0.1 0.202333333333
76 0.26 0.1 0.210666666667
77 0.26 0.1 0.187916666667
78 0.26 0.1 0.180833333333
79 0.26 0.1 0.185833333333
80 0.26 0.1 0.199166666667
81 0.26 0.1 0.215
82 0.26 0.1 0.24075
83 0.26 0.1 0.252083333333
84 0.26 0.1 0.263333333333
85 0.26 0.1 0.270583333333
86 0.26 0.1 0.2925
87 0.26 0.1 0.286083333333
88 0.26 0.1 0.28775
89 0.26 0.1 0.291666666667
90 0.26 0.1 0.291666666667
91 0.26 0.1 0.291666666667
92 0.26 0.05 0.291666666667
93 0.26 -2.77555756156e-17 0.291666666667
94 0.26 -0.05 0.27925
95 0.26 -0.1 0.266416666667
96 0.26 -0.1 0.254
97 0.26 -0.1 0.252166666667
98 0.26 -0.1 0.250083333333
99 0.26 -0.1 0.247416666667
100 0.26 -0.1 0.257916666667
101 0.26 -0.1 0.291
102 0.26 -0.1 0.291666666667
103 0.26 -0.1 0.291666666667
104 0.26 -0.1 0.291666666667
105 0.26 -0.1 0.291666666667
106 0.26 -0.1 0.291666666667
107 0.26 -0.05 0.291666666667
108 0.26 -2.77555756156e-17 0.291666666667
109 0.26 0.05 0.291666666667
110 0.26 0.15 0.291666666667
111 0.26 0.2 0.291666666667
112 0.26 0.25 0.291666666667
113 0.26 0.3 0.291666666667
114 0.26 0.3 0.291666666667
115 0.26 0.3 0.291666666667
116 0.26 0.3 0.291666666667
117 0.26 0.3 0.291666666667
118 0.26 0.3 0.291666666667
119 0.26 0.3 0.291666666667
120 0.26 0.3 0.291666666667
121 0.26 0.3 0.291666666667
122 0.26 0.3 0.291666666667
123 0.26 0.2 0.291666666667
124 0.26 0.15 0.291666666667
125 0.26 0.1 0.291666666667
126 0.26 0.05 0.291666666667
127 0.26 -2.77555756156e-17 0.291666666667
128 0.26 -2.77555756156e-17 0.291666666667
129 0.26 -2.77555756156e-17 0.291666666667
130 0.26 -2.77555756156e-17 0.291666666667
131 0.26 -2.77555756156e-17 0.291666666667
132 0.26 -0.1 0.291666666667
133 0.26 -0.1 0.291666666667
134 0.26 -0.1 0.291666666667
135 0.26 -0.1 0.291666666667
136 0.26 -0.1 0.291666666667
137 0.26 -0.1 0.291666666667
138 0.26 -0.1 0.291666666667
139 0.26 -0.1 0.291666666667
140 0.26 -0.1 0.291666666667
141 0.26 -0.05 0.291666666667
142 0.26 -2.77555756156e-17 0.291666666667
143 0.26 -2.77555756156e-17 0.291666666667
144 0.26 -2.77555756156e-17 0.291666666667
145 0.26 -2.77555756156e-17 0.291666666667
146 0.26 -2.77555756156e-17 0.291666666667
147 0.26 -2.77555756156e-17 0.291666666667
148 0.26 -2.77555756156e-17 0.291666666667
149 0.26 -2.77555756156e-17 0.291666666667
150 0.26 -2.77555756156e-17 0.291666666667
151 0.26 -2.77555756156e-17 0.291666666667
152 0.26 -2.77555756156e-17 0.291666666667
153 0.26 -2.77555756156e-17 0.291666666667
154 0.26 -2.77555756156e-17 0.291666666667
155 0.26 -2.77555756156e-17 0.291666666667
156 0.26 -2.77555756156e-17 0.291666666667
157 0.26 -2.77555756156e-17 0.291666666667
158 0.26 -2.77555756156e-17 0.291666666667
159 0.26 -2.77555756156e-17 0.291666666667
160 0.26 -2.77555756156e-17 0.291666666667
161 0.26 0.05 0.291666666667
162 0.26 0.1 0.291666666667
163 0.26 0.1 0.291666666667
164 0.26 0.1 0.291666666667
165 0.26 0.1 0.291666666667
166 0.26 0.1 0.291666666667
167 0.26 0.1 0.291666666667
168 0.26 0.05 0.291666666667
169 0.26 -2.77555756156e-17 0.291666666667
170 0.26 -2.77555756156e-17 0.291666666667
171 0.26 -2.77555756156e-17 0.291666666667
172 0.26 -2.77555756156e-17 0.291666666667
173 0.26 -2.77555756156e-17 0.291666666667
174 0.26 -2.77555756156e-17 0.291666666667
175 0.26 -2.77555756156e-17 0.291666666667
176 0.26 -2.77555756156e-17 0.291666666667
177 0.26 -2.77555756156e-17 0.291666666667
178 0.26 -2.77555756156e-17 0.291666666667
179 0.26 -2.77555756156e-17 0.291666666667
180 0.26 -2.77555756156e-17 0.291666666667
181 0.26 -2.77555756156e-17 0.291666666667
182 0.26 -2.77555756156e-17 0.291666666667
183 0.26 -2.77555756156e-17 0.291666666667
184 0.26 -2.77555756156e-17 0.291666666667
185 0.26 -2.77555756156e-17 0.291666666667
186 0.26 -2.77555756156e-17 0.291666666667
