0 0.105 0.0 0.257666666667
1 0.11 0.0 0.258083333333
2 0.12 0.0 0.25775
3 0.125 0.0 0.257166666667
4 0.13 0.0 0.25625
5 0.14 0.0 0.256
6 0.15 -0.05 0.255666666667
7 0.15 -0.1 0.254833333333
8 0.15 -0.1 0.255416666667
9 0.15 -0.1 0.255583333333
10 0.15 -0.1 0.256083333333
11 0.15 -0.1 0.255916666667
12 0.15 -0.1 0.255916666667
13 0.15 -0.1 0.25625
14 0.15 -0.1 0.256
15 0.15 -0.1 0.25625
16 0.15 -0.1 0.256666666667
17 0.15 -0.1 0.255916666667
18 0.15 -0.1 0.25575
19 0.15 -0.1 0.255416666667
20 0.15 -0.1 0.252916666667
21 0.15 -0.1 0.250083333333
22 0.15 -0.2 0.250583333333
23 0.15 -0.2 0.256
24 0.15 -0.2 0.253416666667
25 0.15 -0.2 0.251333333333
26 0.155 -0.2 0.250916666667
27 0.16 -0.2 0.2505
28 0.16 -0.2 0.249916666667
29 0.16 -0.2 0.249583333333
30 0.18 -0.2 0.250083333333
31 0.185 -0.2 0.249083333333
32 0.19 -0.2 0.249333333333
33 0.2 -0.2 0.24925
34 0.2 -0.2 0.248833333333
35 0.2 -0.2 0.249083333333
36 0.2 -0.2 0.256916666667
37 0.2 -0.2 0.259666666667
38 0.2 -0.2 0.257416666667
39 0.2 -0.2 0.24975
40 0.2 -0.2 0.248
41 0.2 -0.2 0.247
42 0.2 -0.2 0.246666666667
43 0.2 -0.2 0.24575
44 0.2 -0.2 0.246333333333
45 0.205 -0.2 0.245583333333
46 0.21 -0.2 0.244666666667
47 0.21 -0.2 0.249333333333
48 0.21 -0.2 0.255416666667
49 0.235 -0.2 0.256083333333
50 0.255 -0.2 0.265
51 0.26 -0.2 0.26525
52 0.26 -0.2 0.262666666667
53 0.26 -0.2 0.267833333333
54 0.26 -0.2 0.26975
55 0.26 -0.2 0.269166666667
56 0.26 -0.2 0.26925
57 0.26 -0.2 0.268166666667
58 0.26 -0.2 0.2685
59 0.26 -0.2 0.2685
60 0.26 -0.2 0.268333333333
61 0.26 -0.2 0.267416666667
62 0.26 -0.2 0.274
63 0.26 -0.2 0.279166666667
64 0.26 -0.2 0.279
65 0.26 -0.2 0.278916666667
66 0.26 -0.2 0.27925
67 0.26 -0.2 0.28875
68 0.26 -0.2 0.291666666667
69 0.26 -0.15 0.291666666667
70 0.26 -0.1 0.291666666667
71 0.26 -0.1 0.291666666667
72 0.26 -0.1 0.291666666667
73 0.26 -0.1 0.291666666667
74 0.26 -0.1 0.291666666667
75 0.26 -0.1 0.291666666667
76 0.26 -0.05 0.291666666667
77 0.26 0.0 0.291666666667
78 0.26 0.0 0.291666666667
79 0.26 0.0 0.291666666667
80 0.26 0.0 0.291666666667
81 0.26 0.0 0.291666666667
82 0.26 0.0 0.291666666667
83 0.26 0.0 0.291666666667
84 0.26 0.0 0.291666666667
85 0.26 0.0 0.291666666667
86 0.26 0.0 0.291666666667
87 0.26 0.0 0.291666666667
88 0.26 0.0 0.291666666667
89 0.26 0.0 0.291666666667
90 0.26 0.0 0.291666666667
91 0.26 0.0 0.291666666667
92 0.26 0.0 0.291666666667
93 0.26 0.0 0.291666666667
94 0.26 0.0 0.291666666667
95 0.26 0.0 0.291666666667
96 0.26 0.0 0.291666666667
97 0.26 0.0 0.291666666667
98 0.26 0.0 0.291666666667
99 0.26 0.0 0.291666666667
100 0.26 0.0 0.291666666667
101 0.26 0.0 0.291666666667
102 0.26 0.0 0.291666666667
103 0.26 0.0 0.291666666667
104 0.26 0.0 0.291666666667
105 0.26 0.0 0.291666666667
106 0.26 0.0 0.291666666667
107 0.26 0.0 0.291666666667
108 0.26 0.0 0.291666666667
109 0.26 0.0 0.291666666667
110 0.26 0.0 0.291666666667
111 0.26 0.0 0.291666666667
112 0.26 0.0 0.291666666667
113 0.26 0.0 0.291666666667
114 0.26 0.0 0.291666666667
115 0.26 0.0 0.291666666667
116 0.26 0.0 0.291666666667
117 0.26 0.0 0.291666666667
118 0.26 0.0 0.291666666667
119 0.26 0.0 0.291666666667
120 0.26 0.0 0.291666666667
121 0.26 0.0 0.291666666667
122 0.26 0.0 0.291666666667
123 0.26 0.0 0.291666666667
124 0.26 0.0 0.291666666667
125 0.26 0.0 0.291666666667
126 0.26 0.0 0.291666666667
127 0.26 0.0 0.291666666667
128 0.26 0.0 0.291666666667
129 0.26 0.0 0.291666666667
130 0.26 0.0 0.291666666667
131 0.26 0.0 0.291666666667
132 0.26 0.0 0.291666666667
133 0.26 0.0 0.291666666667
134 0.26 0.0 0.291666666667
135 0.26 0.0 0.291666666667
136 0.26 0.0 0.291666666667
137 0.26 0.0 0.291666666667
138 0.26 0.0 0.291666666667
139 0.26 0.0 0.291666666667
140 0.26 0.0 0.291666666667
141 0.26 0.0 0.291666666667
142 0.26 0.0 0.291666666667
143 0.26 0.0 0.291666666667
144 0.26 0.0 0.291666666667
145 0.26 0.0 0.291666666667
146 0.26 0.0 0.291666666667
147 0.26 0.0 0.291666666667
148 0.26 0.0 0.291666666667
149 0.26 0.0 0.291666666667
150 0.26 0.0 0.291666666667
151 0.26 0.0 0.291666666667
152 0.26 0.0 0.291666666667
153 0.26 0.0 0.291666666667
154 0.26 0.0 0.291666666667
155 0.26 0.0 0.291666666667
156 0.26 0.0 0.291666666667
157 0.26 0.0 0.291666666667
158 0.26 0.0 0.291666666667
159 0.26 0.0 0.291666666667
160 0.26 0.0 0.2915
161 0.26 0.0 0.291166666667
162 0.26 0.0 0.29075
163 0.26 0.0 0.290833333333
164 0.26 0.0 0.29075
165 0.26 0.0 0.290416666667
166 0.26 0.0 0.289166666667
167 0.26 0.0 0.288416666667
168 0.26 0.0 0.28825
169 0.26 0.0 0.288333333333
170 0.26 0.0 0.288666666667
171 0.26 0.0 0.28875
172 0.26 0.0 0.288666666667
173 0.26 0.0 0.288166666667
174 0.26 0.0 0.288166666667
175 0.26 0.0 0.288083333333
176 0.26 0.0 0.287666666667
177 0.26 0.0 0.2875
178 0.26 0.0 0.287083333333
179 0.26 0.0 0.286416666667
180 0.26 0.0 0.282833333333
181 0.26 0.0 0.279666666667
182 0.26 0.0 0.278083333333
183 0.26 0.0 0.277416666667
184 0.26 0.0 0.27725
185 0.26 0.0 0.277916666667
186 0.26 0.0 0.27725
187 0.26 0.0 0.277916666667
188 0.26 0.1 0.278
189 0.26 0.1 0.27675
190 0.26 0.1 0.274333333333
191 0.26 0.1 0.27075
192 0.26 0.1 0.26875
193 0.26 0.1 0.267333333333
194 0.26 0.1 0.264416666667
195 0.26 0.15 0.260583333333
196 0.26 0.2 0.2585
197 0.26 0.2 0.257916666667
198 0.26 0.2 0.25825
199 0.26 0.2 0.258083333333
200 0.26 0.2 0.257833333333
201 0.26 0.2 0.256416666667
202 0.26 0.2 0.255916666667
203 0.26 0.2 0.255666666667
204 0.26 0.2 0.254666666667
205 0.26 0.2 0.2535
206 0.26 0.2 0.253583333333
207 0.26 0.2 0.249333333333
208 0.26 0.2 0.24675
209 0.26 0.2 0.247083333333
210 0.26 0.2 0.248083333333
211 0.26 0.2 0.253083333333
212 0.26 0.2 0.2565
213 0.26 0.2 0.256833333333
214 0.26 0.3 0.257166666667
215 0.26 0.3 0.2575
216 0.26 0.3 0.258166666667
217 0.26 0.3 0.257333333333
218 0.26 0.3 0.259583333333
219 0.26 0.3 0.266916666667
220 0.26 0.3 0.274583333333
221 0.26 0.3 0.270666666667
222 0.26 0.3 0.262833333333
223 0.26 0.3 0.253416666667
224 0.26 0.3 0.25075
225 0.26 0.3 0.251416666667
226 0.26 0.3 0.250833333333
227 0.26 0.3 0.249416666667
228 0.26 0.3 0.256666666667
229 0.26 0.3 0.266333333333
230 0.26 0.3 0.268666666667
231 0.26 0.3 0.269083333333
232 0.26 0.3 0.2685
233 0.26 0.3 0.269166666667
234 0.26 0.3 0.261666666667
235 0.26 0.35 0.253
236 0.26 0.4 0.2445
237 0.26 0.4 0.242833333333
238 0.26 0.4 0.245916666667
239 0.26 0.4 0.256
240 0.26 0.4 0.267333333333
241 0.26 0.4 0.27275
242 0.26 0.4 0.273416666667
243 0.26 0.4 0.2745
244 0.26 0.4 0.274583333333
245 0.26 0.4 0.274916666667
246 0.26 0.4 0.27375
247 0.26 0.4 0.27275
248 0.26 0.4 0.27275
249 0.26 0.4 0.272916666667
250 0.26 0.4 0.285
251 0.26 0.4 0.291166666667
252 0.26 0.4 0.291666666667
253 0.26 0.4 0.291666666667
254 0.26 0.4 0.291666666667
255 0.26 0.4 0.291666666667
256 0.26 0.4 0.291666666667
257 0.26 0.4 0.291666666667
258 0.26 0.4 0.291666666667
259 0.26 0.4 0.291666666667
260 0.26 0.4 0.291666666667
261 0.26 0.4 0.289
262 0.26 0.4 0.27775
263 0.26 0.4 0.277
264 0.26 0.4 0.266416666667
265 0.26 0.4 0.259416666667
266 0.26 0.4 0.249166666667
267 0.26 0.4 0.247166666667
268 0.26 0.4 0.2495
269 0.26 0.4 0.25125
270 0.26 0.4 0.2525
271 0.26 0.4 0.25175
272 0.26 0.35 0.25175
273 0.26 0.3 0.249916666667
274 0.26 0.3 0.249166666667
275 0.26 0.3 0.2485
276 0.26 0.3 0.251
277 0.26 0.3 0.25825
278 0.26 0.3 0.261
279 0.26 0.3 0.259916666667
280 0.26 0.3 0.2595
281 0.26 0.3 0.261166666667
282 0.26 0.3 0.268416666667
283 0.26 0.3 0.276333333333
284 0.26 0.3 0.280333333333
285 0.26 0.3 0.289333333333
286 0.26 0.3 0.291083333333
287 0.26 0.3 0.291666666667
288 0.26 0.3 0.291666666667
289 0.26 0.3 0.291666666667
290 0.26 0.25 0.291666666667
291 0.26 0.2 0.291666666667
292 0.26 0.15 0.291583333333
293 0.26 0.1 0.291666666667
294 0.26 0.05 0.291666666667
295 0.26 2.77555756156e-17 0.291666666667
296 0.26 2.77555756156e-17 0.291666666667
297 0.26 2.77555756156e-17 0.291666666667
298 0.26 -0.05 0.291666666667
299 0.26 -0.1 0.291666666667
300 0.26 -0.1 0.291666666667
301 0.26 -0.1 0.291333333333
302 0.26 -0.1 0.290916666667
303 0.26 -0.1 0.290333333333
304 0.26 -0.1 0.287333333333
305 0.26 -0.1 0.28425
306 0.26 -0.1 0.280333333333
307 0.26 -0.1 0.278
308 0.26 -0.1 0.27725
309 0.26 -0.1 0.27675
310 0.26 -0.1 0.275333333333
311 0.26 -0.1 0.272833333333
312 0.26 -0.1 0.270666666667
313 0.26 -0.1 0.27025
314 0.26 -0.1 0.270583333333
315 0.26 -0.1 0.270583333333
316 0.26 -0.1 0.271
317 0.26 -0.1 0.271166666667
318 0.26 -0.1 0.2725
319 0.26 -0.1 0.2735
320 0.26 -0.1 0.274166666667
321 0.26 -0.1 0.274
322 0.26 -0.1 0.272583333333
323 0.26 -0.1 0.270916666667
324 0.26 -0.1 0.265916666667
325 0.26 -0.1 0.259916666667
326 0.26 -0.1 0.253833333333
327 0.26 -0.1 0.249833333333
328 0.26 -0.1 0.242
329 0.26 -0.1 0.22925
330 0.26 -0.1 0.222166666667
331 0.26 -0.1 0.215166666667
332 0.26 -0.1 0.210083333333
333 0.26 -0.1 0.199666666667
334 0.26 -0.1 0.191916666667
335 0.26 -0.1 0.187916666667
336 0.26 -0.1 0.181583333333
337 0.26 -0.1 0.179
338 0.26 -0.1 0.180166666667
339 0.26 -0.1 0.180333333333
340 0.26 -0.1 0.182583333333
341 0.26 -0.1 0.184333333333
342 0.26 -0.1 0.189583333333
343 0.26 -0.1 0.186666666667
344 0.26 -0.1 0.1855
345 0.26 -0.1 0.186916666667
346 0.26 -0.1 0.18375
347 0.26 -0.1 0.184416666667
348 0.26 -0.1 0.18525
349 0.26 -0.1 0.188916666667
350 0.26 -0.1 0.195583333333
351 0.26 -0.1 0.202416666667
352 0.26 -0.1 0.210166666667
353 0.26 -0.1 0.21475
354 0.26 -0.1 0.220916666667
355 0.26 -0.2 0.227916666667
356 0.26 -0.2 0.235666666667
357 0.26 -0.3 0.2455
358 0.26 -0.35 0.244583333333
359 0.26 -0.4 0.243833333333
360 0.26 -0.4 0.24275
361 0.26 -0.4 0.249333333333
362 0.26 -0.4 0.263
363 0.26 -0.4 0.281
364 0.26 -0.4 0.290583333333
365 0.26 -0.4 0.291666666667
366 0.26 -0.4 0.291666666667
367 0.26 -0.4 0.291666666667
368 0.26 -0.4 0.290666666667
369 0.26 -0.4 0.278833333333
370 0.26 -0.4 0.27925
371 0.26 -0.4 0.278333333333
372 0.26 -0.4 0.270166666667
373 0.26 -0.4 0.26775
374 0.26 -0.4 0.267166666667
375 0.26 -0.4 0.266333333333
376 0.26 -0.4 0.258583333333
377 0.26 -0.4 0.254416666667
378 0.26 -0.4 0.25275
379 0.26 -0.4 0.245166666667
380 0.26 -0.4 0.24125
381 0.26 -0.4 0.245583333333
382 0.26 -0.4 0.255
383 0.26 -0.4 0.249166666667
384 0.26 -0.4 0.243833333333
385 0.26 -0.4 0.2505
386 0.26 -0.4 0.240916666667
387 0.26 -0.4 0.240583333333
388 0.26 -0.4 0.240166666667
389 0.26 -0.4 0.252666666667
390 0.26 -0.4 0.252416666667
391 0.26 -0.4 0.254333333333
392 0.26 -0.4 0.26475
393 0.26 -0.4 0.252916666667
394 0.26 -0.4 0.239916666667
395 0.26 -0.4 0.239166666667
396 0.26 -0.4 0.245416666667
397 0.26 -0.4 0.252916666667
398 0.26 -0.4 0.258083333333
399 0.26 -0.4 0.26575
400 0.26 -0.4 0.2655
401 0.26 -0.4 0.265083333333
402 0.26 -0.4 0.26225
403 0.26 -0.4 0.2505
404 0.26 -0.4 0.243666666667
405 0.26 -0.4 0.23525
406 0.26 -0.4 0.25025
407 0.26 -0.4 0.26125
408 0.26 -0.4 0.262583333333
409 0.26 -0.4 0.2615
410 0.26 -0.4 0.261
411 0.26 -0.4 0.26025
412 0.26 -0.3 0.26
413 0.26 -0.3 0.25875
414 0.26 -0.3 0.257416666667
415 0.26 -0.2 0.25675
416 0.26 -0.2 0.25925
417 0.26 -0.2 0.268166666667
418 0.26 -0.2 0.273166666667
419 0.26 -0.2 0.27275
420 0.26 -0.2 0.272333333333
421 0.26 -0.1 0.27475
422 0.26 -0.1 0.28025
423 0.26 -0.1 0.285
424 0.26 -0.1 0.289083333333
425 0.26 -0.1 0.291166666667
426 0.26 -0.1 0.291333333333
427 0.26 -0.1 0.291583333333
428 0.26 -0.1 0.291666666667
429 0.26 -0.1 0.291666666667
430 0.26 -0.1 0.291666666667
431 0.26 -0.1 0.291666666667
432 0.26 -0.1 0.291666666667
433 0.26 -0.1 0.291666666667
434 0.26 -2.77555756156e-17 0.291666666667
435 0.26 -2.77555756156e-17 0.291666666667
436 0.26 -2.77555756156e-17 0.291666666667
437 0.26 -2.77555756156e-17 0.291666666667
438 0.26 -2.77555756156e-17 0.291666666667
439 0.26 -2.77555756156e-17 0.291666666667
440 0.26 -2.77555756156e-17 0.291666666667
441 0.26 -2.77555756156e-17 0.291666666667
442 0.26 -2.77555756156e-17 0.291666666667
443 0.26 -2.77555756156e-17 0.291666666667
444 0.26 -2.77555756156e-17 0.291666666667
445 0.26 -2.77555756156e-17 0.291666666667
446 0.26 -2.77555756156e-17 0.291666666667
447 0.26 -2.77555756156e-17 0.291666666667
448 0.26 -2.77555756156e-17 0.291666666667
449 0.26 -2.77555756156e-17 0.291666666667
450 0.26 -2.77555756156e-17 0.291666666667
451 0.26 -2.77555756156e-17 0.291666666667
452 0.26 -2.77555756156e-17 0.291666666667
453 0.26 -2.77555756156e-17 0.291666666667
454 0.26 -2.77555756156e-17 0.291666666667
455 0.26 -2.77555756156e-17 0.291666666667
456 0.26 -2.77555756156e-17 0.291666666667
457 0.26 -2.77555756156e-17 0.291666666667
458 0.26 -2.77555756156e-17 0.291666666667
459 0.26 -2.77555756156e-17 0.291666666667
460 0.26 -2.77555756156e-17 0.291666666667
461 0.26 -2.77555756156e-17 0.291666666667
462 0.26 -2.77555756156e-17 0.291666666667
463 0.26 -2.77555756156e-17 0.291666666667
464 0.26 -2.77555756156e-17 0.291666666667
465 0.26 -2.77555756156e-17 0.291666666667
466 0.26 -2.77555756156e-17 0.291666666667
467 0.26 -2.77555756156e-17 0.291666666667
468 0.26 -2.77555756156e-17 0.291666666667
469 0.26 -2.77555756156e-17 0.291666666667
470 0.26 -2.77555756156e-17 0.291666666667
471 0.26 -2.77555756156e-17 0.291666666667
472 0.26 -2.77555756156e-17 0.291666666667
473 0.26 -2.77555756156e-17 0.291666666667
474 0.26 -2.77555756156e-17 0.291666666667
475 0.26 -2.77555756156e-17 0.291666666667
476 0.26 -2.77555756156e-17 0.291666666667
477 0.26 -2.77555756156e-17 0.291666666667
478 0.26 -2.77555756156e-17 0.291666666667
479 0.26 -2.77555756156e-17 0.291666666667
480 0.26 -2.77555756156e-17 0.291666666667
481 0.26 -2.77555756156e-17 0.291666666667
482 0.26 -2.77555756156e-17 0.291666666667
483 0.26 -2.77555756156e-17 0.291666666667
484 0.26 -2.77555756156e-17 0.291666666667
485 0.26 -2.77555756156e-17 0.291666666667
486 0.26 -2.77555756156e-17 0.291666666667
487 0.26 -2.77555756156e-17 0.291666666667
488 0.26 -2.77555756156e-17 0.291666666667
489 0.26 -2.77555756156e-17 0.291666666667
490 0.26 -2.77555756156e-17 0.291666666667
491 0.26 -2.77555756156e-17 0.291666666667
492 0.26 -2.77555756156e-17 0.291666666667
493 0.26 -2.77555756156e-17 0.291666666667
494 0.26 -2.77555756156e-17 0.291666666667
495 0.26 -2.77555756156e-17 0.291666666667
496 0.26 -2.77555756156e-17 0.291666666667
497 0.26 -2.77555756156e-17 0.291666666667
498 0.26 -2.77555756156e-17 0.291666666667
499 0.26 -2.77555756156e-17 0.291666666667
500 0.26 -2.77555756156e-17 0.291666666667
501 0.26 -2.77555756156e-17 0.291666666667
502 0.26 -2.77555756156e-17 0.291666666667
503 0.26 -2.77555756156e-17 0.291666666667
504 0.26 -2.77555756156e-17 0.291666666667
505 0.26 -2.77555756156e-17 0.291666666667
506 0.26 -2.77555756156e-17 0.291666666667
507 0.26 -2.77555756156e-17 0.291666666667
508 0.26 -2.77555756156e-17 0.291666666667
509 0.26 -2.77555756156e-17 0.291666666667
510 0.26 -2.77555756156e-17 0.291666666667
511 0.26 -2.77555756156e-17 0.291666666667
512 0.26 -2.77555756156e-17 0.291666666667
513 0.26 -2.77555756156e-17 0.291666666667
514 0.26 -2.77555756156e-17 0.291666666667
515 0.26 -2.77555756156e-17 0.291666666667
516 0.26 -2.77555756156e-17 0.291666666667
517 0.26 -2.77555756156e-17 0.291666666667
518 0.26 -2.77555756156e-17 0.291666666667
519 0.26 -2.77555756156e-17 0.291666666667
520 0.26 -2.77555756156e-17 0.291666666667
521 0.26 -2.77555756156e-17 0.291666666667
522 0.26 -2.77555756156e-17 0.291666666667
523 0.26 -2.77555756156e-17 0.291666666667
524 0.26 -2.77555756156e-17 0.291666666667
525 0.26 -2.77555756156e-17 0.291666666667
526 0.26 -2.77555756156e-17 0.291666666667
527 0.26 -2.77555756156e-17 0.291666666667
528 0.26 -2.77555756156e-17 0.291666666667
529 0.26 -2.77555756156e-17 0.291666666667
530 0.26 -2.77555756156e-17 0.291666666667
531 0.26 -2.77555756156e-17 0.291666666667
532 0.26 -2.77555756156e-17 0.291666666667
533 0.26 -2.77555756156e-17 0.291666666667
534 0.26 -2.77555756156e-17 0.291666666667
535 0.26 -2.77555756156e-17 0.291666666667
536 0.26 -2.77555756156e-17 0.291666666667
537 0.26 -2.77555756156e-17 0.291666666667
538 0.26 -2.77555756156e-17 0.291666666667
539 0.26 -2.77555756156e-17 0.291666666667
540 0.26 -2.77555756156e-17 0.291666666667
541 0.26 -2.77555756156e-17 0.291666666667
542 0.26 -2.77555756156e-17 0.291666666667
543 0.26 -2.77555756156e-17 0.291666666667
544 0.26 -2.77555756156e-17 0.291666666667
545 0.26 -2.77555756156e-17 0.291666666667
546 0.26 -2.77555756156e-17 0.291666666667
547 0.26 -2.77555756156e-17 0.291666666667
548 0.26 -2.77555756156e-17 0.291666666667
549 0.26 -2.77555756156e-17 0.291666666667
550 0.26 -2.77555756156e-17 0.291666666667
551 0.26 -2.77555756156e-17 0.291666666667
552 0.26 -2.77555756156e-17 0.291666666667
553 0.26 -2.77555756156e-17 0.291666666667
554 0.26 -2.77555756156e-17 0.291666666667
555 0.26 -2.77555756156e-17 0.291666666667
556 0.26 -2.77555756156e-17 0.291666666667
557 0.26 -2.77555756156e-17 0.291666666667
558 0.26 -2.77555756156e-17 0.291666666667
559 0.26 -2.77555756156e-17 0.291666666667
560 0.26 -2.77555756156e-17 0.291666666667
561 0.26 -2.77555756156e-17 0.291666666667
562 0.26 -2.77555756156e-17 0.291666666667
563 0.26 -2.77555756156e-17 0.291666666667
564 0.26 -2.77555756156e-17 0.291666666667
565 0.26 -2.77555756156e-17 0.291666666667
566 0.26 -2.77555756156e-17 0.291666666667
567 0.26 -2.77555756156e-17 0.291666666667
568 0.26 -2.77555756156e-17 0.291666666667
569 0.26 -2.77555756156e-17 0.291666666667
570 0.26 -2.77555756156e-17 0.291666666667
571 0.26 -2.77555756156e-17 0.291666666667
572 0.26 -2.77555756156e-17 0.291666666667
573 0.26 -2.77555756156e-17 0.291666666667
574 0.26 -2.77555756156e-17 0.291666666667
575 0.26 -2.77555756156e-17 0.291666666667
576 0.26 -2.77555756156e-17 0.291666666667
577 0.26 -2.77555756156e-17 0.291666666667
578 0.26 -2.77555756156e-17 0.291666666667
579 0.26 -2.77555756156e-17 0.291666666667
580 0.26 -2.77555756156e-17 0.291666666667
581 0.26 -2.77555756156e-17 0.291666666667
582 0.26 -2.77555756156e-17 0.291666666667
583 0.26 -2.77555756156e-17 0.291666666667
584 0.26 -2.77555756156e-17 0.291666666667
585 0.26 -2.77555756156e-17 0.291666666667
586 0.26 -2.77555756156e-17 0.291666666667
587 0.26 -2.77555756156e-17 0.291666666667
588 0.26 -2.77555756156e-17 0.291666666667
589 0.26 -2.77555756156e-17 0.291666666667
590 0.26 -2.77555756156e-17 0.291666666667
591 0.26 -2.77555756156e-17 0.291666666667
592 0.26 -2.77555756156e-17 0.291666666667
