0 0.26 0.0 0.0705833333333
1 0.26 0.0 0.13125
2 0.26 0.0 0.14375
3 0.26 0.0 0.1375
4 0.26 0.0 0.13125
5 0.26 0.0 0.11875
6 0.26 0.0 0.10625
7 0.26 0.0 0.1
8 0.26 0.0 0.0875
9 0.26 0.0 0.08125
10 0.26 0.0 0.0625
11 0.26 0.0 0.05
12 0.26 0.0 0.0375
13 0.26 -0.05 0.025
14 0.26 -0.1 0.00625
15 0.26 -0.1 0.0
16 0.26 -0.2 0.0
17 0.26 -0.2 0.0
18 0.26 -0.3 0.0
19 0.26 -0.3 0.0
20 0.26 -0.3 0.0
21 0.26 -0.3 0.0
22 0.26 -0.3 0.0
23 0.26 -0.3 0.0
24 0.26 -0.3 0.04375
25 0.26 -0.3 0.14375
26 0.26 -0.3 0.225
27 0.26 -0.3 0.3125
28 0.26 -0.3 0.40625
29 0.26 -0.3 0.49375
30 0.26 -0.3 0.53375
31 0.0 0.0 0.563333333333
32 0.0 0.0 0.5125
33 0.0 0.0 0.325
34 0.0 0.0 0.16875
35 0.0 0.0 0.10625
36 0.01 0.0 0.10625
37 0.01 0.0 0.10625
38 0.01 0.0 0.10625
39 0.035 0.0 0.10625
40 0.06 0.0 0.10625
41 0.09 0.0 0.1125
42 0.115 0.0 0.14375
43 0.145 0.0 0.15625
44 0.175 0.0 0.16875
45 0.2 0.0 0.14375
46 0.23 0.0 0.14375
47 0.255 0.0 0.1375
48 0.26 0.0 0.124
49 0.26 0.0 0.10225
50 0.26 0.0 0.08125
51 0.26 0.0 0.0673333333333
52 0.26 0.0 0.0485
53 0.26 0.0 0.0301666666667
54 0.26 0.0 0.0125
55 0.26 0.0 0.0
56 0.26 0.0 0.0
57 0.26 0.05 0.0
58 0.26 0.1 0.0
59 0.26 0.15 0.0
60 0.26 0.2 0.0174166666667
61 0.26 0.25 0.0671666666667
62 0.26 0.3 0.13125
63 0.26 0.3 0.21525
64 0.26 0.3 0.30625
65 0.26 0.3 0.3825
66 0.26 0.3 0.45625
67 0.26 0.3 0.525
68 0.26 0.3 0.6
69 0.26 0.3 0.66575
70 0.26 0.3 0.73125
71 0.26 0.3 0.75
72 0.26 0.3 0.75
73 0.0 0.0 0.75
74 0.0 0.0 0.75
75 0.0 0.0 0.75
76 0.0 0.0 0.75
77 0.0 0.0 0.75
78 0.005 0.0 0.75
79 0.01 0.0 0.75
80 0.01 0.0 0.75
81 0.025 0.0 0.75
82 0.05 0.0 0.75
83 0.075 0.0 0.75
84 0.1 0.0 0.75
85 0.11 0.0 0.75
86 0.12 0.0 0.75
87 0.125 0.0 0.75
88 0.135 0.0 0.75
89 0.145 0.0 0.75
90 0.155 0.0 0.75
91 0.16 0.0 0.75
92 0.19 0.0 0.75
93 0.195 0.0 0.75
94 0.205 0.0 0.75
95 0.215 0.0 0.75
96 0.22 0.0 0.75
97 0.23 0.0 0.75
98 0.24 0.0 0.75
99 0.245 0.0 0.75
100 0.255 0.0 0.75
101 0.26 0.0 0.75
102 0.26 0.0 0.75
103 0.26 0.0 0.75
104 0.26 0.0 0.75
105 0.26 0.0 0.75
106 0.26 0.0 0.75
107 0.26 0.0 0.75
