0 0.26 0.0 0.0
1 0.26 0.0 0.0
2 0.26 0.0 0.0
3 0.26 0.1 0.0
4 0.26 0.15 0.0
5 0.26 0.25 0.0
6 0.26 0.3 0.0
7 0.26 0.3 0.0
8 0.26 0.3 0.0
9 0.26 0.3 0.0
10 0.26 0.4 0.06875
11 0.26 0.4 0.18125
12 0.26 0.4 0.2875
13 0.26 0.4 0.4375
14 0.26 0.4 0.5625
15 0.26 0.4 0.6475
16 0.26 0.4 0.55625
17 0.26 0.4 0.4125
18 0.0 0.0 0.25
19 0.0 0.0 0.15625
20 0.01 0.0 0.12425
21 0.01 0.0 0.12475
22 0.015 0.0 0.124416666667
23 0.045 0.0 0.1225
24 0.075 0.0 0.11875
25 0.11 0.0 0.1125
26 0.135 0.0 0.0850833333333
27 0.155 0.0 0.09375
28 0.17 0.0 0.08125
29 0.18 0.0 0.0681666666667
30 0.19 0.0 0.0514166666667
31 0.195 0.0 0.0405833333333
32 0.205 0.0 0.0265833333333
33 0.215 0.0 0.00625
34 0.23 0.0 0.0
35 0.24 0.0 0.0
36 0.25 0.0 0.0
37 0.26 0.0 0.0
38 0.26 0.0 0.0
39 0.26 0.0 0.0
40 0.26 0.0 0.0
41 0.26 0.0 0.0
42 0.26 0.0 0.0
43 0.26 0.0 0.0
44 0.26 0.0 0.0
45 0.26 0.0 0.0
46 0.26 0.0 0.0
47 0.26 0.0 0.0
48 0.26 0.0 0.0
49 0.26 0.0 0.0
50 0.26 0.0 0.0
51 0.26 0.0 0.0
52 0.26 0.0 0.0
53 0.26 0.0 0.0
54 0.26 0.0 0.0
55 0.26 0.0 0.0
56 0.26 0.0 0.0
57 0.26 0.0 0.0
58 0.26 0.0 0.0
59 0.26 0.0 0.0
60 0.26 -0.05 0.0
61 0.26 -0.1 0.0
62 0.26 -0.1 0.0
63 0.26 -0.1 0.0
64 0.26 -0.1 0.0
65 0.26 -0.1 0.0
66 0.26 -0.1 0.0
67 0.26 -0.1 0.0
68 0.26 -0.1 0.0
69 0.26 -0.1 0.0
70 0.26 -0.1 0.0
71 0.26 -0.1 0.0
72 0.26 -0.1 0.0
73 0.26 -0.1 0.0
74 0.26 -0.15 0.0
75 0.26 -0.2 0.0
76 0.26 -0.2 0.0
77 0.26 -0.2 0.0
78 0.26 -0.2 0.0
79 0.26 -0.2 0.0
80 0.26 -0.2 0.0
81 0.26 -0.2 0.0
82 0.26 -0.2 0.0125
83 0.26 -0.2 0.0
84 0.26 -0.2 0.0
85 0.26 -0.2 0.0
86 0.26 -0.15 0.0
87 0.26 -0.1 0.0
88 0.26 -0.1 0.0
89 0.26 -0.1 0.0
90 0.26 -0.1 0.0
91 0.26 -0.1 0.0
92 0.26 -0.1 0.0
93 0.26 -0.1 0.0
94 0.26 -0.1 0.0
95 0.26 -0.1 0.0
96 0.26 -0.1 0.0
97 0.26 -0.1 0.0
98 0.26 -0.1 0.0
99 0.26 -0.1 0.0
100 0.26 -0.1 0.0
101 0.26 -0.1 0.0
102 0.26 -0.1 0.0
103 0.26 -0.1 0.0
104 0.26 -0.1 0.0
105 0.26 -0.1 0.0
106 0.26 -0.1 0.0
107 0.26 -0.1 0.0
108 0.26 -0.1 0.0
109 0.26 -0.1 0.0
110 0.26 -0.1 0.0
111 0.26 -0.1 0.0
112 0.26 -0.1 0.0
113 0.26 -0.1 0.0
114 0.26 -0.1 0.0
115 0.26 -0.1 0.0
116 0.26 -0.1 0.0
117 0.26 -0.1 0.0
118 0.26 -0.1 0.0
119 0.26 -0.1 0.0
120 0.26 -0.1 0.0
121 0.26 -0.1 0.0
122 0.26 -0.1 0.0
123 0.26 -0.2 0.0
124 0.26 -0.2 0.0
125 0.26 -0.2 0.0
126 0.26 -0.2 0.0
127 0.26 -0.2 0.0
128 0.26 -0.2 0.0
129 0.26 -0.2 0.0
130 0.26 -0.2 0.0
131 0.26 -0.2 0.0
132 0.26 -0.2 0.0
133 0.26 -0.2 0.0
134 0.26 -0.2 0.0
135 0.26 -0.2 0.00625
136 0.26 -0.2 0.064
137 0.26 -0.2 0.0753333333333
138 0.26 -0.2 0.0793333333333
139 0.26 -0.2 0.07375
140 0.26 -0.2 0.0690833333333
141 0.26 -0.2 0.0636666666667
142 0.26 -0.2 0.04975
143 0.26 -0.1 0.03425
144 0.26 -0.1 0.025
145 0.26 -0.1 0.0175
146 0.26 -0.1 0.0148333333333
147 0.26 -0.1 0.00925
148 0.26 -0.1 0.00541666666667
149 0.26 -0.1 0.000916666666667
150 0.26 -0.1 0.0
151 0.26 -0.1 0.0
152 0.26 -0.1 0.0
153 0.26 -0.1 0.0
154 0.26 -0.1 0.0
155 0.26 -0.1 0.0
156 0.26 -0.2 0.0
157 0.26 -0.2 0.0
158 0.26 -0.2 0.0
159 0.26 -0.2 0.0
160 0.26 -0.2 0.0
161 0.26 -0.2 0.0
162 0.26 -0.2 0.0
163 0.26 -0.2 0.0
164 0.26 -0.2 0.0
165 0.26 -0.2 0.0
166 0.26 -0.2 0.0
167 0.26 -0.2 0.0
168 0.26 -0.2 0.0
169 0.26 -0.2 0.0
170 0.26 -0.2 0.0
171 0.26 -0.2 0.0
172 0.26 -0.2 0.0
173 0.26 -0.2 0.0
174 0.26 -0.2 0.0
175 0.26 -0.2 0.0
176 0.26 -0.2 0.0
177 0.26 -0.2 0.0
178 0.26 -0.2 0.0125
179 0.26 -0.2 0.0681666666667
180 0.26 -0.2 0.132666666667
181 0.26 -0.2 0.18125
182 0.26 -0.2 0.23125
183 0.26 -0.2 0.28125
184 0.26 -0.2 0.33125
185 0.26 -0.2 0.36875
186 0.26 -0.2 0.3625
187 0.26 -0.2 0.35625
188 0.26 -0.2 0.3375
189 0.26 -0.2 0.33125
190 0.26 -0.2 0.309083333333
191 0.26 -0.2 0.28125
192 0.26 -0.2 0.25
193 0.0 0.0 0.459166666667
194 0.0 0.0 0.947916666667
195 0.0 0.1 1.0
196 0.0 0.1 1.0
197 0.0 0.15 1.0
198 0.0 0.5 0.9545
199 0.0 0.7 0.901166666667
200 0.0 0.85 0.608166666667
201 0.0 0.95 0.298666666667
202 0.0 0.0 0.0114166666667
203 0.0 0.0 0.0
204 0.0 0.0 0.0
205 0.01 0.0 0.0
206 0.01 0.0 0.0
207 0.02 0.0 0.0
208 0.05 0.0 0.0
209 0.08 0.0 0.0
210 0.115 0.0 0.0
211 0.14 0.0 0.0
212 0.165 0.0 0.0
213 0.2 0.0 0.0
214 0.225 0.0 0.0
215 0.255 0.0 0.0
216 0.26 0.0 0.0
217 0.26 0.0 0.0
218 0.26 0.0 0.0
219 0.26 0.0 0.0
220 0.26 0.0 0.0
221 0.26 0.0 0.0
222 0.26 0.0 0.0
223 0.26 0.0 0.0
224 0.26 -0.05 0.0
225 0.26 -0.1 0.0
226 0.26 -0.1 0.0
227 0.26 -0.1 0.0
228 0.26 -0.1 0.0
229 0.26 -0.1 0.0
230 0.26 -0.1 0.0
231 0.26 -0.1 0.0
232 0.26 -0.1 0.0
233 0.26 -0.1 0.0
234 0.26 -0.1 0.0
235 0.26 -0.1 0.0
236 0.26 -0.1 0.0
237 0.26 -0.1 0.0
238 0.26 -0.1 0.0
239 0.26 -0.1 0.0
240 0.26 -0.15 0.0
241 0.26 -0.2 0.0
242 0.26 -0.2 0.0
243 0.26 -0.3 0.0
244 0.26 -0.3 0.05625
245 0.26 -0.3 0.05625
246 0.26 -0.3 0.05
247 0.26 -0.3 0.05
248 0.26 -0.3 0.11875
249 0.26 -0.3 0.18125
250 0.26 -0.3 0.25
251 0.26 -0.3 0.332416666667
252 0.26 -0.3 0.238083333333
253 0.0 0.0 0.0
254 0.0 0.0 0.0
255 0.01 0.0 0.0481666666667
256 0.01 0.0 0.0254166666667
257 0.025 0.0 0.0244166666667
258 0.055 0.0 0.0238333333333
259 0.08 0.0 0.02125
260 0.105 0.0 0.0159166666667
261 0.135 0.0 0.0118333333333
262 0.165 0.0 0.0106666666667
263 0.2 0.0 0.00733333333333
264 0.23 0.0 0.00483333333333
265 0.26 0.0 0.00266666666667
266 0.26 0.0 0.00116666666667
267 0.26 0.0 8.33333333333e-05
268 0.26 0.0 0.0
269 0.26 0.0 0.0
270 0.26 0.0 0.0
271 0.26 0.0 0.0
272 0.26 0.0 0.0
273 0.26 0.0 0.0
274 0.26 0.0 0.0
275 0.26 0.0 0.0
276 0.26 0.0 0.0
277 0.26 0.0 0.0
278 0.26 0.0 0.0
279 0.26 0.0 0.0
280 0.26 0.0 0.0
281 0.26 0.0 0.0
282 0.26 0.0 0.0
283 0.26 0.0 0.0
284 0.26 0.0 0.0
285 0.26 0.0 0.0
286 0.26 0.0 0.0
287 0.26 0.0 0.0
288 0.26 0.0 0.0
289 0.26 0.0 0.0
290 0.26 0.0 0.0
291 0.26 0.0 0.0
292 0.26 0.0 0.0
293 0.26 0.0 0.0
294 0.26 0.0 0.0
295 0.26 0.0 0.0
296 0.26 0.0 0.0
297 0.26 0.0 0.0
298 0.26 0.0 0.0
299 0.26 0.0 0.0
