0 0.26 0.0 0.0633333333333
1 0.26 0.0 0.0625
2 0.26 0.0 0.05625
3 0.26 0.0 0.04375
4 0.26 0.0 0.0375
5 0.26 0.0 0.025
6 0.26 0.0 0.0125
7 0.26 0.0 0.0
8 0.26 0.0 0.0
9 0.26 0.0 0.0
10 0.26 0.0 0.0
11 0.26 0.0 0.0
12 0.26 -0.05 0.0
13 0.26 -0.1 0.0
14 0.26 -0.15 0.0
15 0.26 -0.2 0.0
16 0.26 -0.2 0.0
17 0.26 -0.2 0.0
18 0.26 -0.2 0.0
19 0.26 -0.2 0.0
20 0.26 -0.25 0.0
21 0.26 -0.3 0.0
22 0.26 -0.3 0.075
23 0.26 -0.3 0.15625
24 0.26 -0.3 0.2415
25 0.26 -0.3 0.325
26 0.26 -0.3 0.4125
27 0.26 -0.3 0.50625
28 0.26 -0.3 0.58125
29 0.26 -0.3 0.60625
30 0.26 -0.3 0.55625
31 0.26 -0.3 0.475
32 0.26 -0.3 0.39375
33 0.0 0.0 0.3125
34 0.0 0.0 0.275
35 0.0 0.0 0.26875
36 0.0 0.0 0.26875
37 0.01 0.0 0.26875
38 0.01 0.0 0.26875
39 0.01 0.0 0.26875
40 0.03 0.0 0.26875
41 0.06 0.0 0.2625
42 0.085 0.0 0.2625
43 0.11 0.0 0.2625
44 0.135 0.0 0.2625
45 0.165 0.0 0.275
46 0.19 0.0 0.2875
47 0.215 0.0 0.26875
48 0.245 0.0 0.2625
49 0.26 0.0 0.25625
50 0.26 0.0 0.25
51 0.26 0.0 0.24375
52 0.26 0.0 0.2375
53 0.26 0.0 0.23125
54 0.26 0.0 0.21875
55 0.26 0.0 0.203833333333
56 0.26 0.0 0.188
57 0.26 0.1 0.178166666667
58 0.26 0.15 0.1915
59 0.26 0.2 0.217083333333
60 0.26 0.25 0.2625
61 0.26 0.3 0.3125
62 0.26 0.35 0.3875
63 0.26 0.4 0.4625
64 0.26 0.4 0.55625
65 0.26 0.4 0.65625
66 0.26 0.4 0.75
67 0.26 0.4 0.75
68 0.26 0.4 0.75
69 0.26 0.4 0.75
70 0.0 0.0 0.75
71 0.0 0.0 0.75
72 0.0 0.0 0.75
73 0.0 0.0 0.75
74 0.0 0.0 0.75
75 0.01 0.0 0.75
76 0.01 0.0 0.75
77 0.01 0.0 0.75
78 0.03 0.0 0.75
79 0.06 0.0 0.75
80 0.085 0.0 0.75
81 0.11 0.0 0.75
82 0.135 0.0 0.75
83 0.165 0.0 0.75
84 0.19 0.0 0.75
85 0.215 0.0 0.75
86 0.24 0.0 0.75
87 0.26 0.0 0.75
88 0.26 0.0 0.75
89 0.26 0.0 0.75
90 0.26 0.0 0.75
91 0.26 0.0 0.75
92 0.26 0.0 0.75
93 0.26 0.0 0.75
94 0.26 0.0 0.75
95 0.26 0.0 0.75
96 0.26 0.0 0.75
97 0.26 0.0 0.75
98 0.26 0.0 0.75
99 0.26 0.0 0.75
100 0.26 0.0 0.75
101 0.26 0.0 0.75
102 0.26 0.0 0.75
103 0.26 0.0 0.75
104 0.26 0.0 0.75
105 0.26 0.0 0.75
106 0.26 0.0 0.75
107 0.26 0.0 0.75
108 0.26 0.0 0.75
109 0.26 0.0 0.75
110 0.26 0.0 0.75
