0 0.26 0.0 0.0
1 0.26 0.0 0.0
2 0.26 0.0 0.0
3 0.26 0.0 0.0
4 0.26 0.1 0.0
5 0.26 0.1 0.0
6 0.26 0.2 0.0
7 0.26 0.25 0.0
8 0.26 0.3 0.0
9 0.26 0.35 0.0
10 0.26 0.4 0.0
11 0.26 0.4 0.05625
12 0.26 0.4 0.19375
13 0.26 0.4 0.30625
14 0.26 0.4 0.4375
15 0.26 0.4 0.51875
16 0.26 0.4 0.63125
17 0.26 0.4 0.65625
18 0.26 0.4 0.55625
19 0.26 0.4 0.446916666667
20 0.0 0.0 0.3305
21 0.0 0.0 0.19375
22 0.0 0.0 0.03125
23 0.0 0.0 0.0
24 0.005 0.0 0.0
25 0.01 0.0 0.0
26 0.01 0.0 0.0
27 0.03 0.0 0.0
28 0.06 0.0 0.0
29 0.085 0.0 0.0
30 0.11 0.0 0.0
31 0.14 0.0 0.0
32 0.17 0.0 0.0
33 0.2 0.0 0.0
34 0.23 0.0 0.0
35 0.255 0.0 0.0
36 0.26 0.0 0.0
37 0.26 0.0 0.0
38 0.26 0.0 0.0
39 0.26 0.0 0.0
40 0.26 0.0 0.0
41 0.26 0.0 0.0
42 0.26 0.0 0.0
43 0.26 0.0 0.0
44 0.26 0.0 0.0
45 0.26 0.0 0.0
46 0.26 0.0 0.0
47 0.26 0.0 0.0
48 0.26 0.0 0.0
49 0.26 0.0 0.0
50 0.26 0.0 0.0
51 0.26 0.0 0.0
52 0.26 0.0 0.0
53 0.26 0.0 0.0
54 0.26 0.0 0.0
55 0.26 0.0 0.0
56 0.26 0.0 0.0
57 0.26 0.0 0.0
58 0.26 0.0 0.0
59 0.26 0.0 0.0
60 0.26 0.0 0.0
61 0.26 0.0 0.0
62 0.26 0.0 0.0
63 0.26 0.0 0.0
64 0.26 -0.05 0.0
65 0.26 -0.1 0.0
66 0.26 -0.1 0.0
67 0.26 -0.1 0.0
68 0.26 -0.1 0.0
69 0.26 -0.1 0.0
70 0.26 -0.1 0.0
71 0.26 -0.1 0.0
72 0.26 -0.1 0.0
73 0.26 -0.1 0.0
74 0.26 -0.15 0.0
75 0.26 -0.2 0.0
76 0.26 -0.2 0.0
77 0.26 -0.2 0.0
78 0.26 -0.2 0.0
79 0.26 -0.2 0.0
80 0.26 -0.2 0.0
81 0.26 -0.2 0.0
82 0.26 -0.2 0.0
83 0.26 -0.2 0.0
84 0.26 -0.2 0.0
85 0.26 -0.2 0.0
86 0.26 -0.2 0.0
87 0.26 -0.2 0.0
88 0.26 -0.2 0.0
89 0.26 -0.2 0.0
90 0.26 -0.2 0.04375
91 0.26 -0.1 0.08125
92 0.26 -0.1 0.0368333333333
93 0.26 -0.05 0.0
94 0.26 0.0 0.0
95 0.26 0.0 0.0
96 0.26 0.0 0.0
97 0.26 0.0 0.0
98 0.26 0.0 0.0
99 0.26 0.0 0.0
100 0.26 0.0 0.0
101 0.26 0.0 0.0
102 0.26 0.0 0.0
103 0.26 0.0 0.0
104 0.26 0.0 0.0
105 0.26 0.0 0.0
106 0.26 0.0 0.0
107 0.26 0.0 0.0
108 0.26 0.0 0.0
109 0.26 0.0 0.0
110 0.26 0.0 0.0
111 0.26 0.0 0.0
112 0.26 0.0 0.0
113 0.26 0.0 0.0
114 0.26 0.0 0.0
115 0.26 0.0 0.0
116 0.26 0.0 0.0
117 0.26 0.0 0.0
118 0.26 0.0 0.0
119 0.26 0.0 0.0
120 0.26 0.0 0.0
121 0.26 0.0 0.0
122 0.26 0.0 0.0
123 0.26 0.0 0.0
124 0.26 0.0 0.0
125 0.26 -0.05 0.0
126 0.26 -0.1 0.0
127 0.26 -0.1 0.0
128 0.26 -0.1 0.0
129 0.26 -0.15 0.0
130 0.26 -0.2 0.0
131 0.26 -0.2 0.0
132 0.26 -0.2 0.0
133 0.26 -0.2 0.0
134 0.26 -0.2 0.0
135 0.26 -0.2 0.0
136 0.26 -0.2 0.0
137 0.26 -0.2 0.0
138 0.26 -0.3 0.0
139 0.26 -0.3 0.0
140 0.26 -0.3 0.0
141 0.26 -0.4 0.0
142 0.26 -0.4 0.0
143 0.26 -0.4 0.0
144 0.26 -0.4 0.0
145 0.26 -0.4 0.0
146 0.26 -0.4 0.0
147 0.26 -0.4 0.0
148 0.26 -0.4 0.0
149 0.26 -0.4 0.0
150 0.26 -0.4 0.0
151 0.26 -0.4 0.0
152 0.26 -0.4 0.0
153 0.26 -0.4 0.08125
154 0.26 -0.4 0.14425
155 0.26 -0.4 0.164416666667
156 0.26 -0.4 0.17925
157 0.26 -0.4 0.188833333333
158 0.26 -0.4 0.269666666667
159 0.26 -0.4 0.367083333333
160 0.26 -0.4 0.370333333333
161 0.26 -0.4 0.442083333333
162 0.26 -0.4 0.544
163 0.0 0.0 0.628
164 0.0 0.0 0.65425
165 0.0 0.0 0.648416666667
166 0.0 0.05 0.648333333333
167 0.0 0.1 0.637583333333
168 0.0 0.1 0.6105
169 0.01 0.1 0.588833333333
170 0.01 0.1 0.56475
171 0.01 0.1 0.54075
172 0.035 0.1 0.5095
173 0.065 0.1 0.499
174 0.095 0.1 0.503583333333
175 0.12 0.1 0.49225
176 0.13 0.05 0.465916666667
177 0.14 0.0 0.443833333333
178 0.15 0.0 0.4425
179 0.155 0.0 0.441083333333
180 0.165 0.0 0.4445
181 0.185 0.0 0.442583333333
182 0.215 0.0 0.435333333333
183 0.24 0.0 0.438166666667
184 0.26 0.0 0.435583333333
185 0.26 0.0 0.426416666667
186 0.26 0.0 0.423583333333
187 0.26 0.0 0.420416666667
188 0.26 0.0 0.421833333333
189 0.26 0.0 0.41875
190 0.26 0.0 0.216833333333
191 0.26 0.0 0.01125
192 0.26 0.0 0.00166666666667
193 0.26 0.0 0.0
194 0.26 0.0 0.0
195 0.26 0.0 0.0
196 0.26 0.0 0.0
197 0.26 0.0 0.0
198 0.26 0.0 0.0
199 0.26 0.0 0.0
200 0.26 0.0 0.0
201 0.26 0.0 0.0
202 0.26 0.0 0.0
203 0.26 0.0 0.0
204 0.26 0.0 0.0
205 0.26 0.0 0.0
206 0.26 0.0 0.0
207 0.26 0.0 0.0
208 0.26 0.0 0.0
209 0.26 0.0 0.0
210 0.26 0.0 0.0
211 0.26 0.0 0.0
212 0.26 0.0 0.0
213 0.26 0.0 0.0
214 0.26 0.0 0.0
215 0.26 0.0 0.0
216 0.26 0.0 0.0
217 0.26 0.0 0.0
218 0.26 0.0 0.0
219 0.26 0.0 0.0
220 0.26 0.0 0.0
221 0.26 0.0 0.0
222 0.26 0.0 0.0
223 0.26 0.0 0.0
224 0.26 0.0 0.0
225 0.26 0.0 0.0
226 0.26 0.0 0.0
227 0.26 0.0 0.0
228 0.26 0.0 0.0
229 0.26 0.0 0.0
230 0.26 0.0 0.0
231 0.26 0.0 0.0
232 0.26 0.0 0.0
233 0.26 0.0 0.0
234 0.26 -0.05 0.0
235 0.26 -0.1 0.0
236 0.26 -0.1 0.0
237 0.26 -0.1 0.0
238 0.26 -0.1 0.0
239 0.26 -0.1 0.0
240 0.26 -0.15 0.0
241 0.26 -0.2 0.0
242 0.26 -0.2 0.0
243 0.26 -0.2 0.0
244 0.26 -0.2 0.0
245 0.26 -0.2 0.0
246 0.26 -0.25 0.0
247 0.26 -0.3 0.0
248 0.26 -0.3 0.0
249 0.26 -0.3 0.0
250 0.26 -0.3 0.0
251 0.26 -0.3 0.0
252 0.26 -0.3 0.0
253 0.26 -0.3 0.0
254 0.26 -0.3 0.0
255 0.26 -0.3 0.0
256 0.26 -0.3 0.0
257 0.26 -0.3 0.0
258 0.26 -0.3 0.0
259 0.26 -0.3 0.0
260 0.26 -0.3 0.0
261 0.26 -0.3 0.0
262 0.26 -0.3 0.0
263 0.26 -0.3 0.0334166666667
264 0.26 -0.25 0.11875
265 0.26 -0.2 0.20625
266 0.26 -0.2 0.24375
267 0.26 -0.2 0.262166666667
268 0.26 -0.2 0.243416666667
269 0.26 -0.2 0.27525
270 0.26 -0.2 0.319166666667
271 0.26 -0.2 0.3745
272 0.26 -0.2 0.418
273 0.26 -0.2 0.4605
274 0.26 -0.2 0.515666666667
275 0.26 -0.2 0.558916666667
276 0.0 0.0 0.588916666667
277 0.0 0.0 0.576333333333
278 0.0 0.0 0.574416666667
279 0.0 0.0 0.574416666667
280 0.0 0.0 0.574333333333
281 0.005 0.0 0.57425
282 0.01 0.0 0.57425
283 0.01 0.0 0.57425
284 0.025 0.0 0.56875
285 0.05 0.0 0.5745
286 0.08 0.0 0.574416666667
287 0.105 0.0 0.571083333333
288 0.135 0.0 0.567
289 0.15 0.0 0.56625
290 0.16 0.0 0.56075
291 0.165 0.0 0.559416666667
292 0.175 0.0 0.552583333333
293 0.18 0.0 0.54575
294 0.19 0.0 0.544
295 0.2 0.0 0.543833333333
296 0.205 0.0 0.535583333333
297 0.215 0.0 0.529833333333
298 0.22 0.0 0.524416666667
299 0.23 0.0 0.5235
300 0.24 0.0 0.522916666667
301 0.245 0.0 0.516416666667
302 0.255 0.0 0.51575
303 0.26 0.0 0.509333333333
304 0.26 0.0 0.502833333333
305 0.26 0.0 0.50275
306 0.26 0.0 0.501916666667
307 0.26 0.0 0.501833333333
308 0.26 0.0 0.50175
309 0.26 0.0 0.507416666667
310 0.26 0.0 0.50725
311 0.26 0.0 0.507166666667
312 0.26 0.0 0.513
313 0.26 0.0 0.513
314 0.26 0.0 0.519
315 0.26 0.0 0.518833333333
316 0.26 0.0 0.518833333333
317 0.26 0.0 0.525
318 0.26 0.0 0.525
319 0.26 0.0 0.53125
320 0.26 0.0 0.53125
321 0.26 0.0 0.53125
322 0.26 0.0 0.29425
323 0.26 0.0 0.0
324 0.26 0.0 0.0
325 0.26 0.0 0.0
326 0.26 0.0 0.0
327 0.26 0.0 0.0
328 0.26 0.0 0.0
329 0.26 0.0 0.0
330 0.26 0.0 0.0
331 0.26 0.0 0.0
332 0.26 0.0 0.0
333 0.26 0.0 0.0
334 0.26 0.0 0.0
335 0.26 0.0 0.0
336 0.26 0.0 0.0
337 0.26 0.0 0.0
338 0.26 0.0 0.0
339 0.26 0.0 0.0
340 0.26 0.0 0.0
341 0.26 0.0 0.0
342 0.26 0.0 0.0
343 0.26 0.0 0.0
344 0.26 0.0 0.0
345 0.26 0.0 0.0
346 0.26 0.0 0.0
347 0.26 0.0 0.0
348 0.26 0.0 0.0
349 0.26 0.0 0.0
350 0.26 0.0 0.0
351 0.26 0.0 0.0
352 0.26 0.0 0.0
353 0.26 0.0 0.0
354 0.26 0.0 0.0
