0 0.12 0.0 0.2715
1 0.14 0.0 0.271583333333
2 0.145 0.0 0.271416666667
3 0.155 -0.05 0.271083333333
4 0.165 -0.1 0.270416666667
5 0.17 -0.1 0.2695
6 0.18 -0.2 0.268666666667
7 0.185 -0.2 0.268666666667
8 0.195 -0.2 0.26825
9 0.2 -0.2 0.26375
10 0.205 -0.2 0.256416666667
11 0.215 -0.2 0.255583333333
12 0.22 -0.2 0.261666666667
13 0.225 -0.2 0.260583333333
14 0.235 -0.2 0.26025
15 0.24 -0.2 0.260333333333
16 0.245 -0.2 0.2585
17 0.255 -0.2 0.258833333333
18 0.26 -0.2 0.257916666667
19 0.26 -0.2 0.256833333333
20 0.26 -0.2 0.256333333333
21 0.26 -0.2 0.25375
22 0.26 -0.2 0.250333333333
23 0.26 -0.2 0.256916666667
24 0.26 -0.2 0.257
25 0.26 -0.2 0.256416666667
26 0.26 -0.2 0.254833333333
27 0.26 -0.2 0.255083333333
28 0.26 -0.2 0.25375
29 0.26 -0.2 0.252416666667
30 0.26 -0.2 0.252
31 0.26 -0.2 0.250833333333
32 0.26 -0.2 0.250916666667
33 0.26 -0.2 0.251833333333
34 0.26 -0.2 0.25975
35 0.26 -0.2 0.26325
36 0.26 -0.2 0.265083333333
37 0.26 -0.2 0.258166666667
38 0.26 -0.2 0.257166666667
39 0.26 -0.2 0.257333333333
40 0.26 -0.2 0.257416666667
41 0.26 -0.2 0.258666666667
42 0.26 -0.2 0.259166666667
43 0.26 -0.2 0.259166666667
44 0.26 -0.2 0.258833333333
45 0.26 -0.2 0.258166666667
46 0.26 -0.2 0.259583333333
47 0.26 -0.2 0.265916666667
48 0.26 -0.2 0.274166666667
49 0.26 -0.2 0.276583333333
50 0.26 -0.2 0.276333333333
51 0.26 -0.2 0.274666666667
52 0.26 -0.2 0.27425
53 0.26 -0.2 0.273
54 0.26 -0.2 0.271916666667
55 0.26 -0.2 0.271666666667
56 0.26 -0.2 0.27125
57 0.26 -0.2 0.270666666667
58 0.26 -0.2 0.26925
59 0.26 -0.2 0.268916666667
60 0.26 -0.2 0.268833333333
61 0.26 -0.2 0.276333333333
62 0.26 -0.2 0.283833333333
63 0.26 -0.2 0.290333333333
64 0.26 -0.2 0.291666666667
65 0.26 -0.2 0.291666666667
66 0.26 -0.2 0.291666666667
67 0.26 -0.2 0.291666666667
68 0.26 -0.2 0.291666666667
69 0.26 -0.2 0.291666666667
70 0.26 -0.2 0.291666666667
71 0.26 -0.2 0.291666666667
72 0.26 -0.2 0.291666666667
73 0.26 -0.2 0.291666666667
74 0.26 -0.2 0.291666666667
75 0.26 -0.2 0.291666666667
76 0.26 -0.2 0.291666666667
77 0.26 -0.2 0.291666666667
78 0.26 -0.2 0.291666666667
79 0.26 -0.2 0.291666666667
80 0.26 -0.2 0.291666666667
81 0.26 -0.15 0.291666666667
82 0.26 -0.1 0.291666666667
83 0.26 -0.1 0.291666666667
84 0.26 0.0 0.291666666667
85 0.26 0.05 0.291666666667
86 0.26 0.1 0.291666666667
87 0.26 0.1 0.291666666667
88 0.26 0.1 0.291666666667
89 0.26 0.1 0.291666666667
90 0.26 0.1 0.291666666667
91 0.26 0.1 0.291666666667
92 0.26 0.1 0.291666666667
93 0.26 0.1 0.291666666667
94 0.26 0.1 0.291666666667
95 0.26 0.1 0.291666666667
96 0.26 0.1 0.291666666667
97 0.26 0.1 0.291666666667
98 0.26 0.1 0.291666666667
99 0.26 0.1 0.291666666667
100 0.26 0.1 0.291666666667
101 0.26 0.1 0.291666666667
102 0.26 0.1 0.291666666667
103 0.26 0.1 0.291666666667
104 0.26 0.1 0.291666666667
105 0.26 0.05 0.291666666667
106 0.26 0.0 0.291666666667
107 0.26 0.0 0.291666666667
108 0.26 0.0 0.291666666667
109 0.26 0.0 0.291666666667
110 0.26 0.0 0.291666666667
111 0.26 0.0 0.291666666667
112 0.26 0.0 0.291666666667
113 0.26 0.0 0.291666666667
114 0.26 0.0 0.291666666667
115 0.26 0.0 0.291666666667
116 0.26 0.0 0.291666666667
117 0.26 0.0 0.291666666667
118 0.26 0.0 0.291666666667
119 0.26 0.0 0.291666666667
120 0.26 0.0 0.291666666667
121 0.26 0.0 0.291666666667
122 0.26 0.0 0.291666666667
123 0.26 0.0 0.291666666667
124 0.26 0.0 0.291666666667
125 0.26 0.0 0.291666666667
126 0.26 0.0 0.291666666667
127 0.26 0.0 0.291666666667
128 0.26 0.0 0.291666666667
129 0.26 0.0 0.291666666667
130 0.26 0.0 0.291666666667
131 0.26 0.0 0.291666666667
132 0.26 0.0 0.291666666667
133 0.26 0.0 0.291666666667
134 0.26 0.0 0.291666666667
135 0.26 0.0 0.291666666667
136 0.26 0.0 0.291666666667
137 0.26 0.0 0.291666666667
138 0.26 0.0 0.291666666667
139 0.26 0.0 0.291666666667
140 0.26 0.0 0.291666666667
141 0.26 0.0 0.291666666667
142 0.26 0.0 0.291666666667
143 0.26 0.0 0.291666666667
144 0.26 0.0 0.291666666667
145 0.26 0.0 0.291666666667
146 0.26 0.0 0.291666666667
147 0.26 0.0 0.291666666667
148 0.26 0.0 0.291666666667
149 0.26 0.0 0.291666666667
150 0.26 0.0 0.291666666667
151 0.26 0.0 0.291666666667
152 0.26 0.0 0.291666666667
153 0.26 0.0 0.291666666667
154 0.26 0.0 0.291666666667
155 0.26 0.0 0.291666666667
156 0.26 0.0 0.291666666667
157 0.26 0.0 0.291666666667
158 0.26 0.0 0.291666666667
159 0.26 0.0 0.291666666667
160 0.26 0.0 0.291666666667
161 0.26 0.05 0.291666666667
162 0.26 0.1 0.291666666667
163 0.26 0.1 0.291666666667
164 0.26 0.1 0.291666666667
165 0.26 0.1 0.291666666667
166 0.26 0.1 0.291666666667
167 0.26 0.1 0.291666666667
168 0.26 0.1 0.291666666667
169 0.26 0.1 0.291666666667
170 0.26 0.1 0.291666666667
171 0.26 0.1 0.291666666667
172 0.26 0.1 0.291416666667
173 0.26 0.1 0.289833333333
174 0.26 0.1 0.286166666667
175 0.26 0.1 0.282416666667
176 0.26 0.1 0.277
177 0.26 0.1 0.272916666667
178 0.26 0.1 0.270916666667
179 0.26 0.1 0.269333333333
180 0.26 0.1 0.266666666667
181 0.26 0.1 0.266583333333
182 0.26 0.1 0.265166666667
183 0.26 0.1 0.2655
184 0.26 0.1 0.265
185 0.26 0.1 0.264
186 0.26 0.1 0.2635
187 0.26 0.1 0.261833333333
188 0.26 0.1 0.262
189 0.26 0.1 0.260833333333
190 0.26 0.1 0.260916666667
191 0.26 0.1 0.258583333333
192 0.26 0.1 0.257
193 0.26 0.1 0.255333333333
194 0.26 0.1 0.253916666667
195 0.26 0.1 0.252666666667
196 0.26 0.1 0.250916666667
197 0.26 0.1 0.250166666667
198 0.26 0.1 0.2495
199 0.26 0.1 0.249416666667
200 0.26 0.1 0.2475
201 0.26 0.1 0.24725
202 0.26 0.1 0.247583333333
203 0.26 0.1 0.247416666667
204 0.26 0.1 0.245166666667
205 0.26 0.15 0.244916666667
206 0.26 0.2 0.246083333333
207 0.26 0.2 0.250833333333
208 0.26 0.2 0.254333333333
209 0.26 0.3 0.254666666667
210 0.26 0.3 0.255166666667
211 0.26 0.35 0.255
212 0.26 0.4 0.25575
213 0.26 0.4 0.255583333333
214 0.26 0.4 0.262583333333
215 0.26 0.4 0.273916666667
216 0.26 0.4 0.268916666667
217 0.26 0.4 0.257583333333
218 0.26 0.4 0.250833333333
219 0.26 0.4 0.251
220 0.26 0.4 0.2515
221 0.26 0.4 0.25825
222 0.26 0.4 0.266583333333
223 0.26 0.4 0.267916666667
224 0.26 0.4 0.266916666667
225 0.26 0.4 0.255
226 0.26 0.4 0.25325
227 0.26 0.4 0.24125
228 0.26 0.4 0.240666666667
229 0.26 0.4 0.245
230 0.26 0.4 0.254083333333
231 0.26 0.4 0.264083333333
232 0.26 0.4 0.26425
233 0.26 0.4 0.264333333333
234 0.26 0.45 0.26475
235 0.26 0.5 0.26475
236 0.26 0.5 0.264916666667
237 0.26 0.5 0.26575
238 0.26 0.5 0.267083333333
239 0.26 0.5 0.281333333333
240 0.26 0.5 0.291666666667
241 0.26 0.5 0.291666666667
242 0.26 0.5 0.291666666667
243 0.26 0.5 0.291666666667
244 0.26 0.5 0.291666666667
245 0.26 0.5 0.291666666667
246 0.26 0.5 0.291666666667
247 0.26 0.5 0.291666666667
248 0.26 0.5 0.2905
249 0.26 0.5 0.275333333333
250 0.26 0.5 0.262083333333
251 0.26 0.5 0.260583333333
252 0.26 0.5 0.262
253 0.26 0.5 0.264083333333
254 0.26 0.5 0.263333333333
255 0.26 0.45 0.263916666667
256 0.26 0.4 0.263833333333
257 0.26 0.4 0.264583333333
258 0.26 0.35 0.263666666667
259 0.26 0.3 0.263
260 0.26 0.3 0.269333333333
261 0.26 0.3 0.27325
262 0.26 0.3 0.273333333333
263 0.26 0.3 0.273666666667
264 0.26 0.3 0.2825
265 0.26 0.3 0.28975
266 0.26 0.25 0.291416666667
267 0.26 0.15 0.291666666667
268 0.26 0.1 0.291666666667
269 0.26 0.1 0.291666666667
270 0.26 0.1 0.291666666667
271 0.26 0.1 0.291666666667
272 0.26 0.1 0.291666666667
273 0.26 0.1 0.291666666667
274 0.26 0.1 0.291666666667
275 0.26 0.1 0.291666666667
276 0.26 0.1 0.291666666667
277 0.26 0.1 0.291666666667
278 0.26 0.1 0.291666666667
279 0.26 0.1 0.291666666667
280 0.26 0.1 0.291666666667
281 0.26 0.1 0.291666666667
282 0.26 0.1 0.291166666667
283 0.26 0.1 0.289083333333
284 0.26 0.15 0.2835
285 0.26 0.2 0.282083333333
286 0.26 0.2 0.28875
287 0.26 0.2 0.290916666667
288 0.26 0.2 0.291583333333
289 0.26 0.2 0.291666666667
290 0.26 0.2 0.291666666667
291 0.26 0.2 0.291666666667
292 0.26 0.2 0.291666666667
293 0.26 0.2 0.291666666667
294 0.26 0.2 0.291666666667
295 0.26 0.15 0.291666666667
296 0.26 0.1 0.291666666667
297 0.26 0.05 0.291666666667
298 0.26 2.77555756156e-17 0.291666666667
299 0.26 2.77555756156e-17 0.291666666667
300 0.26 2.77555756156e-17 0.291666666667
301 0.26 2.77555756156e-17 0.291666666667
302 0.26 2.77555756156e-17 0.291666666667
303 0.26 2.77555756156e-17 0.291666666667
304 0.26 2.77555756156e-17 0.291666666667
305 0.26 2.77555756156e-17 0.291666666667
306 0.26 2.77555756156e-17 0.291666666667
307 0.26 2.77555756156e-17 0.291666666667
308 0.26 2.77555756156e-17 0.291666666667
309 0.26 2.77555756156e-17 0.291666666667
310 0.26 2.77555756156e-17 0.291666666667
311 0.26 2.77555756156e-17 0.291666666667
312 0.26 2.77555756156e-17 0.291666666667
313 0.26 2.77555756156e-17 0.291666666667
314 0.26 2.77555756156e-17 0.291666666667
315 0.26 2.77555756156e-17 0.291666666667
316 0.26 2.77555756156e-17 0.291666666667
317 0.26 2.77555756156e-17 0.291666666667
318 0.26 2.77555756156e-17 0.291666666667
319 0.26 -0.1 0.291666666667
320 0.26 -0.1 0.291666666667
321 0.26 -0.2 0.291666666667
322 0.26 -0.2 0.291666666667
323 0.26 -0.2 0.291666666667
324 0.26 -0.2 0.291666666667
325 0.26 -0.2 0.291666666667
326 0.26 -0.2 0.291666666667
327 0.26 -0.2 0.291666666667
328 0.26 -0.2 0.291
329 0.26 -0.2 0.279416666667
330 0.26 -0.2 0.26925
331 0.26 -0.2 0.260916666667
332 0.26 -0.2 0.248666666667
333 0.26 -0.2 0.241333333333
334 0.26 -0.2 0.238916666667
335 0.26 -0.2 0.238
336 0.26 -0.2 0.23675
337 0.26 -0.2 0.235416666667
338 0.26 -0.2 0.234333333333
339 0.26 -0.2 0.234
340 0.26 -0.2 0.2245
341 0.26 -0.2 0.210583333333
342 0.26 -0.2 0.199166666667
343 0.26 -0.2 0.192916666667
344 0.26 -0.2 0.182583333333
345 0.26 -0.2 0.178666666667
346 0.26 -0.2 0.177833333333
347 0.26 -0.2 0.18575
348 0.26 -0.2 0.195083333333
349 0.26 -0.1 0.196333333333
350 0.26 -0.05 0.186583333333
351 0.26 2.77555756156e-17 0.180666666667
352 0.26 2.77555756156e-17 0.178833333333
353 0.26 2.77555756156e-17 0.177583333333
354 0.26 2.77555756156e-17 0.18
355 0.26 2.77555756156e-17 0.182833333333
356 0.26 2.77555756156e-17 0.1825
357 0.26 2.77555756156e-17 0.186833333333
358 0.26 2.77555756156e-17 0.19075
359 0.26 2.77555756156e-17 0.19375
360 0.26 2.77555756156e-17 0.194666666667
361 0.26 2.77555756156e-17 0.197916666667
362 0.26 2.77555756156e-17 0.199166666667
363 0.26 2.77555756156e-17 0.1995
364 0.26 2.77555756156e-17 0.199
365 0.26 2.77555756156e-17 0.19925
366 0.26 2.77555756156e-17 0.199333333333
367 0.26 2.77555756156e-17 0.2005
368 0.26 2.77555756156e-17 0.200166666667
369 0.26 2.77555756156e-17 0.20125
370 0.26 2.77555756156e-17 0.202416666667
371 0.26 2.77555756156e-17 0.204
372 0.26 2.77555756156e-17 0.20375
373 0.26 2.77555756156e-17 0.204333333333
374 0.26 2.77555756156e-17 0.205916666667
375 0.26 2.77555756156e-17 0.207833333333
376 0.26 2.77555756156e-17 0.210166666667
377 0.26 2.77555756156e-17 0.2115
378 0.26 2.77555756156e-17 0.213916666667
379 0.26 2.77555756156e-17 0.216166666667
380 0.26 2.77555756156e-17 0.220083333333
381 0.26 2.77555756156e-17 0.221916666667
382 0.26 2.77555756156e-17 0.226083333333
383 0.26 2.77555756156e-17 0.229916666667
384 0.26 2.77555756156e-17 0.23375
385 0.26 2.77555756156e-17 0.237916666667
386 0.26 2.77555756156e-17 0.240416666667
387 0.26 2.77555756156e-17 0.243416666667
388 0.26 2.77555756156e-17 0.245916666667
389 0.26 2.77555756156e-17 0.25175
390 0.26 2.77555756156e-17 0.255916666667
391 0.26 2.77555756156e-17 0.257
392 0.26 2.77555756156e-17 0.2605
393 0.26 2.77555756156e-17 0.263833333333
394 0.26 2.77555756156e-17 0.265583333333
395 0.26 2.77555756156e-17 0.263083333333
396 0.26 2.77555756156e-17 0.258333333333
397 0.26 2.77555756156e-17 0.257166666667
398 0.26 2.77555756156e-17 0.251916666667
399 0.26 2.77555756156e-17 0.248583333333
400 0.26 2.77555756156e-17 0.246916666667
401 0.26 2.77555756156e-17 0.24525
402 0.26 2.77555756156e-17 0.244583333333
403 0.26 2.77555756156e-17 0.25075
404 0.26 2.77555756156e-17 0.2635
405 0.26 2.77555756156e-17 0.267916666667
406 0.26 2.77555756156e-17 0.272916666667
407 0.26 2.77555756156e-17 0.273333333333
408 0.26 2.77555756156e-17 0.272833333333
409 0.26 2.77555756156e-17 0.2725
410 0.26 2.77555756156e-17 0.272583333333
411 0.26 2.77555756156e-17 0.2725
412 0.26 2.77555756156e-17 0.28575
413 0.26 2.77555756156e-17 0.287666666667
414 0.26 2.77555756156e-17 0.2915
415 0.26 2.77555756156e-17 0.291666666667
416 0.26 2.77555756156e-17 0.291666666667
417 0.26 2.77555756156e-17 0.291666666667
418 0.26 2.77555756156e-17 0.291666666667
419 0.26 2.77555756156e-17 0.291666666667
420 0.26 2.77555756156e-17 0.291666666667
421 0.26 2.77555756156e-17 0.291666666667
422 0.26 2.77555756156e-17 0.291666666667
423 0.26 2.77555756156e-17 0.291666666667
424 0.26 2.77555756156e-17 0.291666666667
425 0.26 2.77555756156e-17 0.291666666667
426 0.26 2.77555756156e-17 0.291666666667
427 0.26 2.77555756156e-17 0.291666666667
428 0.26 2.77555756156e-17 0.291666666667
429 0.26 2.77555756156e-17 0.291666666667
430 0.26 2.77555756156e-17 0.291666666667
431 0.26 2.77555756156e-17 0.291666666667
432 0.26 2.77555756156e-17 0.291666666667
433 0.26 2.77555756156e-17 0.291666666667
434 0.26 2.77555756156e-17 0.291666666667
435 0.26 2.77555756156e-17 0.291666666667
436 0.26 2.77555756156e-17 0.291666666667
437 0.26 2.77555756156e-17 0.291666666667
438 0.26 2.77555756156e-17 0.291666666667
439 0.26 2.77555756156e-17 0.291666666667
440 0.26 2.77555756156e-17 0.291666666667
441 0.26 2.77555756156e-17 0.291666666667
442 0.26 2.77555756156e-17 0.291666666667
443 0.26 2.77555756156e-17 0.291666666667
444 0.26 2.77555756156e-17 0.291666666667
445 0.26 2.77555756156e-17 0.291666666667
446 0.26 2.77555756156e-17 0.291666666667
447 0.26 2.77555756156e-17 0.291666666667
448 0.26 2.77555756156e-17 0.291666666667
449 0.26 2.77555756156e-17 0.291666666667
450 0.26 2.77555756156e-17 0.291666666667
451 0.26 2.77555756156e-17 0.291666666667
452 0.26 2.77555756156e-17 0.291666666667
453 0.26 2.77555756156e-17 0.291666666667
454 0.26 2.77555756156e-17 0.291666666667
455 0.26 2.77555756156e-17 0.291666666667
456 0.26 2.77555756156e-17 0.291666666667
457 0.26 2.77555756156e-17 0.291666666667
458 0.26 2.77555756156e-17 0.291666666667
459 0.26 2.77555756156e-17 0.291666666667
460 0.26 2.77555756156e-17 0.291666666667
461 0.26 2.77555756156e-17 0.291666666667
462 0.26 2.77555756156e-17 0.291666666667
463 0.26 2.77555756156e-17 0.291666666667
464 0.26 2.77555756156e-17 0.291666666667
465 0.26 2.77555756156e-17 0.291666666667
466 0.26 2.77555756156e-17 0.291666666667
467 0.26 2.77555756156e-17 0.291666666667
468 0.26 2.77555756156e-17 0.291666666667
469 0.26 2.77555756156e-17 0.291666666667
470 0.26 2.77555756156e-17 0.291666666667
471 0.26 2.77555756156e-17 0.291666666667
472 0.26 2.77555756156e-17 0.291666666667
473 0.26 2.77555756156e-17 0.291666666667
474 0.26 2.77555756156e-17 0.291666666667
475 0.26 2.77555756156e-17 0.291666666667
476 0.26 2.77555756156e-17 0.291666666667
477 0.26 2.77555756156e-17 0.291666666667
478 0.26 2.77555756156e-17 0.291666666667
479 0.26 2.77555756156e-17 0.291666666667
480 0.26 2.77555756156e-17 0.291666666667
481 0.26 2.77555756156e-17 0.291666666667
482 0.26 2.77555756156e-17 0.291666666667
483 0.26 2.77555756156e-17 0.291666666667
484 0.26 2.77555756156e-17 0.291666666667
485 0.26 2.77555756156e-17 0.291666666667
486 0.26 2.77555756156e-17 0.291666666667
487 0.26 2.77555756156e-17 0.291666666667
488 0.26 2.77555756156e-17 0.291666666667
489 0.26 2.77555756156e-17 0.291666666667
490 0.26 2.77555756156e-17 0.291666666667
491 0.26 2.77555756156e-17 0.291666666667
492 0.26 2.77555756156e-17 0.291666666667
493 0.26 2.77555756156e-17 0.291666666667
494 0.26 2.77555756156e-17 0.291666666667
495 0.26 2.77555756156e-17 0.291666666667
496 0.26 2.77555756156e-17 0.291666666667
497 0.26 2.77555756156e-17 0.291666666667
498 0.26 2.77555756156e-17 0.291666666667
499 0.26 2.77555756156e-17 0.291666666667
500 0.26 2.77555756156e-17 0.291666666667
501 0.26 2.77555756156e-17 0.291666666667
502 0.26 2.77555756156e-17 0.291666666667
503 0.26 2.77555756156e-17 0.291666666667
504 0.26 2.77555756156e-17 0.291666666667
505 0.26 2.77555756156e-17 0.291666666667
506 0.26 2.77555756156e-17 0.291666666667
507 0.26 2.77555756156e-17 0.291666666667
508 0.26 2.77555756156e-17 0.291666666667
509 0.26 2.77555756156e-17 0.291666666667
510 0.26 2.77555756156e-17 0.291666666667
511 0.26 2.77555756156e-17 0.291666666667
512 0.26 2.77555756156e-17 0.291666666667
513 0.26 2.77555756156e-17 0.291666666667
514 0.26 2.77555756156e-17 0.291666666667
515 0.26 2.77555756156e-17 0.291666666667
516 0.26 2.77555756156e-17 0.291666666667
517 0.26 2.77555756156e-17 0.291666666667
518 0.26 2.77555756156e-17 0.28975
519 0.26 2.77555756156e-17 0.287833333333
520 0.26 2.77555756156e-17 0.285916666667
521 0.26 2.77555756156e-17 0.284
522 0.26 2.77555756156e-17 0.280166666667
523 0.26 2.77555756156e-17 0.27825
524 0.26 2.77555756156e-17 0.276333333333
525 0.26 2.77555756156e-17 0.274416666667
526 0.26 2.77555756156e-17 0.270583333333
527 0.26 2.77555756156e-17 0.268666666667
528 0.26 2.77555756156e-17 0.26675
529 0.26 2.77555756156e-17 0.264833333333
530 0.26 2.77555756156e-17 0.262916666667
531 0.26 2.77555756156e-17 0.259083333333
532 0.26 2.77555756156e-17 0.257166666667
533 0.26 2.77555756156e-17 0.25525
534 0.26 2.77555756156e-17 0.253333333333
535 0.26 2.77555756156e-17 0.2495
536 0.26 2.77555756156e-17 0.247583333333
537 0.26 2.77555756156e-17 0.245666666667
538 0.26 2.77555756156e-17 0.24375
539 0.26 2.77555756156e-17 0.239916666667
540 0.26 2.77555756156e-17 0.238
541 0.26 2.77555756156e-17 0.236083333333
542 0.26 2.77555756156e-17 0.234166666667
543 0.26 2.77555756156e-17 0.232
544 0.26 2.77555756156e-17 0.228416666667
545 0.26 2.77555756156e-17 0.2265
546 0.26 2.77555756156e-17 0.224583333333
547 0.26 2.77555756156e-17 0.22075
548 0.26 2.77555756156e-17 0.218833333333
549 0.26 2.77555756156e-17 0.216916666667
550 0.26 2.77555756156e-17 0.215
551 0.26 2.77555756156e-17 0.213083333333
552 0.26 2.77555756156e-17 0.20925
553 0.26 2.77555756156e-17 0.207333333333
554 0.26 2.77555756156e-17 0.205416666667
555 0.26 2.77555756156e-17 0.2035
556 0.26 2.77555756156e-17 0.199666666667
557 0.26 2.77555756156e-17 0.19775
558 0.26 2.77555756156e-17 0.195833333333
559 0.26 2.77555756156e-17 0.193916666667
560 0.26 2.77555756156e-17 0.190083333333
561 0.26 2.77555756156e-17 0.188166666667
562 0.26 2.77555756156e-17 0.18625
563 0.26 2.77555756156e-17 0.184333333333
564 0.26 2.77555756156e-17 0.1805
565 0.26 2.77555756156e-17 0.178583333333
566 0.26 2.77555756156e-17 0.17475
567 0.26 2.77555756156e-17 0.17475
568 0.26 2.77555756156e-17 0.170916666667
569 0.26 2.77555756156e-17 0.169
570 0.26 2.77555756156e-17 0.167083333333
571 0.26 2.77555756156e-17 0.165166666667
572 0.26 2.77555756156e-17 0.161333333333
573 0.26 2.77555756156e-17 0.159416666667
574 0.26 2.77555756156e-17 0.1575
575 0.26 2.77555756156e-17 0.155583333333
576 0.26 2.77555756156e-17 0.1525
577 0.26 2.77555756156e-17 0.15025
578 0.26 2.77555756156e-17 0.147916666667
579 0.26 2.77555756156e-17 0.146
580 0.26 2.77555756156e-17 0.144083333333
581 0.26 2.77555756156e-17 0.142166666667
582 0.26 2.77555756156e-17 0.14025
583 0.26 2.77555756156e-17 0.136416666667
584 0.26 2.77555756156e-17 0.1345
585 0.26 2.77555756156e-17 0.130666666667
586 0.26 2.77555756156e-17 0.12875
