0 0.26 0.0 0.0
1 0.26 0.0 0.0
2 0.26 0.0 0.0
3 0.26 0.1 0.0
4 0.26 0.15 0.0
5 0.26 0.2 0.0
6 0.26 0.3 0.0
7 0.26 0.4 0.0
8 0.26 0.4 0.0125
9 0.26 0.4 0.14375
10 0.26 0.4 0.24375
11 0.26 0.4 0.4
12 0.26 0.4 0.54375
13 0.26 0.4 0.6625
14 0.26 0.4 0.632583333333
15 0.26 0.4 0.513333333333
16 0.0 0.0 0.3875
17 0.0 0.0 0.29375
18 0.0 0.0 0.366583333333
19 0.01 0.0 0.55625
20 0.01 0.0 0.65625
21 0.015 0.0 0.6375
22 0.045 0.0 0.55
23 0.075 0.0 0.53125
24 0.11 0.0 0.55625
25 0.145 0.0 0.55625
26 0.17 0.0 0.55625
27 0.2 0.0 0.55
28 0.23 0.0 0.550166666667
29 0.26 0.0 0.54425
30 0.26 0.0 0.525166666667
31 0.26 0.0 0.522166666667
32 0.26 0.0 0.508666666667
33 0.26 0.0 0.498166666667
34 0.26 0.0 0.473583333333
35 0.26 0.0 0.465583333333
36 0.26 0.0 0.453833333333
37 0.26 0.0 0.4445
38 0.26 0.0 0.413083333333
39 0.26 0.0 0.382416666667
40 0.26 0.0 0.342333333333
41 0.26 0.0 0.300166666667
42 0.26 0.0 0.26825
43 0.26 0.0 0.228
44 0.26 0.0 0.19425
45 0.26 0.0 0.1645
46 0.26 0.0 0.143583333333
47 0.26 0.0 0.141416666667
48 0.26 0.0 0.146
49 0.26 0.0 0.144166666667
50 0.26 0.0 0.149083333333
51 0.26 0.05 0.14775
52 0.26 0.1 0.152583333333
53 0.26 0.2 0.157833333333
54 0.26 0.2 0.1635
55 0.26 0.2 0.131583333333
56 0.26 0.2 0.0875
57 0.26 0.2 0.01875
58 0.26 0.15 0.0
59 0.26 0.1 0.0
60 0.26 0.1 0.0
61 0.26 0.1 0.0
62 0.26 0.1 0.0
63 0.26 0.1 0.0
64 0.26 0.1 0.0
65 0.26 0.1 0.0
66 0.26 0.1 0.0
67 0.26 0.1 0.0
68 0.26 0.1 0.0
69 0.26 0.1 0.0
70 0.26 0.1 0.0
71 0.26 0.1 0.0
72 0.26 0.05 0.0
73 0.26 0.0 0.0
74 0.26 0.0 0.0
75 0.26 0.0 0.0
76 0.26 0.0 0.0
77 0.26 0.0 0.0
78 0.26 0.0 0.0
79 0.26 0.0 0.0
80 0.26 0.0 0.0
81 0.26 0.0 0.0
82 0.26 0.0 0.0
83 0.26 0.0 0.0
84 0.26 0.0 0.0
85 0.26 0.0 0.0
86 0.26 0.0 0.0
87 0.26 0.0 0.0
88 0.26 0.0 0.0
89 0.26 0.0 0.0
90 0.26 0.0 0.0
91 0.26 0.0 0.0
92 0.26 0.0 0.0
93 0.26 0.0 0.0
94 0.26 -0.1 0.0
95 0.26 -0.2 0.0
96 0.26 -0.25 0.0
97 0.26 -0.3 0.0
98 0.26 -0.35 0.0
99 0.26 -0.4 0.0
100 0.26 -0.5 0.0
101 0.26 -0.5 0.0
102 0.26 -0.5 0.0
103 0.26 -0.5 0.0
104 0.26 -0.5 0.0
105 0.26 -0.5 0.0
106 0.26 -0.5 0.0
107 0.26 -0.5 0.0
108 0.26 -0.5 0.0
109 0.26 -0.5 0.0
110 0.26 -0.5 0.0
111 0.26 -0.5 0.0
112 0.26 -0.5 0.0
113 0.26 -0.5 0.0
114 0.26 -0.5 0.0
115 0.26 -0.5 0.0
116 0.26 -0.5 0.0
117 0.26 -0.5 0.0
118 0.26 -0.5 0.0
119 0.26 -0.5 0.101
120 0.26 -0.5 0.244333333333
121 0.26 -0.5 0.418833333333
122 0.26 -0.5 0.5315
123 0.26 -0.45 0.69175
124 0.26 -0.4 0.650916666667
125 0.26 -0.35 0.55025
126 0.26 -0.3 0.471666666667
127 0.26 -0.3 0.435416666667
128 0.26 -0.05 0.384833333333
129 0.26 0.05 0.3375
130 0.26 0.15 0.33125
131 0.26 0.25 0.341
132 0.26 0.3 0.351083333333
133 0.26 0.3 0.376166666667
134 0.26 0.3 0.405916666667
135 0.26 0.3 0.447916666667
136 0.26 0.3 0.420416666667
137 0.0 0.0 0.37375
138 0.0 0.0 0.37825
139 0.0 0.0 0.330583333333
140 0.005 0.0 0.328
141 0.01 0.0 0.328
142 0.01 0.0 0.32375
143 0.035 0.0 0.318416666667
144 0.065 0.0 0.321166666667
145 0.095 0.0 0.320333333333
146 0.12 0.0 0.315
147 0.15 0.0 0.319333333333
148 0.185 0.0 0.310916666667
149 0.215 0.0 0.29075
150 0.24 0.0 0.28525
151 0.25 0.0 0.267
152 0.26 0.0 0.251916666667
153 0.26 0.0 0.2305
154 0.26 0.0 0.222833333333
155 0.26 0.0 0.205333333333
156 0.26 0.0 0.18875
157 0.26 0.0 0.172083333333
158 0.26 0.0 0.156
159 0.26 0.0 0.144083333333
160 0.26 0.0 0.114666666667
161 0.26 0.0 0.07575
162 0.26 0.0 0.0606666666667
163 0.26 0.0 0.0393333333333
164 0.26 -0.05 0.0315833333333
165 0.26 -0.1 0.0218333333333
166 0.26 -0.1 0.0175
167 0.26 -0.1 0.0130833333333
168 0.26 -0.1 0.00775
169 0.26 -0.1 0.00533333333333
170 0.26 -0.1 0.00208333333333
171 0.26 -0.1 0.000333333333333
172 0.26 -0.1 0.0
173 0.26 -0.1 0.0
174 0.26 -0.1 0.0
175 0.26 -0.1 0.0
176 0.26 -0.1 0.0
177 0.26 -0.1 0.0
178 0.26 -0.1 0.0
179 0.26 -0.1 0.0
180 0.26 -0.2 0.0
181 0.26 -0.2 0.0
182 0.26 -0.2 0.0
183 0.26 -0.2 0.0
184 0.26 -0.2 0.0
185 0.26 -0.2 0.0
186 0.26 -0.2 0.0
187 0.26 -0.2 0.0
188 0.26 -0.2 0.0
189 0.26 -0.2 0.0
190 0.26 -0.2 0.0
191 0.26 -0.2 0.0
192 0.26 -0.2 0.0
193 0.26 -0.2 0.0
194 0.26 -0.2 0.0
195 0.26 -0.2 0.0
196 0.26 -0.2 0.0
197 0.26 -0.2 0.0
198 0.26 -0.2 0.0
199 0.26 -0.15 0.0
200 0.26 -0.1 0.0
201 0.26 -0.1 0.0
202 0.26 -0.1 0.0
203 0.26 -0.05 0.0
204 0.26 0.0 0.0
205 0.26 0.0 0.0
206 0.26 0.0 0.0
207 0.26 0.0 0.0
208 0.26 0.0 0.0
209 0.26 0.0 0.0
210 0.26 0.0 0.0
211 0.26 0.0 0.0
212 0.26 0.0 0.0
213 0.26 -0.05 0.0
214 0.26 -0.1 0.0
215 0.26 -0.1 0.0
216 0.26 -0.2 0.0
217 0.26 -0.25 0.0
218 0.26 -0.3 0.0
219 0.26 -0.3 0.0
220 0.26 -0.3 0.0
221 0.26 -0.3 0.0875
222 0.26 -0.3 0.144333333333
223 0.26 -0.3 0.13925
224 0.26 -0.3 0.128333333333
225 0.26 -0.3 0.17525
226 0.26 -0.3 0.2675
227 0.26 -0.3 0.361
228 0.26 -0.3 0.441666666667
229 0.26 -0.3 0.521416666667
230 0.0 0.0 0.611583333333
231 0.0 0.0 0.617916666667
232 0.01 0.0 0.625166666667
233 0.01 0.0 0.6155
234 0.045 0.0 0.620083333333
235 0.075 0.0 0.6165
236 0.1 0.0 0.6155
237 0.135 0.0 0.619083333333
238 0.17 0.0 0.62375
239 0.2 0.0 0.623666666667
240 0.225 0.0 0.628416666667
241 0.255 0.0 0.6285
242 0.26 0.0 0.639083333333
243 0.26 0.0 0.645166666667
244 0.26 0.0 0.65625
245 0.26 0.0 0.65625
246 0.26 0.0 0.6625
247 0.26 0.0 0.66875
248 0.26 0.0 0.346416666667
249 0.26 0.0 0.01725
250 0.26 0.0 0.0
251 0.26 0.0 0.0
252 0.26 0.0 0.0
253 0.26 0.0 0.0
254 0.26 0.0 0.0
255 0.26 0.0 0.0
256 0.26 0.0 0.0
257 0.26 0.0 0.0
258 0.26 0.0 0.0
259 0.26 0.0 0.0
260 0.26 0.0 0.0
261 0.26 0.0 0.0
262 0.26 0.0 0.0
263 0.26 0.0 0.0
264 0.26 0.0 0.0
265 0.26 0.0 0.0
266 0.26 0.0 0.0
267 0.26 0.0 0.0
268 0.26 0.0 0.0
269 0.26 0.0 0.0
270 0.26 0.0 0.0
271 0.26 0.0 0.0
272 0.26 0.0 0.0
273 0.26 0.0 0.0
274 0.26 0.0 0.0
275 0.26 0.0 0.0
276 0.26 0.0 0.0
277 0.26 0.0 0.0
278 0.26 0.0 0.0
279 0.26 0.0 0.0
280 0.26 0.0 0.0
281 0.26 0.0 0.0
282 0.26 0.0 0.0
283 0.26 0.0 0.0
284 0.26 0.0 0.0
285 0.26 0.0 0.0
286 0.26 0.0 0.0
287 0.26 0.0 0.0
288 0.26 0.0 0.0
289 0.26 0.0 0.0
290 0.26 0.0 0.0
291 0.26 0.0 0.0
292 0.26 0.0 0.0
293 0.26 0.0 0.0
294 0.26 0.0 0.0
295 0.26 0.0 0.0
296 0.26 0.0 0.0
297 0.26 0.0 0.0
