0 0.26 -0.1 0.0
1 0.26 -0.1 0.0
2 0.26 -0.1 0.0
3 0.26 0.0 0.0
4 0.26 0.1 0.0
5 0.26 0.2 0.0
6 0.26 0.25 0.0
7 0.26 0.3 0.0
8 0.26 0.3 0.0
9 0.26 0.3 0.0
10 0.26 0.3 0.0375
11 0.26 0.3 0.13125
12 0.26 0.3 0.26875
13 0.26 0.3 0.41875
14 0.26 0.3 0.4875
15 0.26 0.3 0.60625
16 0.26 0.3 0.625
17 0.26 0.3 0.63125
18 0.26 0.3 0.525
19 0.0 0.0 0.44375
20 0.0 0.0 0.338416666667
21 0.0 0.0 0.296333333333
22 0.005 0.0 0.295916666667
23 0.01 0.0 0.295166666667
24 0.01 0.0 0.29375
25 0.025 0.0 0.29375
26 0.065 0.0 0.29375
27 0.095 0.0 0.2875
28 0.125 0.0 0.283
29 0.16 0.0 0.26925
30 0.185 0.0 0.2625
31 0.215 0.0 0.25
32 0.25 0.0 0.2375
33 0.26 0.0 0.21875
34 0.26 0.0 0.2
35 0.26 0.0 0.18125
36 0.26 0.0 0.1625
37 0.26 0.0 0.14375
38 0.26 0.0 0.13125
39 0.26 0.0 0.1125
40 0.26 0.0 0.09375
41 0.26 0.0 0.0790833333333
42 0.26 0.0 0.0623333333333
43 0.26 0.0 0.0375
44 0.26 0.0 0.0156666666667
45 0.26 0.0 0.0
46 0.26 0.0 0.0
47 0.26 0.0 0.0
48 0.26 0.0 0.0
49 0.26 0.0 0.0
50 0.26 0.0 0.0
51 0.26 0.0 0.0
52 0.26 0.0 0.0
53 0.26 0.0 0.0
54 0.26 0.0 0.0
55 0.26 0.0 0.0
56 0.26 0.0 0.0
57 0.26 0.0 0.0
58 0.26 0.0 0.0
59 0.26 0.0 0.0
60 0.26 0.0 0.0
61 0.26 0.0 0.0
62 0.26 0.0 0.0
63 0.26 -0.1 0.0
64 0.26 -0.1 0.0
65 0.26 -0.1 0.0
66 0.26 -0.1 0.0
67 0.26 -0.1 0.0
68 0.26 -0.1 0.0
69 0.26 -0.1 0.0
70 0.26 -0.1 0.0
71 0.26 -0.1 0.0
72 0.26 -0.1 0.0
73 0.26 -0.1 0.0
74 0.26 -0.1 0.0
75 0.26 -0.1 0.0
76 0.26 -0.1 0.0
77 0.26 -0.1 0.0
78 0.26 -0.1 0.0
79 0.26 -0.1 0.0
80 0.26 -0.1 0.0
81 0.26 -0.1 0.0
82 0.26 -0.1 0.0
83 0.26 -0.1 0.0
84 0.26 -0.1 0.0
85 0.26 -0.1 0.0
86 0.26 -0.1 0.0
87 0.26 -0.1 0.0
88 0.26 -0.1 0.0
89 0.26 -0.1 0.0
90 0.26 -0.1 0.0
91 0.26 -0.1 0.0
92 0.26 -0.1 0.0
93 0.26 -0.1 0.0
94 0.26 -0.1 0.0
95 0.26 -0.1 0.0
96 0.26 -0.1 0.0
97 0.26 -0.1 0.0
98 0.26 -0.1 0.0
99 0.26 -0.1 0.0
100 0.26 -0.1 0.0
101 0.26 -0.1 0.0
102 0.26 -0.1 0.0
103 0.26 -0.1 0.0
104 0.26 -0.1 0.0
105 0.26 -0.1 0.0
106 0.26 -0.1 0.0
107 0.26 -0.1 0.0
108 0.26 -0.1 0.0
109 0.26 -0.1 0.0
110 0.26 -0.1 0.0
111 0.26 -0.1 0.0
112 0.26 -0.1 0.0
113 0.26 -0.1 0.0
114 0.26 -0.1 0.0
115 0.26 -0.15 0.0
116 0.26 -0.2 0.0
117 0.26 -0.3 0.0
118 0.26 -0.3 0.0
119 0.26 -0.35 0.0
120 0.26 -0.4 0.0
121 0.26 -0.4 0.0
122 0.26 -0.4 0.0
123 0.26 -0.4 0.0
124 0.26 -0.4 0.0
125 0.26 -0.4 0.0
126 0.26 -0.4 0.0
127 0.26 -0.4 0.0
128 0.26 -0.4 0.1375
129 0.26 -0.4 0.167166666667
130 0.26 -0.4 0.181333333333
131 0.26 -0.4 0.182916666667
132 0.26 -0.4 0.202666666667
133 0.26 -0.4 0.299
134 0.26 -0.4 0.36925
135 0.26 -0.4 0.466166666667
136 0.26 -0.4 0.60075
137 0.26 -0.4 0.69175
138 0.26 -0.4 0.534
139 0.26 -0.4 0.498583333333
140 0.26 -0.4 0.4125
141 0.26 -0.4 0.313833333333
142 0.26 -0.4 0.2375
143 0.26 -0.4 0.145166666667
144 0.26 -0.4 0.062
145 0.26 -0.4 0.0
146 0.26 -0.4 0.0
147 0.26 -0.4 0.0
148 0.26 -0.4 0.125
149 0.26 -0.4 0.716666666667
150 0.0 0.0 1.0
151 0.0 0.05 1.0
152 0.0 0.1 1.0
153 0.0 0.1 1.0
154 0.0 0.3 1.0
155 0.0 0.55 1.0
156 0.0 0.85 1.0
157 0.0 0.95 1.0
158 0.0 1.05 0.808333333333
159 0.0 1.15 0.322
160 0.0 0.0 0.0
161 0.0 0.0 0.0
162 0.01 0.0 0.0
163 0.01 0.0 0.0
164 0.02 0.0 0.0
165 0.04 0.0 0.0
166 0.05 0.05 0.0
167 0.06 0.1 0.0
168 0.07 0.1 0.0
169 0.07 0.3 0.0
170 0.07 0.45 0.0
171 0.0 0.0 0.0
172 0.0 0.0 0.0
173 0.0 0.0 0.0
174 0.005 0.0 0.0
175 0.01 0.0 0.0
176 0.01 0.0 0.0
177 0.035 0.0 0.0
178 0.07 0.0 0.0
179 0.09 0.0 0.0
180 0.12 0.0 0.0
181 0.145 0.0 0.0
182 0.175 0.0 0.0
183 0.22 0.0 0.0
184 0.235 0.0 0.0
185 0.245 0.0 0.0
186 0.255 0.0 0.0
187 0.26 0.0 0.0
188 0.26 0.0 0.0
189 0.26 0.0 0.0
190 0.26 0.0 0.0
191 0.26 0.0 0.0
192 0.26 0.0 0.0
193 0.26 0.0 0.0
194 0.26 0.0 0.0
195 0.26 0.0 0.0
196 0.26 0.0 0.0
197 0.26 0.0 0.0
198 0.26 0.0 0.0
199 0.26 0.0 0.0
200 0.26 0.0 0.0
201 0.26 0.0 0.0
202 0.26 0.0 0.0
203 0.26 0.0 0.0
204 0.26 0.0 0.0
205 0.26 0.0 0.0
206 0.26 0.0 0.0
207 0.26 0.0 0.0
208 0.26 0.0 0.0
209 0.26 0.0 0.0
210 0.26 0.0 0.0
211 0.26 0.0 0.0
212 0.26 0.0 0.0
213 0.26 0.0 0.0
214 0.26 0.0 0.0
215 0.26 0.0 0.0
216 0.26 0.0 0.0
217 0.26 0.0 0.0
218 0.26 0.0 0.0
219 0.26 -0.1 0.0
220 0.26 -0.1 0.0
221 0.26 -0.1 0.0
222 0.26 -0.1 0.0
223 0.26 -0.1 0.0
224 0.26 -0.1 0.0
225 0.26 -0.1 0.0
226 0.26 -0.1 0.0
227 0.26 -0.1 0.0
228 0.26 -0.1 0.0
229 0.26 -0.1 0.0
230 0.26 -0.1 0.0
231 0.26 -0.1 0.0
232 0.26 -0.15 0.0
233 0.26 -0.2 0.0
234 0.26 -0.25 0.0
235 0.26 -0.3 0.0
236 0.26 -0.3 0.0
237 0.26 -0.3 0.0
238 0.26 -0.3 0.0
239 0.26 -0.3 0.0
240 0.26 -0.3 0.0
241 0.26 -0.3 0.0
242 0.26 -0.3 0.0
243 0.26 -0.3 0.0
244 0.26 -0.3 0.0
245 0.26 -0.3 0.0
246 0.26 -0.3 0.06875
247 0.26 -0.3 0.125
248 0.26 -0.3 0.11875
249 0.26 -0.3 0.117666666667
250 0.26 -0.3 0.1825
251 0.26 -0.3 0.260333333333
252 0.26 -0.3 0.3505
253 0.26 -0.3 0.432
254 0.26 -0.3 0.506666666667
255 0.26 -0.3 0.537833333333
256 0.0 0.0 0.601833333333
257 0.0 0.0 0.60525
258 0.0 0.0 0.499583333333
259 0.01 0.0 0.350916666667
260 0.01 0.0 0.2805
261 0.025 0.0 0.275416666667
262 0.05 0.0 0.275083333333
263 0.075 0.0 0.26925
264 0.105 0.0 0.241166666667
265 0.135 0.0 0.22175
266 0.165 0.0 0.218333333333
267 0.195 0.0 0.217166666667
268 0.23 0.0 0.213333333333
269 0.26 0.0 0.205333333333
270 0.26 0.0 0.17175
271 0.26 0.0 0.128416666667
272 0.26 0.0 0.08475
273 0.26 0.0 0.0620833333333
274 0.26 0.0 0.054
275 0.26 0.0 0.0466666666667
276 0.26 0.0 0.0393333333333
277 0.26 0.0 0.035
278 0.26 0.0 0.0285833333333
279 0.26 0.0 0.0226666666667
280 0.26 0.0 0.018
281 0.26 0.0 0.01375
282 0.26 0.0 0.00941666666667
283 0.26 0.0 0.00616666666667
284 0.26 0.0 0.00416666666667
285 0.26 0.0 0.00175
286 0.26 0.0 0.00075
287 0.26 0.0 0.0
288 0.26 0.0 0.0
289 0.26 0.0 0.0
290 0.26 0.0 0.0
291 0.26 0.0 0.0
292 0.26 0.0 0.0
293 0.26 0.0 0.0
294 0.26 0.0 0.0
295 0.26 0.0 0.0
296 0.26 0.0 0.0
297 0.26 0.0 0.0
298 0.26 0.0 0.0
299 0.26 0.05 0.0
300 0.26 0.1 0.0
