0 0.26 0.0 0.0641666666667
1 0.26 0.0 0.15
2 0.26 0.0 0.2125
3 0.26 0.0 0.2
4 0.26 0.0 0.19375
5 0.26 0.0 0.1875
6 0.26 0.0 0.18125
7 0.26 0.0 0.175
8 0.26 0.0 0.16875
9 0.26 0.0 0.15625
10 0.26 0.0 0.15
11 0.26 0.0 0.14375
12 0.26 0.0 0.13025
13 0.26 0.0 0.11875
14 0.26 0.0 0.10625
15 0.26 0.1 0.1
16 0.26 0.15 0.1125
17 0.26 0.2 0.1375
18 0.26 0.3 0.1875
19 0.26 0.35 0.255666666667
20 0.26 0.4 0.3375
21 0.26 0.5 0.44375
22 0.26 0.5 0.58125
23 0.26 0.5 0.725
24 0.26 0.5 0.61875
25 0.26 0.5 0.4875
26 0.26 0.5 0.35
27 0.26 0.5 0.21875
28 0.26 0.5 0.075
29 0.26 0.5 0.0
30 0.0 0.0 0.0
31 0.0 0.0 0.0
32 0.0 0.0 0.0
33 0.005 0.0 0.0
34 0.01 0.0 0.0
35 0.01 0.0 0.0
36 0.02 0.0 0.0
37 0.05 0.0 0.0
38 0.075 0.0 0.0
39 0.1 0.0 0.0
40 0.13 0.0 0.0
41 0.155 0.0 0.0
42 0.185 0.0 0.0
43 0.215 0.0 0.0
44 0.245 0.0 0.0
45 0.26 0.0 0.0
46 0.26 0.0 0.0
47 0.26 0.0 0.0
48 0.26 0.0 0.0
49 0.26 -0.05 0.0
50 0.26 -0.1 0.0
51 0.26 -0.2 0.0
52 0.26 -0.2 0.0
53 0.26 -0.2 0.0
54 0.26 -0.2 0.0
55 0.26 -0.2 0.0
56 0.26 -0.2 0.0
57 0.26 -0.2 0.0
58 0.26 -0.25 0.0
59 0.26 -0.3 0.0
60 0.26 -0.3 0.0
61 0.26 -0.4 0.0
62 0.26 -0.4 0.0
63 0.26 -0.4 0.0
64 0.26 -0.4 0.0
65 0.26 -0.4 0.10625
66 0.26 -0.4 0.2125
67 0.26 -0.4 0.325
68 0.26 -0.4 0.44375
69 0.26 -0.4 0.5625
70 0.26 -0.4 0.675
71 0.26 -0.4 0.75
72 0.26 -0.4 0.75
73 0.0 0.0 0.75
74 0.0 0.0 0.75
75 0.0 0.0 0.75
76 0.005 0.0 0.75
77 0.01 0.0 0.75
78 0.01 0.0 0.75
79 0.015 0.0 0.668916666667
80 0.035 0.0 0.602833333333
81 0.065 0.0 0.58125
82 0.09 0.0 0.58125
83 0.115 0.0 0.58125
84 0.14 0.0 0.58125
85 0.17 0.0 0.58125
86 0.195 0.0 0.575
87 0.22 0.0 0.56875
88 0.245 0.0 0.56875
89 0.26 0.0 0.5625
90 0.26 0.0 0.55625
91 0.26 0.0 0.552416666667
92 0.26 0.0 0.54375
93 0.26 0.0 0.54375
94 0.26 0.0 0.5375
95 0.26 0.0 0.53125
96 0.26 0.0 0.525
97 0.26 0.0 0.51875
98 0.26 0.0 0.51875
99 0.26 0.0 0.5125
100 0.26 0.0 0.50625
101 0.26 0.0 0.5
102 0.26 0.0 0.49375
103 0.26 0.0 0.49375
104 0.26 0.0 0.4875
105 0.26 0.0 0.48125
106 0.26 0.0 0.475
107 0.26 0.0 0.46875
108 0.26 0.0 0.46875
