0 0.26 0.0 0.0
1 0.26 0.0 0.0
2 0.26 0.0 0.0
3 0.26 0.1 0.0
4 0.26 0.15 0.0
5 0.26 0.2 0.0
6 0.26 0.25 0.0
7 0.26 0.3 0.0
8 0.26 0.4 0.0
9 0.26 0.4 0.04375
10 0.26 0.4 0.15625
11 0.26 0.4 0.275
12 0.26 0.4 0.3875
13 0.26 0.4 0.5
14 0.26 0.4 0.6125
15 0.26 0.4 0.675
16 0.26 0.4 0.59375
17 0.26 0.4 0.4875
18 0.26 0.4 0.38125
19 0.0 0.0 0.25625
20 0.0 0.0 0.0
21 0.0 0.0 0.0
22 0.005 0.0 0.0
23 0.01 0.0 0.0
24 0.01 0.0 0.0
25 0.02 0.0 0.0
26 0.045 0.0 0.0
27 0.075 0.0 0.0
28 0.105 0.0 0.0
29 0.13 0.0 0.0
30 0.16 0.0 0.0
31 0.185 0.0 0.0
32 0.21 0.0 0.0
33 0.23 0.0 0.0
34 0.24 0.0 0.0
35 0.25 0.0 0.0
36 0.255 0.0 0.0
37 0.26 0.0 0.0
38 0.26 0.0 0.0
39 0.26 0.0 0.0
40 0.26 -0.1 0.0
41 0.26 -0.1 0.0
42 0.26 -0.1 0.0
43 0.26 -0.1 0.0
44 0.26 -0.1 0.0
45 0.26 -0.1 0.0
46 0.26 -0.1 0.0
47 0.26 -0.1 0.0
48 0.26 -0.1 0.0
49 0.26 -0.1 0.0
50 0.26 -0.1 0.0
51 0.26 -0.1 0.0
52 0.26 -0.1 0.0
53 0.26 -0.1 0.0
54 0.26 -0.1 0.0
55 0.26 -0.1 0.0
56 0.26 -0.1 0.0
57 0.26 -0.1 0.0
58 0.26 -0.1 0.0
59 0.26 -0.1 0.0
60 0.26 -0.1 0.0
61 0.26 -0.1 0.0
62 0.26 -0.1 0.0
63 0.26 -0.1 0.0
64 0.26 -0.1 0.0
65 0.26 -0.1 0.0
66 0.26 -0.1 0.0
67 0.26 -0.1 0.0
68 0.26 -0.1 0.0
69 0.26 -0.1 0.0
70 0.26 -0.1 0.0
71 0.26 -0.1 0.0
72 0.26 -0.1 0.0
73 0.26 -0.1 0.0
74 0.26 -0.1 0.0
75 0.26 -0.1 0.0
76 0.26 -0.1 0.0
77 0.26 -0.1 0.0
78 0.26 -0.1 0.0
79 0.26 -0.1 0.0
80 0.26 -0.1 0.0
81 0.26 -0.1 0.0
82 0.26 -0.1 0.0
83 0.26 -0.15 0.0
84 0.26 -0.2 0.0
85 0.26 -0.2 0.0
86 0.26 -0.2 0.0
87 0.26 -0.2 0.0
88 0.26 -0.2 0.0
89 0.26 -0.2 0.0
90 0.26 -0.2 0.0
91 0.26 -0.2 0.0
92 0.26 -0.2 0.0
93 0.26 -0.2 0.0
94 0.26 -0.2 0.0125
95 0.26 -0.2 0.06875
96 0.26 -0.2 0.11875
97 0.26 -0.2 0.16875
98 0.26 -0.2 0.177666666667
99 0.26 -0.2 0.124833333333
100 0.26 -0.2 0.0250833333333
101 0.26 -0.2 0.0
102 0.26 -0.2 0.0
103 0.26 -0.2 0.0
104 0.0 0.0 0.0
105 0.0 0.0 0.0
106 0.0 0.0 0.0
107 0.0 0.0 0.0
108 0.01 0.0 0.0
109 0.01 0.0 0.0
110 0.01 -0.05 0.0
111 0.01 -0.1 0.0
112 0.01 -0.1 0.0
113 0.01 -0.2 0.0
114 0.01 -0.5 0.0
115 0.01 -0.7 0.0
116 0.01 -0.8 0.0
117 0.0 0.0 0.0
118 0.0 0.0 0.0
119 0.005 0.0 0.0
120 0.01 0.0 0.0
121 0.01 0.0 0.0
122 0.015 0.0 0.0
123 0.045 0.0 0.0
124 0.07 0.0 0.0
125 0.1 0.0 0.0
126 0.125 0.0 0.0
127 0.15 0.0 0.0
128 0.18 0.0 0.0
129 0.21 0.0 0.0
130 0.235 0.0 0.0
131 0.26 0.0 0.0
132 0.26 0.0 0.0
133 0.26 0.0 0.0
134 0.26 0.0 0.0
135 0.26 0.0 0.0
136 0.26 0.0 0.0
137 0.26 0.0 0.0
138 0.26 0.0 0.0
139 0.26 0.0 0.0
140 0.26 0.0 0.0
141 0.26 0.0 0.0
142 0.26 0.0 0.0
143 0.26 0.0 0.0
144 0.26 0.0 0.0
145 0.26 0.0 0.0
146 0.26 0.0 0.0
147 0.26 0.0 0.0
148 0.26 0.0 0.0
149 0.26 0.0 0.0
150 0.26 0.0 0.0
151 0.26 0.0 0.0
152 0.26 0.0 0.0
153 0.26 0.0 0.0
154 0.26 0.0 0.0
155 0.26 0.0 0.0
156 0.26 0.0 0.0
157 0.26 0.0 0.0
158 0.26 0.0 0.0
159 0.26 0.0 0.0
160 0.26 0.0 0.0
161 0.26 0.0 0.0
162 0.26 0.0 0.0
163 0.26 0.0 0.0
164 0.26 0.0 0.0
165 0.26 -0.05 0.0
166 0.26 -0.1 0.0
167 0.26 -0.1 0.0
168 0.26 -0.1 0.0
169 0.26 -0.1 0.0
170 0.26 -0.1 0.0
171 0.26 -0.1 0.0
172 0.26 -0.1 0.0
173 0.26 -0.1 0.0
174 0.26 -0.2 0.0
175 0.26 -0.2 0.0
176 0.26 -0.2 0.0
177 0.26 -0.2 0.0
178 0.26 -0.2 0.0
179 0.26 -0.2 0.0
180 0.26 -0.2 0.0
181 0.26 -0.2 0.0
182 0.26 -0.2 0.0
183 0.26 -0.2 0.0
184 0.26 -0.2 0.0
185 0.26 -0.2 0.0
186 0.26 -0.3 0.0
187 0.26 -0.3 0.0
188 0.26 -0.3 0.0
189 0.26 -0.3 0.0
190 0.26 -0.35 0.0
191 0.26 -0.4 0.025
192 0.26 -0.4 0.0745833333333
193 0.26 -0.4 0.0888333333333
194 0.26 -0.4 0.0914166666667
195 0.26 -0.4 0.077
196 0.26 -0.4 0.07125
197 0.26 -0.4 0.0545833333333
198 0.26 -0.4 0.02675
199 0.0 0.0 0.009
200 0.0 0.0 0.0
201 0.0 0.0 0.0
202 0.0 0.0 0.0
203 0.01 0.0 0.0
204 0.01 0.0 0.0
205 0.01 0.0 0.0
206 0.03 0.0 0.0
207 0.06 0.0 0.0
208 0.085 0.0 0.0
209 0.115 0.0 0.0
210 0.14 0.0 0.0
211 0.17 0.0 0.0
212 0.2 0.0 0.0
213 0.24 0.0 0.0
214 0.26 0.0 0.0
215 0.26 0.0 0.0
216 0.26 0.0 0.0
217 0.26 0.0 0.0
218 0.26 0.0 0.0
219 0.26 0.0 0.0
220 0.26 0.0 0.0
221 0.26 0.0 0.0
222 0.26 0.0 0.0
223 0.26 0.0 0.0
224 0.26 0.0 0.0
225 0.26 0.0 0.0
226 0.26 0.0 0.0
227 0.26 0.0 0.0
228 0.26 0.0 0.0
229 0.26 0.0 0.0
230 0.26 0.0 0.0
231 0.26 0.0 0.0
232 0.26 0.0 0.0
233 0.26 0.0 0.0
234 0.26 0.0 0.0
235 0.26 0.0 0.0
236 0.26 0.0 0.0
237 0.26 0.0 0.0
238 0.26 0.0 0.0
239 0.26 0.0 0.0
240 0.26 0.0 0.0
241 0.26 0.0 0.0
242 0.26 0.0 0.0
243 0.26 0.0 0.0
244 0.26 0.0 0.0
245 0.26 0.0 0.0
246 0.26 0.0 0.0
247 0.26 0.0 0.0
248 0.26 -0.1 0.0
249 0.26 -0.1 0.0
250 0.26 -0.1 0.0
251 0.26 -0.1 0.0
252 0.26 -0.1 0.0
253 0.26 -0.1 0.0
254 0.26 -0.1 0.0
255 0.26 -0.1 0.0
256 0.26 -0.1 0.0
257 0.26 -0.1 0.0
258 0.26 -0.1 0.0
259 0.26 -0.1 0.0
260 0.26 -0.1 0.0
261 0.26 -0.1 0.0
262 0.26 -0.1 0.0
263 0.26 -0.1 0.0
264 0.26 -0.1 0.0
265 0.26 -0.1 0.0
266 0.26 -0.1 0.0
267 0.26 -0.1 0.0
268 0.26 -0.1 0.0
269 0.26 -0.2 0.0
270 0.26 -0.2 0.0
271 0.26 -0.2 0.0
272 0.26 -0.2 0.0
273 0.26 -0.2 0.0
274 0.26 -0.2 0.0
275 0.26 -0.2 0.0
276 0.26 -0.2 0.0
277 0.26 -0.25 0.0
278 0.26 -0.3 0.0
279 0.26 -0.3 0.0
280 0.26 -0.3 0.0
281 0.26 -0.3 0.0
282 0.26 -0.3 0.0
283 0.26 -0.3 0.0
284 0.26 -0.3 0.0
285 0.26 -0.3 0.0125
286 0.26 -0.3 0.1
287 0.26 -0.3 0.18125
288 0.26 -0.3 0.216166666667
289 0.26 -0.3 0.215833333333
290 0.26 -0.3 0.274
291 0.26 -0.3 0.354416666667
292 0.26 -0.3 0.422666666667
293 0.26 -0.3 0.497166666667
294 0.26 -0.3 0.57625
295 0.26 -0.3 0.582
296 0.0 0.0 0.574
297 0.0 0.0 0.59675
298 0.0 0.0 0.606083333333
299 0.0 0.0 0.603583333333
300 0.0 0.0 0.6035
301 0.005 0.0 0.609166666667
302 0.01 0.0 0.609333333333
303 0.01 0.0 0.6095
304 0.02 0.0 0.6105
305 0.05 0.0 0.610583333333
306 0.08 0.0 0.606333333333
307 0.105 0.0 0.609833333333
308 0.135 0.0 0.602166666667
309 0.165 0.0 0.60625
310 0.19 0.0 0.607333333333
311 0.22 0.0 0.609333333333
312 0.245 0.0 0.611333333333
313 0.26 0.0 0.605666666667
314 0.26 0.0 0.572666666667
315 0.26 0.0 0.557666666667
316 0.26 0.0 0.556166666667
317 0.26 0.0 0.5495
318 0.26 0.0 0.548333333333
319 0.26 0.0 0.541833333333
320 0.26 0.0 0.540166666667
321 0.26 0.0 0.538
322 0.26 0.0 0.531833333333
323 0.26 0.0 0.5255
324 0.26 0.0 0.523083333333
325 0.26 0.0 0.521083333333
326 0.26 0.0 0.514833333333
327 0.26 0.0 0.512166666667
328 0.26 0.0 0.509583333333
329 0.26 0.0 0.507166666667
330 0.26 0.0 0.50525
331 0.26 0.0 0.497416666667
332 0.26 0.0 0.49525
333 0.26 0.0 0.492916666667
334 0.26 0.0 0.489583333333
335 0.26 0.0 0.438083333333
336 0.26 0.0 0.352333333333
337 0.26 0.0 0.272666666667
338 0.26 0.0 0.191583333333
339 0.26 0.0 0.10775
340 0.26 0.0 0.0158333333333
341 0.26 0.0 0.00683333333333
342 0.26 0.0 0.003
343 0.26 0.0 0.000416666666667
344 0.26 0.0 0.0
345 0.26 0.0 0.0
346 0.26 0.0 0.0
347 0.26 0.0 0.0
348 0.26 0.0 0.0
349 0.26 0.0 0.0
350 0.26 0.0 0.0
351 0.26 0.0 0.0
352 0.26 0.0 0.0
353 0.26 0.0 0.0
354 0.26 0.0 0.0
355 0.26 0.0 0.0
356 0.26 0.0 0.0
357 0.26 0.0 0.0
358 0.26 0.0 0.0
359 0.26 0.0 0.0
360 0.26 0.0 0.0
361 0.26 0.0 0.0
