0 0.12 0.0 0.241416666667
1 0.145 0.0 0.2405
2 0.165 0.0 0.24375
3 0.175 0.0 0.249666666667
4 0.18 0.0 0.250916666667
5 0.19 0.0 0.249916666667
6 0.195 0.0 0.2495
7 0.2 0.0 0.248666666667
8 0.21 0.0 0.248166666667
9 0.215 0.0 0.248
10 0.225 -0.05 0.248416666667
11 0.23 -0.1 0.2485
12 0.24 -0.1 0.24675
13 0.245 -0.1 0.243083333333
14 0.25 -0.1 0.242416666667
15 0.26 -0.15 0.245083333333
16 0.26 -0.2 0.24975
17 0.26 -0.2 0.248666666667
18 0.26 -0.2 0.24925
19 0.26 -0.2 0.24825
20 0.26 -0.2 0.24875
21 0.26 -0.2 0.247916666667
22 0.26 -0.2 0.247916666667
23 0.26 -0.2 0.248416666667
24 0.26 -0.2 0.253083333333
25 0.26 -0.2 0.258416666667
26 0.26 -0.2 0.257583333333
27 0.26 -0.2 0.257166666667
28 0.26 -0.2 0.258583333333
29 0.26 -0.2 0.25325
30 0.26 -0.2 0.253583333333
31 0.26 -0.2 0.25325
32 0.26 -0.2 0.2525
33 0.26 -0.2 0.252333333333
34 0.26 -0.2 0.252083333333
35 0.26 -0.2 0.250916666667
36 0.26 -0.2 0.250583333333
37 0.26 -0.2 0.252416666667
38 0.26 -0.2 0.261083333333
39 0.26 -0.2 0.263083333333
40 0.26 -0.2 0.270833333333
41 0.26 -0.2 0.273083333333
42 0.26 -0.2 0.2705
43 0.26 -0.2 0.262166666667
44 0.26 -0.2 0.25725
45 0.26 -0.2 0.256416666667
46 0.26 -0.2 0.255916666667
47 0.26 -0.2 0.254666666667
48 0.26 -0.2 0.2535
49 0.26 -0.2 0.2535
50 0.26 -0.2 0.2525
51 0.26 -0.2 0.25125
52 0.26 -0.2 0.25425
53 0.26 -0.1 0.261333333333
54 0.26 -0.1 0.263333333333
55 0.26 -0.1 0.267166666667
56 0.26 -0.1 0.269083333333
57 0.26 -0.1 0.268916666667
58 0.26 -0.1 0.267583333333
59 0.26 -0.05 0.266833333333
60 0.26 0.0 0.267
61 0.26 0.0 0.2665
62 0.26 0.0 0.265666666667
63 0.26 0.0 0.265666666667
64 0.26 0.0 0.264916666667
65 0.26 -0.1 0.265
66 0.26 -0.1 0.264833333333
67 0.26 -0.1 0.263916666667
68 0.26 -0.1 0.26375
69 0.26 -0.1 0.263916666667
70 0.26 -0.1 0.263083333333
71 0.26 -0.1 0.26275
72 0.26 -0.1 0.261416666667
73 0.26 -0.1 0.261833333333
74 0.26 -0.1 0.261666666667
75 0.26 -0.1 0.260916666667
76 0.26 -0.1 0.260916666667
77 0.26 -0.1 0.26075
78 0.26 -0.1 0.2595
79 0.26 -0.1 0.259416666667
80 0.26 -0.2 0.258666666667
81 0.26 -0.2 0.2585
82 0.26 -0.2 0.25825
83 0.26 -0.2 0.267916666667
84 0.26 -0.2 0.271333333333
85 0.26 -0.2 0.271333333333
86 0.26 -0.2 0.27075
87 0.26 -0.2 0.2695
88 0.26 -0.2 0.269583333333
89 0.26 -0.2 0.27725
90 0.26 -0.2 0.287166666667
91 0.26 -0.2 0.29025
92 0.26 -0.2 0.291666666667
93 0.26 -0.2 0.291666666667
94 0.26 -0.2 0.291666666667
95 0.26 -0.2 0.291666666667
96 0.26 -0.1 0.291666666667
97 0.26 -0.05 0.291666666667
98 0.26 0.0 0.291666666667
99 0.26 0.0 0.291666666667
100 0.26 0.0 0.291666666667
101 0.26 0.0 0.291666666667
102 0.26 0.0 0.291666666667
103 0.26 0.0 0.291666666667
104 0.26 0.0 0.291666666667
105 0.26 0.0 0.291666666667
106 0.26 0.0 0.291666666667
107 0.26 0.0 0.291666666667
108 0.26 0.0 0.291666666667
109 0.26 0.0 0.291666666667
110 0.26 0.0 0.291666666667
111 0.26 0.0 0.291666666667
112 0.26 0.0 0.291666666667
113 0.26 0.0 0.291666666667
114 0.26 0.0 0.291666666667
115 0.26 0.0 0.291666666667
116 0.26 0.0 0.291666666667
117 0.26 0.0 0.291666666667
118 0.26 0.0 0.291666666667
119 0.26 0.0 0.291666666667
120 0.26 0.0 0.291666666667
121 0.26 0.0 0.291666666667
122 0.26 0.0 0.291666666667
123 0.26 0.0 0.291666666667
124 0.26 0.0 0.291666666667
125 0.26 0.0 0.291666666667
126 0.26 0.0 0.291666666667
127 0.26 0.0 0.291666666667
128 0.26 0.0 0.291666666667
129 0.26 0.0 0.291666666667
130 0.26 0.0 0.291666666667
131 0.26 0.0 0.291416666667
132 0.26 0.0 0.290666666667
133 0.26 0.0 0.29025
134 0.26 0.0 0.289666666667
135 0.26 0.0 0.286666666667
136 0.26 0.0 0.286
137 0.26 0.0 0.286
138 0.26 0.0 0.285666666667
139 0.26 0.0 0.285583333333
140 0.26 0.0 0.28575
141 0.26 0.0 0.28625
142 0.26 0.0 0.28675
143 0.26 0.0 0.287083333333
144 0.26 0.0 0.287333333333
145 0.26 0.0 0.2885
146 0.26 0.0 0.288583333333
147 0.26 0.0 0.288916666667
148 0.26 0.0 0.28975
149 0.26 0.0 0.290333333333
150 0.26 0.0 0.290833333333
151 0.26 0.0 0.289833333333
152 0.26 0.0 0.289833333333
153 0.26 0.0 0.290583333333
154 0.26 0.0 0.291083333333
155 0.26 0.0 0.291166666667
156 0.26 0.0 0.29125
157 0.26 0.0 0.291083333333
158 0.26 0.0 0.290583333333
159 0.26 0.0 0.29075
160 0.26 0.0 0.290833333333
161 0.26 0.0 0.290833333333
162 0.26 0.0 0.29025
163 0.26 0.0 0.290416666667
164 0.26 0.0 0.287666666667
165 0.26 0.0 0.283916666667
166 0.26 0.0 0.283083333333
167 0.26 0.0 0.282083333333
168 0.26 0.0 0.281916666667
169 0.26 0.0 0.281833333333
170 0.26 0.0 0.282
171 0.26 0.0 0.281583333333
172 0.26 0.0 0.280833333333
173 0.26 0.0 0.28025
174 0.26 0.0 0.279666666667
175 0.26 0.0 0.277833333333
176 0.26 0.0 0.277666666667
177 0.26 0.0 0.275333333333
178 0.26 0.0 0.27425
179 0.26 0.0 0.273416666667
180 0.26 0.0 0.273333333333
181 0.26 0.0 0.273666666667
182 0.26 0.0 0.2735
183 0.26 0.0 0.273416666667
184 0.26 0.0 0.273833333333
185 0.26 0.0 0.274
186 0.26 0.0 0.27375
187 0.26 0.0 0.273416666667
188 0.26 0.0 0.273166666667
189 0.26 0.0 0.272916666667
190 0.26 0.0 0.272833333333
191 0.26 0.0 0.273083333333
192 0.26 0.0 0.27275
193 0.26 0.0 0.27225
194 0.26 0.0 0.27225
195 0.26 0.0 0.272
196 0.26 0.0 0.271916666667
197 0.26 0.0 0.271333333333
198 0.26 0.0 0.2715
199 0.26 0.05 0.2715
200 0.26 0.1 0.271916666667
201 0.26 0.15 0.273
202 0.26 0.2 0.2745
203 0.26 0.25 0.275833333333
204 0.26 0.3 0.27675
205 0.26 0.3 0.27425
206 0.26 0.35 0.263833333333
207 0.26 0.4 0.25575
208 0.26 0.4 0.254916666667
209 0.26 0.4 0.2525
210 0.26 0.4 0.2505
211 0.26 0.4 0.2495
212 0.26 0.4 0.247833333333
213 0.26 0.4 0.254
214 0.26 0.4 0.252916666667
215 0.26 0.4 0.24525
216 0.26 0.4 0.24575
217 0.26 0.4 0.24525
218 0.26 0.4 0.245583333333
219 0.26 0.4 0.248833333333
220 0.26 0.4 0.2595
221 0.26 0.4 0.269666666667
222 0.26 0.4 0.270583333333
223 0.26 0.4 0.27075
224 0.26 0.4 0.258166666667
225 0.26 0.4 0.24725
226 0.26 0.4 0.241
227 0.26 0.4 0.245083333333
228 0.26 0.4 0.260583333333
229 0.26 0.4 0.262166666667
230 0.26 0.4 0.26275
231 0.26 0.4 0.262333333333
232 0.26 0.4 0.262916666667
233 0.26 0.4 0.2565
234 0.26 0.4 0.248416666667
235 0.26 0.4 0.247666666667
236 0.26 0.4 0.247333333333
237 0.26 0.4 0.241833333333
238 0.26 0.4 0.243416666667
239 0.26 0.4 0.255416666667
240 0.26 0.4 0.25925
241 0.26 0.4 0.259416666667
242 0.26 0.4 0.26025
243 0.26 0.4 0.25975
244 0.26 0.4 0.260583333333
245 0.26 0.4 0.2605
246 0.26 0.4 0.260333333333
247 0.26 0.4 0.260583333333
248 0.26 0.4 0.267333333333
249 0.26 0.4 0.275333333333
250 0.26 0.4 0.275583333333
251 0.26 0.4 0.28275
252 0.26 0.4 0.291666666667
253 0.26 0.4 0.291666666667
254 0.26 0.4 0.291666666667
255 0.26 0.4 0.291666666667
256 0.26 0.4 0.291666666667
257 0.26 0.4 0.291666666667
258 0.26 0.4 0.291666666667
259 0.26 0.4 0.291666666667
260 0.26 0.4 0.291666666667
261 0.26 0.4 0.287916666667
262 0.26 0.4 0.278166666667
263 0.26 0.4 0.2715
264 0.26 0.35 0.264333333333
265 0.26 0.3 0.25675
266 0.26 0.3 0.255
267 0.26 0.3 0.247166666667
268 0.26 0.4 0.24775
269 0.26 0.4 0.246833333333
270 0.26 0.4 0.249
271 0.26 0.4 0.250666666667
272 0.26 0.4 0.251833333333
273 0.26 0.45 0.253083333333
274 0.26 0.5 0.255
275 0.26 0.5 0.25475
276 0.26 0.5 0.256666666667
277 0.26 0.5 0.258083333333
278 0.26 0.5 0.271083333333
279 0.26 0.5 0.284
280 0.26 0.5 0.291666666667
281 0.26 0.5 0.291666666667
282 0.26 0.5 0.291666666667
283 0.26 0.5 0.291666666667
284 0.26 0.45 0.291666666667
285 0.26 0.4 0.291666666667
286 0.26 0.3 0.291666666667
287 0.26 0.3 0.291666666667
288 0.26 0.3 0.291666666667
289 0.26 0.3 0.291666666667
290 0.26 0.3 0.291666666667
291 0.26 0.3 0.291666666667
292 0.26 0.3 0.291666666667
293 0.26 0.3 0.291666666667
294 0.26 0.3 0.291666666667
295 0.26 0.3 0.291666666667
296 0.26 0.3 0.291666666667
297 0.26 0.25 0.291666666667
298 0.26 0.2 0.291666666667
299 0.26 0.2 0.291666666667
300 0.26 0.2 0.291666666667
301 0.26 0.2 0.291666666667
302 0.26 0.2 0.291666666667
303 0.26 0.2 0.291666666667
304 0.26 0.2 0.291666666667
305 0.26 0.2 0.291666666667
306 0.26 0.2 0.291666666667
307 0.26 0.2 0.291666666667
308 0.26 0.2 0.291666666667
309 0.26 0.2 0.291666666667
310 0.26 0.2 0.291666666667
311 0.26 0.2 0.291666666667
312 0.26 0.2 0.291666666667
313 0.26 0.2 0.291166666667
314 0.26 0.15 0.28825
315 0.26 0.1 0.28425
316 0.26 2.77555756156e-17 0.282416666667
317 0.26 2.77555756156e-17 0.286
318 0.26 2.77555756156e-17 0.289583333333
319 0.26 2.77555756156e-17 0.291166666667
320 0.26 2.77555756156e-17 0.291666666667
321 0.26 2.77555756156e-17 0.291666666667
322 0.26 2.77555756156e-17 0.291666666667
323 0.26 -0.05 0.291666666667
324 0.26 -0.1 0.291666666667
325 0.26 -0.1 0.291666666667
326 0.26 -0.1 0.291666666667
327 0.26 -0.1 0.291666666667
328 0.26 -0.15 0.291666666667
329 0.26 -0.2 0.291666666667
330 0.26 -0.25 0.291666666667
331 0.26 -0.3 0.291666666667
332 0.26 -0.35 0.291666666667
333 0.26 -0.4 0.291666666667
334 0.26 -0.45 0.291666666667
335 0.26 -0.5 0.291666666667
336 0.26 -0.5 0.291666666667
337 0.26 -0.5 0.291666666667
338 0.26 -0.5 0.291666666667
339 0.26 -0.5 0.291666666667
340 0.26 -0.5 0.291666666667
341 0.26 -0.5 0.291666666667
342 0.26 -0.5 0.291666666667
343 0.26 -0.5 0.291666666667
344 0.26 -0.5 0.291666666667
345 0.26 -0.5 0.28775
346 0.26 -0.5 0.269833333333
347 0.26 -0.5 0.268833333333
348 0.26 -0.5 0.261666666667
349 0.26 -0.5 0.26075
350 0.26 -0.5 0.25225
351 0.26 -0.5 0.238833333333
352 0.26 -0.5 0.22
353 0.26 -0.5 0.20875
354 0.26 -0.5 0.192666666667
355 0.26 -0.5 0.197
356 0.26 -0.5 0.214333333333
357 0.26 -0.5 0.233333333333
358 0.26 -0.5 0.237666666667
359 0.26 -0.5 0.238333333333
360 0.26 -0.5 0.240583333333
361 0.26 -0.5 0.259833333333
362 0.26 -0.5 0.271916666667
363 0.26 -0.5 0.291666666667
364 0.26 -0.5 0.291666666667
365 0.26 -0.5 0.291666666667
366 0.26 -0.5 0.291666666667
367 0.26 -0.5 0.291666666667
368 0.26 -0.5 0.291666666667
369 0.26 -0.5 0.281666666667
370 0.26 -0.5 0.27125
371 0.26 -0.5 0.2695
372 0.26 -0.5 0.268833333333
373 0.26 -0.5 0.2685
374 0.26 -0.5 0.267083333333
375 0.26 -0.5 0.259333333333
376 0.26 -0.5 0.24525
377 0.26 -0.5 0.243833333333
378 0.26 -0.5 0.2445
379 0.26 -0.5 0.2555
380 0.26 -0.5 0.247833333333
381 0.26 -0.5 0.24575
382 0.26 -0.5 0.241916666667
383 0.26 -0.5 0.241
384 0.26 -0.5 0.240083333333
385 0.26 -0.5 0.250583333333
386 0.26 -0.5 0.260583333333
387 0.26 -0.5 0.252583333333
388 0.26 -0.5 0.238416666667
389 0.26 -0.5 0.2375
390 0.26 -0.5 0.253416666667
391 0.26 -0.5 0.254666666667
392 0.26 -0.5 0.26625
393 0.26 -0.5 0.265666666667
394 0.26 -0.5 0.260083333333
395 0.26 -0.5 0.242166666667
396 0.26 -0.5 0.240583333333
397 0.26 -0.5 0.247583333333
398 0.26 -0.5 0.26575
399 0.26 -0.5 0.269583333333
400 0.26 -0.5 0.269083333333
401 0.26 -0.5 0.269
402 0.26 -0.5 0.26925
403 0.26 -0.5 0.268416666667
404 0.26 -0.5 0.268666666667
405 0.26 -0.5 0.277833333333
406 0.26 -0.5 0.291666666667
407 0.26 -0.5 0.291666666667
408 0.26 -0.5 0.291666666667
409 0.26 -0.5 0.291666666667
410 0.26 -0.5 0.291666666667
411 0.26 -0.5 0.291666666667
412 0.26 -0.5 0.291666666667
413 0.26 -0.5 0.291666666667
414 0.26 -0.5 0.291666666667
415 0.26 -0.45 0.291666666667
416 0.26 -0.35 0.291666666667
417 0.26 -0.3 0.291666666667
418 0.26 -0.25 0.291666666667
419 0.26 -0.2 0.291666666667
420 0.26 -0.1 0.291666666667
421 0.26 -0.1 0.291666666667
422 0.26 -0.1 0.291666666667
423 0.26 -0.1 0.291666666667
424 0.26 -0.1 0.291666666667
425 0.26 -0.1 0.291666666667
426 0.26 -0.1 0.291666666667
427 0.26 -0.1 0.291666666667
428 0.26 -0.1 0.291666666667
429 0.26 -0.1 0.291666666667
430 0.26 -0.1 0.291666666667
431 0.26 -0.1 0.291666666667
432 0.26 -0.1 0.291666666667
433 0.26 -0.1 0.291666666667
434 0.26 -0.1 0.291666666667
435 0.26 -0.1 0.291666666667
436 0.26 -0.1 0.291666666667
437 0.26 -0.1 0.291666666667
438 0.26 -0.1 0.291666666667
439 0.26 -0.1 0.291666666667
440 0.26 -0.1 0.291666666667
441 0.26 -0.1 0.291666666667
442 0.26 -0.1 0.291666666667
443 0.26 -0.1 0.291666666667
444 0.26 -0.1 0.291666666667
445 0.26 -0.1 0.291666666667
446 0.26 -0.1 0.291666666667
447 0.26 -0.1 0.291666666667
448 0.26 -0.1 0.291666666667
449 0.26 -0.1 0.291666666667
450 0.26 -0.1 0.291666666667
451 0.26 -0.1 0.291666666667
452 0.26 -0.1 0.291666666667
453 0.26 -0.1 0.291666666667
454 0.26 -2.77555756156e-17 0.291666666667
455 0.26 -2.77555756156e-17 0.291666666667
456 0.26 -2.77555756156e-17 0.291666666667
457 0.26 -2.77555756156e-17 0.291666666667
458 0.26 -2.77555756156e-17 0.291666666667
459 0.26 -2.77555756156e-17 0.291666666667
460 0.26 -2.77555756156e-17 0.291666666667
461 0.26 -2.77555756156e-17 0.291666666667
462 0.26 -2.77555756156e-17 0.291666666667
463 0.26 -2.77555756156e-17 0.291666666667
464 0.26 -2.77555756156e-17 0.291666666667
465 0.26 -2.77555756156e-17 0.291666666667
466 0.26 -2.77555756156e-17 0.291666666667
467 0.26 -2.77555756156e-17 0.291666666667
468 0.26 -2.77555756156e-17 0.291666666667
469 0.26 -2.77555756156e-17 0.291666666667
470 0.26 0.05 0.291166666667
471 0.26 0.1 0.284
472 0.26 0.2 0.280833333333
473 0.26 0.3 0.280583333333
474 0.26 0.3 0.284666666667
475 0.26 0.3 0.291666666667
476 0.26 0.3 0.291666666667
477 0.26 0.3 0.291666666667
478 0.26 0.3 0.291666666667
479 0.26 0.3 0.291666666667
480 0.26 0.3 0.291666666667
481 0.26 0.3 0.291666666667
482 0.26 0.3 0.291666666667
483 0.26 0.3 0.291666666667
484 0.26 0.3 0.291666666667
485 0.26 0.3 0.291666666667
486 0.26 0.3 0.291666666667
487 0.26 0.3 0.291666666667
488 0.26 0.3 0.291666666667
489 0.26 0.3 0.291666666667
490 0.26 0.3 0.291666666667
491 0.26 0.3 0.291666666667
492 0.26 0.3 0.291666666667
493 0.26 0.3 0.291666666667
494 0.26 0.3 0.291666666667
495 0.26 0.3 0.291666666667
496 0.26 0.3 0.291666666667
497 0.26 0.3 0.291666666667
498 0.26 0.3 0.291666666667
499 0.26 0.3 0.291666666667
500 0.26 0.3 0.291666666667
501 0.26 0.3 0.291666666667
502 0.26 0.3 0.291666666667
503 0.26 0.25 0.291666666667
504 0.26 0.2 0.291666666667
505 0.26 0.2 0.291666666667
506 0.26 0.2 0.291666666667
507 0.26 0.2 0.291666666667
508 0.26 0.2 0.291666666667
509 0.26 0.2 0.291666666667
510 0.26 0.2 0.291666666667
511 0.26 0.2 0.291666666667
512 0.26 0.2 0.291666666667
513 0.26 0.2 0.291666666667
514 0.26 0.2 0.291666666667
515 0.26 0.2 0.291666666667
516 0.26 0.2 0.291666666667
517 0.26 0.2 0.291666666667
518 0.26 0.2 0.291666666667
519 0.26 0.2 0.291666666667
520 0.26 0.2 0.291666666667
521 0.26 0.2 0.291666666667
522 0.26 0.2 0.291666666667
523 0.26 0.2 0.291666666667
524 0.26 0.2 0.291666666667
525 0.26 0.2 0.291666666667
526 0.26 0.15 0.291666666667
527 0.26 0.1 0.291666666667
528 0.26 0.1 0.291666666667
529 0.26 0.1 0.291666666667
530 0.26 0.1 0.291666666667
531 0.26 0.1 0.291666666667
532 0.26 0.1 0.291666666667
533 0.26 0.1 0.291666666667
534 0.26 0.1 0.291666666667
535 0.26 0.1 0.291666666667
536 0.26 0.1 0.291666666667
537 0.26 0.1 0.291666666667
538 0.26 0.1 0.291666666667
539 0.26 0.1 0.291666666667
540 0.26 0.1 0.291666666667
541 0.26 0.1 0.291666666667
542 0.26 0.1 0.291666666667
543 0.26 0.1 0.291666666667
544 0.26 0.1 0.291666666667
545 0.26 0.1 0.291666666667
546 0.26 0.1 0.291666666667
547 0.26 0.1 0.291666666667
548 0.26 0.1 0.291666666667
549 0.26 0.1 0.291666666667
550 0.26 0.1 0.291666666667
551 0.26 0.1 0.291666666667
552 0.26 0.1 0.291666666667
553 0.26 0.1 0.291666666667
554 0.26 0.1 0.291666666667
555 0.26 0.1 0.291666666667
556 0.26 0.1 0.291666666667
557 0.26 0.1 0.291666666667
558 0.26 0.1 0.291666666667
559 0.26 0.1 0.291666666667
560 0.26 0.1 0.291666666667
561 0.26 0.1 0.291666666667
562 0.26 0.1 0.291666666667
563 0.26 0.1 0.291666666667
564 0.26 0.1 0.291666666667
565 0.26 0.1 0.291666666667
566 0.26 0.1 0.291666666667
567 0.26 0.1 0.291666666667
568 0.26 0.1 0.291666666667
569 0.26 0.1 0.291666666667
570 0.26 0.1 0.291666666667
571 0.26 0.1 0.291666666667
572 0.26 0.1 0.291666666667
573 0.26 0.1 0.291666666667
574 0.26 0.1 0.291666666667
575 0.26 0.1 0.291666666667
576 0.26 0.1 0.291666666667
577 0.26 0.1 0.291666666667
578 0.26 0.1 0.291666666667
579 0.26 0.1 0.291666666667
580 0.26 0.1 0.291666666667
581 0.26 0.1 0.291666666667
582 0.26 0.1 0.291666666667
583 0.26 0.1 0.291666666667
584 0.26 0.1 0.291666666667
585 0.26 0.1 0.291666666667
586 0.26 0.1 0.291666666667
587 0.26 0.1 0.291666666667
588 0.26 0.1 0.291666666667
