0 0.26 0.0 0.0316666666667
1 0.26 0.0 0.00633333333333
2 0.26 0.0 0.0
3 0.26 0.0 0.08125
4 0.26 0.0 0.11875
5 0.26 0.0 0.13125
6 0.26 0.0 0.1375
7 0.26 0.0 0.1375
8 0.26 0.0 0.1375
9 0.26 0.0 0.13125
10 0.26 0.0 0.13125
11 0.26 0.0 0.13125
12 0.26 0.0 0.13125
13 0.26 0.0 0.125
14 0.26 0.0 0.125
15 0.26 0.0 0.125
16 0.26 0.0 0.11875
17 0.26 0.0 0.11875
18 0.26 0.0 0.11875
19 0.26 0.0 0.11875
20 0.26 0.0 0.1125
21 0.26 0.0 0.1125
22 0.26 0.0 0.10625
23 0.26 0.0 0.10625
24 0.26 0.0 0.10625
25 0.26 0.0 0.1
26 0.26 0.0 0.1
27 0.26 0.0 0.1
28 0.26 0.0 0.09375
29 0.26 0.0 0.09375
30 0.26 0.0 0.0875
31 0.26 0.0 0.0875
32 0.26 0.0 0.08125
33 0.26 -0.05 0.08125
34 0.26 -0.1 0.075
35 0.26 -0.1 0.08125
36 0.26 -0.15 0.09375
37 0.26 -0.2 0.1125
38 0.26 -0.25 0.14375
39 0.26 -0.3 0.178166666667
40 0.26 -0.3 0.2125
41 0.26 -0.35 0.2125
42 0.26 -0.4 0.21875
43 0.26 -0.4 0.225
44 0.26 -0.4 0.23125
45 0.26 -0.4 0.2375
46 0.26 -0.4 0.25
47 0.26 -0.4 0.2625
48 0.26 -0.4 0.21875
49 0.0 0.0 0.14375
50 0.0 0.0 0.075
51 0.0 0.0 0.0
52 0.0 0.0 0.0
53 0.0 0.0 0.0
54 0.0 0.0 0.0
55 0.005 0.0 0.0
56 0.01 0.0 0.0
57 0.01 0.0 0.0
58 0.01 0.05 0.0
59 0.01 0.1 0.0
60 0.01 0.1 0.0
61 0.01 0.1 0.0
62 0.01 0.1 0.0
63 0.01 0.15 0.0
64 0.01 0.3 0.0
65 0.01 0.5 0.0
66 0.01 0.65 0.0
67 0.01 0.8 0.0
68 0.01 1.0 0.0
69 0.01 1.1 0.0
70 0.01 1.15 0.0
71 0.01 1.2 0.0
72 0.0 0.0 0.0
73 0.0 0.0 0.0
74 0.0 0.0 0.0
75 0.005 0.0 0.0
76 0.01 0.0 0.0
77 0.01 0.0 0.0
78 0.01 0.0 0.0
79 0.01 0.0 0.0
80 0.025 0.0 0.0
81 0.04 0.0 0.0
82 0.055 0.0 0.0
83 0.07 0.0 0.0
84 0.09 0.0 0.0
85 0.105 0.0 0.0
86 0.12 0.0 0.0
87 0.135 0.0 0.0
88 0.15 0.0 0.0
89 0.165 0.0 0.0
90 0.185 0.0 0.0
91 0.2 0.0 0.0
92 0.215 0.0 0.0
93 0.23 0.0 0.0
94 0.245 0.0 0.0
95 0.26 0.0 0.0
96 0.26 0.0 0.0
97 0.26 0.0 0.0
98 0.26 0.0 0.0
99 0.26 0.0 0.0
100 0.26 0.0 0.0
101 0.26 0.0 0.0
102 0.26 0.0 0.0
103 0.26 0.0 0.0
104 0.26 0.0 0.0
105 0.26 0.0 0.0
106 0.26 0.0 0.0
107 0.26 0.0 0.0
108 0.26 0.0 0.0
109 0.26 0.0 0.0
110 0.26 0.0 0.0
111 0.26 0.05 0.0
112 0.26 0.1 0.0
113 0.26 0.15 0.0
114 0.26 0.2 0.0
115 0.26 0.2 0.0
116 0.26 0.25 0.0
117 0.26 0.3 0.0
118 0.26 0.35 0.0
119 0.26 0.4 0.0
120 0.26 0.4 0.0
121 0.26 0.4 0.0
122 0.26 0.4 0.025
123 0.26 0.4 0.09375
124 0.26 0.4 0.1625
125 0.26 0.4 0.23125
126 0.26 0.4 0.29375
127 0.26 0.4 0.35625
128 0.26 0.4 0.41875
129 0.26 0.4 0.48125
130 0.26 0.4 0.54375
131 0.26 0.4 0.60625
132 0.26 0.4 0.66875
133 0.26 0.4 0.725
134 0.26 0.4 0.75
135 0.26 0.4 0.75
136 0.0 0.0 0.75
137 0.0 0.0 0.75
138 0.0 0.0 0.75
139 0.0 0.0 0.75
140 0.0 0.0 0.75
141 0.0 0.0 0.75
142 0.0 0.0 0.75
143 0.0 0.05 0.75
144 0.0 0.1 0.75
145 0.0 0.1 0.75
146 0.0 0.1 0.75
147 0.0 0.1 0.75
148 0.0 0.2 0.75
149 0.0 0.35 0.75
150 0.0 0.5 0.75
151 0.0 0.55 0.75
152 0.0 0.6 0.75
