0 0.105 -0.2 0.291666666667
1 0.11 -0.2 0.291666666667
2 0.12 -0.2 0.291666666667
3 0.125 -0.2 0.291666666667
4 0.135 -0.2 0.291666666667
5 0.14 -0.2 0.291666666667
6 0.15 -0.2 0.291666666667
7 0.155 -0.2 0.291666666667
8 0.16 -0.1 0.291666666667
9 0.16 -0.05 0.291666666667
10 0.16 0.0 0.291666666667
11 0.16 0.0 0.291666666667
12 0.16 0.0 0.291666666667
13 0.16 0.0 0.291666666667
14 0.16 0.0 0.291666666667
15 0.165 0.0 0.291666666667
16 0.17 0.0 0.232666666667
17 0.17 0.0 0.228666666667
18 0.18 0.0 0.23425
19 0.2 0.0 0.23525
20 0.205 0.0 0.235
21 0.215 0.0 0.233083333333
22 0.22 0.0 0.229916666667
23 0.23 0.0 0.184083333333
24 0.23 0.0 0.207166666667
25 0.23 0.0 0.2045
26 0.23 -0.05 0.204333333333
27 0.23 -0.1 0.226833333333
28 0.23 -0.1 0.241416666667
29 0.23 -0.1 0.23975
30 0.23 -0.1 0.218666666667
31 0.23 -0.1 0.221916666667
32 0.23 -0.1 0.23325
33 0.23 -0.1 0.246
34 0.23 -0.15 0.245333333333
35 0.23 -0.2 0.230416666667
36 0.23 -0.2 0.226583333333
37 0.23 -0.2 0.224333333333
38 0.23 -0.2 0.224833333333
39 0.23 -0.2 0.229666666667
40 0.23 -0.2 0.233916666667
41 0.23 -0.2 0.23125
42 0.23 -0.2 0.236333333333
43 0.235 -0.2 0.246916666667
44 0.24 -0.2 0.272
45 0.24 -0.2 0.290166666667
46 0.24 -0.2 0.291666666667
47 0.26 -0.2 0.291666666667
48 0.26 -0.2 0.291666666667
49 0.26 -0.2 0.291666666667
50 0.26 -0.25 0.291666666667
51 0.26 -0.3 0.291666666667
52 0.26 -0.3 0.291666666667
53 0.26 -0.3 0.2905
54 0.26 -0.3 0.287583333333
55 0.26 -0.3 0.278333333333
56 0.26 -0.3 0.25725
57 0.26 -0.3 0.236666666667
58 0.26 -0.3 0.23175
59 0.26 -0.3 0.230166666667
60 0.26 -0.3 0.2285
61 0.26 -0.2 0.224083333333
62 0.26 -0.2 0.206833333333
63 0.26 -0.15 0.221083333333
64 0.26 -0.1 0.227583333333
65 0.26 -2.77555756156e-17 0.224416666667
66 0.26 -2.77555756156e-17 0.242166666667
67 0.26 -2.77555756156e-17 0.251833333333
68 0.26 -2.77555756156e-17 0.263916666667
69 0.26 -2.77555756156e-17 0.273916666667
70 0.26 -2.77555756156e-17 0.27875
71 0.26 -2.77555756156e-17 0.283666666667
72 0.26 0.05 0.287583333333
73 0.26 0.1 0.285916666667
74 0.26 0.1 0.283166666667
75 0.26 0.1 0.278666666667
76 0.26 0.1 0.272583333333
77 0.26 0.1 0.271
78 0.26 0.1 0.265583333333
79 0.26 0.1 0.262833333333
80 0.26 0.1 0.257916666667
81 0.26 0.1 0.255083333333
82 0.26 0.15 0.258166666667
83 0.26 0.2 0.261333333333
84 0.26 0.2 0.264083333333
85 0.26 0.2 0.2665
86 0.26 0.2 0.267166666667
87 0.26 0.2 0.267916666667
88 0.26 0.2 0.268416666667
89 0.26 0.2 0.268333333333
90 0.26 0.2 0.267833333333
91 0.26 0.2 0.267166666667
92 0.26 0.2 0.265833333333
93 0.26 0.2 0.265416666667
94 0.26 0.2 0.265083333333
95 0.26 0.2 0.266833333333
96 0.26 0.2 0.264333333333
97 0.26 0.2 0.265833333333
98 0.26 0.2 0.265583333333
99 0.26 0.2 0.263166666667
100 0.26 0.2 0.260583333333
101 0.26 0.2 0.253666666667
102 0.26 0.2 0.237916666667
103 0.26 0.2 0.226416666667
104 0.26 0.2 0.223916666667
105 0.26 0.2 0.2235
106 0.26 0.2 0.223583333333
107 0.26 0.2 0.22325
108 0.26 0.2 0.222833333333
109 0.26 0.15 0.2205
110 0.26 0.1 0.218833333333
111 0.26 0.1 0.214916666667
112 0.26 0.1 0.213083333333
113 0.26 0.1 0.212666666667
114 0.26 0.1 0.2155
115 0.26 0.1 0.22625
116 0.26 0.1 0.232333333333
117 0.26 0.1 0.245333333333
118 0.26 0.1 0.252166666667
119 0.26 0.1 0.256416666667
120 0.26 0.1 0.258333333333
121 0.26 0.1 0.258166666667
122 0.26 0.1 0.258
123 0.26 0.1 0.257166666667
124 0.26 0.05 0.257583333333
125 0.26 -2.77555756156e-17 0.257416666667
126 0.26 -0.1 0.25625
127 0.26 -0.1 0.255916666667
128 0.26 -0.2 0.25425
129 0.26 -0.2 0.253666666667
130 0.26 -0.2 0.234916666667
131 0.26 -0.2 0.204083333333
132 0.26 -0.2 0.177
133 0.26 -0.2 0.178916666667
134 0.26 -0.2 0.187166666667
135 0.26 -0.2 0.196666666667
136 0.26 -0.2 0.21425
137 0.26 -0.2 0.254583333333
138 0.26 -0.2 0.279583333333
139 0.26 -0.2 0.291666666667
140 0.26 -0.2 0.291666666667
141 0.26 -0.2 0.291666666667
142 0.26 -0.2 0.291666666667
143 0.26 -0.2 0.291666666667
144 0.26 -0.2 0.291666666667
145 0.26 -0.2 0.291666666667
146 0.26 -0.2 0.291666666667
147 0.26 -0.2 0.291666666667
148 0.26 -0.2 0.291666666667
149 0.26 -0.2 0.291666666667
150 0.26 -0.2 0.291666666667
151 0.26 -0.2 0.291666666667
152 0.26 -0.15 0.291666666667
153 0.26 -0.1 0.291666666667
154 0.26 -0.1 0.291666666667
155 0.26 -0.1 0.291666666667
156 0.26 -0.05 0.291666666667
157 0.26 -2.77555756156e-17 0.291666666667
158 0.26 -2.77555756156e-17 0.291666666667
159 0.26 -2.77555756156e-17 0.291666666667
160 0.26 -2.77555756156e-17 0.291666666667
161 0.26 -2.77555756156e-17 0.291666666667
162 0.26 -2.77555756156e-17 0.291666666667
163 0.26 -2.77555756156e-17 0.291666666667
164 0.26 -2.77555756156e-17 0.291666666667
165 0.26 -2.77555756156e-17 0.291666666667
166 0.26 -2.77555756156e-17 0.291666666667
167 0.26 -2.77555756156e-17 0.291666666667
168 0.26 -2.77555756156e-17 0.291666666667
169 0.26 -2.77555756156e-17 0.291666666667
170 0.26 -2.77555756156e-17 0.291666666667
171 0.26 -2.77555756156e-17 0.291666666667
172 0.26 -2.77555756156e-17 0.291666666667
173 0.26 -2.77555756156e-17 0.291666666667
174 0.26 -2.77555756156e-17 0.291666666667
175 0.26 -2.77555756156e-17 0.291666666667
176 0.26 -2.77555756156e-17 0.291666666667
177 0.26 -2.77555756156e-17 0.291666666667
178 0.26 -2.77555756156e-17 0.291666666667
179 0.26 -2.77555756156e-17 0.291666666667
180 0.26 -2.77555756156e-17 0.291666666667
181 0.26 -2.77555756156e-17 0.291666666667
182 0.26 -2.77555756156e-17 0.291666666667
183 0.26 -2.77555756156e-17 0.291666666667
184 0.26 -2.77555756156e-17 0.291666666667
185 0.26 -2.77555756156e-17 0.291666666667
186 0.26 -2.77555756156e-17 0.291666666667
187 0.26 -2.77555756156e-17 0.291666666667
188 0.26 -2.77555756156e-17 0.291666666667
189 0.26 -2.77555756156e-17 0.291666666667
190 0.26 -2.77555756156e-17 0.291666666667
191 0.26 -2.77555756156e-17 0.291666666667
