0 0.26 0.0 0.0
1 0.26 0.0 0.0
2 0.26 -0.05 0.0
3 0.26 -0.1 0.0
4 0.26 -0.1 0.0
5 0.26 -0.2 0.0
6 0.26 -0.2 0.0
7 0.26 -0.25 0.0
8 0.26 -0.3 0.0
9 0.26 -0.3 0.0
10 0.26 -0.3 0.025
11 0.26 -0.3 0.11875
12 0.26 -0.3 0.20625
13 0.26 -0.3 0.2875
14 0.26 -0.3 0.375
15 0.26 -0.3 0.3875
16 0.26 -0.3 0.40625
17 0.26 -0.3 0.425
18 0.26 -0.3 0.40625
19 0.26 -0.3 0.3125
20 0.26 -0.3 0.21875
21 0.0 0.0 0.1125
22 0.0 0.0 0.0
23 0.0 0.0 0.0
24 0.01 0.0 0.0
25 0.01 0.0 0.0
26 0.01 0.0 0.0
27 0.025 0.0 0.0
28 0.055 0.0 0.0
29 0.08 0.0 0.0
30 0.11 0.0 0.0
31 0.135 0.0 0.0
32 0.165 0.0 0.0
33 0.195 0.0 0.0
34 0.22 0.0 0.0
35 0.235 0.1 0.0
36 0.24 0.1 0.0
37 0.25 0.1 0.0
38 0.26 0.1 0.0
39 0.26 0.1 0.0
40 0.26 0.1 0.0
41 0.26 0.1 0.0
42 0.26 0.15 0.0
43 0.26 0.2 0.0
44 0.26 0.2 0.0
45 0.26 0.2 0.0
46 0.26 0.2 0.0
47 0.26 0.2 0.0
48 0.26 0.2 0.0
49 0.26 0.2 0.0
50 0.26 0.2 0.0
51 0.26 0.2 0.0
52 0.26 0.2 0.0
53 0.26 0.2 0.0
54 0.26 0.2 0.0
55 0.26 0.2 0.0
56 0.26 0.2 0.0
57 0.26 0.2 0.0
58 0.26 0.25 0.0
59 0.26 0.3 0.0
60 0.26 0.3 0.0
61 0.26 0.3 0.0
62 0.26 0.3 0.0
63 0.26 0.3 0.0
64 0.26 0.3 0.0
65 0.26 0.3 0.03125
66 0.26 0.3 0.11875
67 0.26 0.3 0.196083333333
68 0.26 0.3 0.28125
69 0.26 0.3 0.35625
70 0.26 0.2 0.35
71 0.26 0.2 0.355833333333
72 0.26 0.2 0.349416666667
73 0.26 0.2 0.34375
74 0.26 0.2 0.34375
75 0.26 0.2 0.3375
76 0.26 0.2 0.3375
77 0.26 0.2 0.28125
78 0.26 0.2 0.225
79 0.26 0.2 0.15625
80 0.26 0.2 0.10625
81 0.26 0.15 0.0375
82 0.26 0.1 0.0
83 0.26 0.05 0.0
84 0.26 2.77555756156e-17 0.0
85 0.26 2.77555756156e-17 0.0
86 0.26 2.77555756156e-17 0.0
87 0.26 2.77555756156e-17 0.0
88 0.26 2.77555756156e-17 0.0
89 0.26 2.77555756156e-17 0.0
90 0.26 2.77555756156e-17 0.0
91 0.26 2.77555756156e-17 0.0
92 0.26 2.77555756156e-17 0.0
93 0.26 2.77555756156e-17 0.0
94 0.26 2.77555756156e-17 0.0
95 0.26 2.77555756156e-17 0.0
96 0.26 -0.05 0.0
97 0.26 -0.1 0.0
98 0.26 -0.15 0.0
99 0.26 -0.2 0.0
100 0.26 -0.2 0.01875
101 0.26 -0.2 0.06875
102 0.26 -0.2 0.11875
103 0.26 -0.2 0.18125
104 0.26 -0.2 0.23125
105 0.26 -0.2 0.2875
106 0.26 -0.2 0.2875
107 0.26 -0.2 0.29375
108 0.26 -0.2 0.2875
109 0.26 -0.2 0.29375
110 0.0 0.0 0.304833333333
111 0.0 0.0 0.30625
112 0.0 0.0 0.30625
113 0.01 0.0 0.30625
114 0.01 0.0 0.30625
115 0.01 0.0 0.30625
116 0.03 0.0 0.30625
117 0.055 0.0 0.30625
118 0.085 0.0 0.30625
119 0.11 0.0 0.307416666667
120 0.135 0.0 0.3125
121 0.165 0.0 0.3125
122 0.19 0.0 0.3125
123 0.215 0.0 0.3125
124 0.245 0.0 0.31875
125 0.26 0.0 0.325
126 0.26 0.0 0.325
127 0.26 0.0 0.33125
128 0.26 0.0 0.3375
129 0.26 0.0 0.34375
130 0.26 0.0 0.35
131 0.26 0.0 0.35625
132 0.26 0.0 0.35
133 0.26 0.0 0.34375
134 0.26 0.0 0.3375
135 0.26 0.0 0.3375
136 0.26 0.0 0.33125
137 0.26 0.0 0.325
138 0.26 0.0 0.321
139 0.26 0.0 0.31875
140 0.26 0.0 0.3125
141 0.26 0.0 0.30625
142 0.26 0.0 0.30625
143 0.26 0.0 0.3
144 0.26 0.0 0.29375
145 0.26 0.0 0.29375
146 0.26 0.0 0.2875
147 0.26 0.0 0.28125
148 0.26 0.0 0.275
149 0.26 0.0 0.268833333333
150 0.26 0.0 0.26875
151 0.26 0.0 0.2625
152 0.26 0.0 0.25625
153 0.26 0.0 0.25625
154 0.26 0.0 0.25
155 0.26 0.0 0.24375
156 0.26 0.0 0.24375
157 0.26 0.0 0.2375
158 0.26 0.0 0.2375
159 0.26 0.0 0.23125
160 0.26 0.0 0.23125
161 0.26 0.05 0.23125
162 0.26 0.1 0.23125
163 0.26 0.1 0.2625
164 0.26 0.1 0.28125
165 0.26 0.2 0.3125
166 0.26 0.2 0.3625
167 0.26 0.2 0.4125
168 0.26 0.2 0.46875
169 0.26 0.2 0.51875
170 0.26 0.2 0.575
171 0.26 0.2 0.625
172 0.26 0.2 0.68125
173 0.26 0.2 0.73125
174 0.26 0.2 0.75
175 0.26 0.2 0.75
176 0.26 0.2 0.75
177 0.26 0.2 0.75
178 0.26 0.2 0.75
179 0.26 0.15 0.75
180 0.26 0.1 0.75
181 0.26 0.1 0.75
182 0.26 0.0 0.75
183 0.26 0.0 0.75
184 0.26 0.0 0.75
185 0.26 0.0 0.75
186 0.26 0.0 0.75
187 0.26 0.0 0.75
188 0.26 0.0 0.75
189 0.26 0.0 0.75
190 0.26 0.0 0.75
191 0.26 0.0 0.75
192 0.26 0.0 0.75
193 0.26 0.0 0.75
194 0.26 0.0 0.75
195 0.26 0.0 0.75
196 0.26 0.0 0.75
197 0.26 0.0 0.75
198 0.26 0.0 0.75
199 0.26 0.0 0.75
200 0.26 0.0 0.75
201 0.26 0.0 0.75
202 0.26 0.0 0.75
203 0.26 0.0 0.75
204 0.26 0.0 0.75
205 0.26 0.0 0.75
206 0.26 0.0 0.75
207 0.26 0.0 0.75
208 0.26 0.0 0.75
209 0.26 0.0 0.75
210 0.26 0.0 0.75
211 0.26 0.0 0.75
212 0.26 0.0 0.75
