0 0.26 0.0 0.263
1 0.26 0.0 0.262916666667
2 0.26 0.0 0.26475
3 0.26 0.0 0.2645
4 0.26 0.0 0.264333333333
5 0.26 0.0 0.265583333333
6 0.26 0.0 0.265
7 0.26 0.0 0.26425
8 0.26 0.0 0.265333333333
9 0.26 0.0 0.263916666667
10 0.26 0.0 0.262416666667
11 0.26 0.0 0.263416666667
12 0.26 0.0 0.262
13 0.26 0.0 0.261083333333
14 0.26 0.0 0.261083333333
15 0.26 0.0 0.259916666667
16 0.26 0.0 0.25975
17 0.26 0.0 0.259333333333
18 0.26 0.05 0.259833333333
19 0.26 0.1 0.260333333333
20 0.26 0.15 0.257916666667
21 0.26 0.2 0.256833333333
22 0.26 0.2 0.255666666667
23 0.26 0.3 0.25425
24 0.26 0.3 0.252916666667
25 0.26 0.4 0.252583333333
26 0.26 0.4 0.253416666667
27 0.26 0.5 0.2525
28 0.26 0.5 0.259916666667
29 0.26 0.5 0.268166666667
30 0.26 0.5 0.267833333333
31 0.26 0.5 0.268
32 0.26 0.5 0.268583333333
33 0.26 0.5 0.268333333333
34 0.26 0.5 0.278583333333
35 0.26 0.5 0.2905
36 0.26 0.5 0.291666666667
37 0.26 0.5 0.291666666667
38 0.26 0.5 0.291666666667
39 0.26 0.5 0.291666666667
40 0.26 0.5 0.291666666667
41 0.26 0.5 0.291666666667
42 0.26 0.5 0.291666666667
43 0.26 0.5 0.291666666667
44 0.26 0.45 0.291666666667
45 0.26 0.4 0.291666666667
46 0.26 0.3 0.291666666667
47 0.26 0.3 0.291666666667
48 0.26 0.2 0.291666666667
49 0.26 0.2 0.291666666667
50 0.26 0.2 0.291666666667
51 0.26 0.15 0.291666666667
52 0.26 0.1 0.291666666667
53 0.26 0.1 0.291666666667
54 0.26 0.1 0.291666666667
55 0.26 0.1 0.291666666667
56 0.26 0.1 0.291666666667
57 0.26 0.1 0.291666666667
58 0.26 0.1 0.291666666667
59 0.26 0.1 0.291666666667
60 0.26 0.1 0.291666666667
61 0.26 0.1 0.291666666667
62 0.26 0.1 0.291666666667
63 0.26 0.1 0.291666666667
64 0.26 0.1 0.291666666667
65 0.26 0.1 0.291666666667
66 0.26 0.1 0.291666666667
67 0.26 0.1 0.291666666667
68 0.26 0.05 0.291666666667
69 0.26 2.77555756156e-17 0.291666666667
70 0.26 2.77555756156e-17 0.291666666667
71 0.26 2.77555756156e-17 0.291666666667
72 0.26 2.77555756156e-17 0.291666666667
73 0.26 2.77555756156e-17 0.291666666667
74 0.26 2.77555756156e-17 0.291666666667
75 0.26 2.77555756156e-17 0.291666666667
76 0.26 2.77555756156e-17 0.291666666667
77 0.26 2.77555756156e-17 0.291666666667
78 0.26 2.77555756156e-17 0.291666666667
79 0.26 2.77555756156e-17 0.291666666667
80 0.26 2.77555756156e-17 0.291666666667
81 0.26 2.77555756156e-17 0.291666666667
82 0.26 2.77555756156e-17 0.291666666667
83 0.26 2.77555756156e-17 0.291666666667
84 0.26 2.77555756156e-17 0.291666666667
85 0.26 2.77555756156e-17 0.291666666667
86 0.26 2.77555756156e-17 0.291666666667
87 0.26 2.77555756156e-17 0.291666666667
88 0.26 2.77555756156e-17 0.291666666667
89 0.26 2.77555756156e-17 0.291666666667
90 0.26 2.77555756156e-17 0.291666666667
91 0.26 2.77555756156e-17 0.291666666667
92 0.26 2.77555756156e-17 0.291666666667
93 0.26 2.77555756156e-17 0.291666666667
94 0.26 2.77555756156e-17 0.291666666667
95 0.26 2.77555756156e-17 0.291666666667
96 0.26 2.77555756156e-17 0.291666666667
97 0.26 2.77555756156e-17 0.291666666667
98 0.26 2.77555756156e-17 0.291666666667
99 0.26 2.77555756156e-17 0.291666666667
100 0.26 2.77555756156e-17 0.291666666667
101 0.26 2.77555756156e-17 0.291666666667
102 0.26 2.77555756156e-17 0.291666666667
103 0.26 2.77555756156e-17 0.291666666667
104 0.26 2.77555756156e-17 0.291666666667
105 0.26 2.77555756156e-17 0.291666666667
106 0.26 2.77555756156e-17 0.291666666667
107 0.26 2.77555756156e-17 0.291666666667
108 0.26 2.77555756156e-17 0.291666666667
109 0.26 2.77555756156e-17 0.291666666667
110 0.26 2.77555756156e-17 0.291666666667
111 0.26 2.77555756156e-17 0.291666666667
112 0.26 2.77555756156e-17 0.291666666667
113 0.26 2.77555756156e-17 0.291666666667
114 0.26 2.77555756156e-17 0.291666666667
115 0.26 2.77555756156e-17 0.291666666667
116 0.26 2.77555756156e-17 0.291666666667
117 0.26 2.77555756156e-17 0.291666666667
118 0.26 2.77555756156e-17 0.291666666667
119 0.26 2.77555756156e-17 0.291666666667
120 0.26 2.77555756156e-17 0.291666666667
121 0.26 2.77555756156e-17 0.291666666667
122 0.26 2.77555756156e-17 0.291666666667
123 0.26 2.77555756156e-17 0.291666666667
124 0.26 2.77555756156e-17 0.291666666667
125 0.26 2.77555756156e-17 0.291666666667
126 0.26 2.77555756156e-17 0.291666666667
127 0.26 2.77555756156e-17 0.291666666667
128 0.26 2.77555756156e-17 0.291666666667
129 0.26 2.77555756156e-17 0.291666666667
130 0.26 2.77555756156e-17 0.291666666667
131 0.26 2.77555756156e-17 0.291666666667
132 0.26 2.77555756156e-17 0.291666666667
133 0.26 2.77555756156e-17 0.291666666667
134 0.26 2.77555756156e-17 0.291666666667
135 0.26 2.77555756156e-17 0.291666666667
136 0.26 2.77555756156e-17 0.291666666667
137 0.26 2.77555756156e-17 0.291666666667
138 0.26 2.77555756156e-17 0.291666666667
139 0.26 2.77555756156e-17 0.291666666667
140 0.26 2.77555756156e-17 0.291666666667
141 0.26 2.77555756156e-17 0.291666666667
142 0.26 2.77555756156e-17 0.291666666667
143 0.26 2.77555756156e-17 0.291666666667
144 0.26 2.77555756156e-17 0.291666666667
145 0.26 2.77555756156e-17 0.291666666667
146 0.26 2.77555756156e-17 0.291666666667
147 0.26 -0.1 0.291666666667
148 0.26 -0.1 0.291666666667
149 0.26 -0.1 0.291666666667
150 0.26 -0.1 0.291666666667
151 0.26 -0.1 0.291666666667
152 0.26 -0.1 0.291666666667
153 0.26 -0.1 0.291666666667
154 0.26 2.77555756156e-17 0.291666666667
155 0.26 2.77555756156e-17 0.291666666667
156 0.26 2.77555756156e-17 0.291666666667
157 0.26 2.77555756156e-17 0.291666666667
158 0.26 2.77555756156e-17 0.28975
159 0.26 2.77555756156e-17 0.287833333333
160 0.26 2.77555756156e-17 0.285916666667
161 0.26 2.77555756156e-17 0.284
162 0.26 2.77555756156e-17 0.282083333333
163 0.26 2.77555756156e-17 0.27825
164 0.26 2.77555756156e-17 0.2765
165 0.26 2.77555756156e-17 0.274416666667
166 0.26 2.77555756156e-17 0.2725
167 0.26 2.77555756156e-17 0.270583333333
168 0.26 2.77555756156e-17 0.268666666667
169 0.26 2.77555756156e-17 0.26675
170 0.26 2.77555756156e-17 0.262916666667
171 0.26 2.77555756156e-17 0.261
172 0.26 2.77555756156e-17 0.259083333333
173 0.26 2.77555756156e-17 0.256666666667
174 0.26 2.77555756156e-17 0.25525
175 0.26 2.77555756156e-17 0.251416666667
176 0.26 2.77555756156e-17 0.2495
177 0.26 2.77555756156e-17 0.247583333333
178 0.26 2.77555756156e-17 0.245666666667
179 0.26 2.77555756156e-17 0.24375
180 0.26 2.77555756156e-17 0.241833333333
181 0.26 2.77555756156e-17 0.238333333333
182 0.26 2.77555756156e-17 0.236083333333
183 0.26 2.77555756156e-17 0.234166666667
184 0.26 2.77555756156e-17 0.231666666667
185 0.26 2.77555756156e-17 0.228416666667
186 0.26 2.77555756156e-17 0.2265
187 0.26 2.77555756156e-17 0.224583333333
188 0.26 -0.05 0.222666666667
189 0.26 -0.1 0.22075
190 0.26 -0.1 0.22075
191 0.26 -0.15 0.22075
192 0.26 -0.2 0.22075
193 0.26 -0.2 0.224583333333
194 0.26 -0.25 0.2265
195 0.26 -0.3 0.228416666667
196 0.26 -0.3 0.234166666667
197 0.26 -0.35 0.239916666667
198 0.26 -0.4 0.245666666667
199 0.26 -0.4 0.253333333333
200 0.26 -0.4 0.261
201 0.26 -0.4 0.268666666667
202 0.26 -0.4 0.27825
203 0.26 -0.4 0.282083333333
204 0.26 -0.4 0.291666666667
205 0.26 -0.4 0.291666666667
206 0.26 -0.4 0.2905
207 0.26 -0.4 0.278916666667
208 0.26 -0.4 0.279083333333
209 0.26 -0.4 0.278166666667
210 0.26 -0.4 0.26775
211 0.26 -0.4 0.266666666667
212 0.26 -0.4 0.266583333333
213 0.26 -0.4 0.25975
214 0.26 -0.4 0.25325
215 0.26 -0.4 0.25325
216 0.26 -0.4 0.24575
217 0.26 -0.4 0.24
218 0.26 -0.4 0.239583333333
219 0.26 -0.4 0.24275
220 0.26 -0.4 0.253833333333
221 0.26 -0.4 0.2405
222 0.26 -0.4 0.24175
223 0.26 -0.4 0.244916666667
224 0.26 -0.4 0.241833333333
225 0.26 -0.4 0.240083333333
226 0.26 -0.4 0.251916666667
227 0.26 -0.4 0.2525
228 0.26 -0.4 0.257416666667
229 0.26 -0.4 0.264416666667
230 0.26 -0.4 0.249083333333
231 0.26 -0.4 0.237916666667
232 0.26 -0.4 0.238666666667
233 0.26 -0.4 0.2525
234 0.26 -0.4 0.252
235 0.26 -0.4 0.264083333333
236 0.26 -0.4 0.265833333333
237 0.26 -0.4 0.265416666667
238 0.26 -0.4 0.2645
239 0.26 -0.4 0.262416666667
240 0.26 -0.4 0.248
241 0.26 -0.4 0.243666666667
242 0.26 -0.4 0.246916666667
243 0.26 -0.4 0.256333333333
244 0.26 -0.4 0.268416666667
245 0.26 -0.4 0.266416666667
246 0.26 -0.4 0.264916666667
247 0.26 -0.4 0.2635
248 0.26 -0.4 0.262666666667
249 0.26 -0.4 0.261333333333
250 0.26 -0.4 0.260333333333
251 0.26 -0.4 0.25925
252 0.26 -0.4 0.272
253 0.26 -0.35 0.284
254 0.26 -0.3 0.291666666667
255 0.26 -0.3 0.291666666667
256 0.26 -0.3 0.291666666667
257 0.26 -0.2 0.291666666667
258 0.26 -0.2 0.291666666667
259 0.26 -0.15 0.291666666667
260 0.26 -0.1 0.291666666667
261 0.26 -0.05 0.291666666667
262 0.26 -2.77555756156e-17 0.291666666667
263 0.26 -2.77555756156e-17 0.291666666667
264 0.26 -2.77555756156e-17 0.291666666667
265 0.26 -2.77555756156e-17 0.291666666667
266 0.26 -2.77555756156e-17 0.291666666667
267 0.26 -2.77555756156e-17 0.291666666667
268 0.26 -2.77555756156e-17 0.291666666667
269 0.26 -2.77555756156e-17 0.291666666667
270 0.26 -2.77555756156e-17 0.291666666667
271 0.26 -2.77555756156e-17 0.291666666667
272 0.26 -2.77555756156e-17 0.291666666667
273 0.26 -2.77555756156e-17 0.291666666667
274 0.26 -2.77555756156e-17 0.291666666667
275 0.26 -2.77555756156e-17 0.291666666667
276 0.26 -2.77555756156e-17 0.291666666667
277 0.26 -2.77555756156e-17 0.291666666667
278 0.26 -2.77555756156e-17 0.291666666667
279 0.26 -2.77555756156e-17 0.291666666667
280 0.26 -2.77555756156e-17 0.291666666667
281 0.26 -2.77555756156e-17 0.291666666667
282 0.26 -2.77555756156e-17 0.291666666667
283 0.26 -2.77555756156e-17 0.291666666667
284 0.26 -2.77555756156e-17 0.291666666667
285 0.26 -2.77555756156e-17 0.291666666667
286 0.26 -2.77555756156e-17 0.291666666667
287 0.26 -2.77555756156e-17 0.291666666667
288 0.26 -2.77555756156e-17 0.291666666667
289 0.26 -2.77555756156e-17 0.291666666667
290 0.26 -2.77555756156e-17 0.291583333333
291 0.26 -2.77555756156e-17 0.291166666667
292 0.26 -2.77555756156e-17 0.290916666667
293 0.26 -2.77555756156e-17 0.290583333333
294 0.26 -2.77555756156e-17 0.290083333333
295 0.26 -2.77555756156e-17 0.287166666667
296 0.26 -2.77555756156e-17 0.283166666667
297 0.26 -2.77555756156e-17 0.2825
298 0.26 -2.77555756156e-17 0.28225
299 0.26 -2.77555756156e-17 0.282083333333
300 0.26 -2.77555756156e-17 0.282083333333
301 0.26 -2.77555756156e-17 0.281916666667
302 0.26 -2.77555756156e-17 0.281583333333
303 0.26 -2.77555756156e-17 0.28175
304 0.26 -2.77555756156e-17 0.281833333333
305 0.26 -2.77555756156e-17 0.281833333333
306 0.26 -2.77555756156e-17 0.281833333333
307 0.26 -2.77555756156e-17 0.282333333333
308 0.26 -2.77555756156e-17 0.282333333333
309 0.26 -2.77555756156e-17 0.282333333333
310 0.26 -2.77555756156e-17 0.28175
311 0.26 -2.77555756156e-17 0.28125
312 0.26 -2.77555756156e-17 0.281333333333
313 0.26 -2.77555756156e-17 0.2815
314 0.26 -2.77555756156e-17 0.28125
315 0.26 -2.77555756156e-17 0.28125
316 0.26 -2.77555756156e-17 0.281416666667
317 0.26 -2.77555756156e-17 0.281
318 0.26 -2.77555756156e-17 0.280583333333
319 0.26 -2.77555756156e-17 0.279416666667
320 0.26 -2.77555756156e-17 0.278416666667
321 0.26 -2.77555756156e-17 0.2715
322 0.26 -2.77555756156e-17 0.267
323 0.26 -2.77555756156e-17 0.265916666667
324 0.26 -2.77555756156e-17 0.264916666667
325 0.26 -2.77555756156e-17 0.265666666667
326 0.26 -2.77555756156e-17 0.2665
327 0.26 -2.77555756156e-17 0.2675
328 0.26 -2.77555756156e-17 0.26825
329 0.26 -2.77555756156e-17 0.268666666667
330 0.26 -2.77555756156e-17 0.269166666667
331 0.26 -2.77555756156e-17 0.268416666667
332 0.26 -2.77555756156e-17 0.268583333333
333 0.26 -2.77555756156e-17 0.267083333333
334 0.26 -2.77555756156e-17 0.26575
335 0.26 -2.77555756156e-17 0.2645
336 0.26 -2.77555756156e-17 0.264
337 0.26 -2.77555756156e-17 0.263333333333
338 0.26 -2.77555756156e-17 0.261666666667
339 0.26 -2.77555756156e-17 0.261416666667
340 0.26 -2.77555756156e-17 0.26075
341 0.26 -2.77555756156e-17 0.2605
342 0.26 -2.77555756156e-17 0.2595
343 0.26 -2.77555756156e-17 0.25775
344 0.26 -2.77555756156e-17 0.25775
345 0.26 -2.77555756156e-17 0.257333333333
346 0.26 -2.77555756156e-17 0.256833333333
347 0.26 -2.77555756156e-17 0.256
348 0.26 -2.77555756156e-17 0.2555
349 0.26 -2.77555756156e-17 0.255333333333
350 0.26 -2.77555756156e-17 0.254916666667
351 0.26 0.05 0.255166666667
352 0.26 0.1 0.254833333333
353 0.26 0.1 0.251166666667
354 0.26 0.2 0.249666666667
355 0.26 0.2 0.249833333333
356 0.26 0.25 0.25075
357 0.26 0.3 0.252083333333
358 0.26 0.35 0.251583333333
359 0.26 0.4 0.253083333333
360 0.26 0.4 0.26275
361 0.26 0.4 0.26575
362 0.26 0.4 0.26675
363 0.26 0.4 0.257666666667
364 0.26 0.4 0.254416666667
365 0.26 0.4 0.2535
366 0.26 0.4 0.253166666667
367 0.26 0.4 0.253583333333
368 0.26 0.4 0.262666666667
369 0.26 0.4 0.269166666667
370 0.26 0.4 0.2725
371 0.26 0.4 0.270916666667
372 0.26 0.4 0.2585
373 0.26 0.5 0.247
374 0.26 0.5 0.243583333333
375 0.26 0.5 0.2565
376 0.26 0.5 0.263333333333
377 0.26 0.5 0.2635
378 0.26 0.5 0.263083333333
379 0.26 0.5 0.251833333333
380 0.26 0.5 0.249083333333
381 0.26 0.5 0.2465
382 0.26 0.5 0.238416666667
383 0.26 0.5 0.245833333333
384 0.26 0.5 0.261666666667
385 0.26 0.5 0.261
386 0.26 0.5 0.261416666667
387 0.26 0.5 0.261916666667
388 0.26 0.5 0.262416666667
389 0.26 0.5 0.262166666667
390 0.26 0.5 0.273166666667
391 0.26 0.5 0.27625
392 0.26 0.5 0.276666666667
393 0.26 0.5 0.291666666667
394 0.26 0.5 0.291666666667
395 0.26 0.5 0.291666666667
396 0.26 0.5 0.291666666667
397 0.26 0.5 0.291666666667
398 0.26 0.5 0.291666666667
399 0.26 0.5 0.291666666667
400 0.26 0.5 0.291666666667
401 0.26 0.5 0.291666666667
402 0.26 0.5 0.291666666667
403 0.26 0.5 0.291666666667
404 0.26 0.5 0.291666666667
405 0.26 0.5 0.291666666667
406 0.26 0.5 0.291666666667
407 0.26 0.5 0.291666666667
408 0.26 0.5 0.291666666667
409 0.26 0.5 0.291666666667
410 0.26 0.45 0.291666666667
411 0.26 0.4 0.291666666667
412 0.26 0.35 0.291666666667
413 0.26 0.3 0.291666666667
414 0.26 0.25 0.291666666667
415 0.26 0.2 0.291666666667
416 0.26 0.1 0.291666666667
417 0.26 0.1 0.291666666667
418 0.26 0.1 0.291666666667
419 0.26 0.1 0.291666666667
420 0.26 0.1 0.291666666667
421 0.26 0.1 0.291666666667
422 0.26 0.1 0.291666666667
423 0.26 0.1 0.291666666667
424 0.26 0.1 0.291666666667
425 0.26 0.1 0.291666666667
426 0.26 0.1 0.291666666667
427 0.26 0.1 0.291666666667
428 0.26 0.1 0.291666666667
429 0.26 0.1 0.291666666667
430 0.26 0.1 0.291666666667
431 0.26 0.1 0.291666666667
432 0.26 0.1 0.291666666667
433 0.26 0.1 0.291666666667
434 0.26 0.1 0.291666666667
435 0.26 0.1 0.291666666667
436 0.26 0.1 0.291666666667
437 0.26 0.1 0.291666666667
438 0.26 0.1 0.291666666667
439 0.26 0.1 0.291666666667
440 0.26 0.1 0.291666666667
441 0.26 0.1 0.291666666667
442 0.26 0.1 0.291666666667
443 0.26 0.1 0.291666666667
444 0.26 0.1 0.291666666667
445 0.26 0.1 0.285916666667
446 0.26 0.1 0.283333333333
447 0.26 0.1 0.27825
448 0.26 0.1 0.274416666667
449 0.26 0.1 0.270083333333
450 0.26 0.1 0.264833333333
451 0.26 0.1 0.259083333333
452 0.26 0.1 0.253333333333
453 0.26 0.1 0.247583333333
454 0.26 0.1 0.241833333333
455 0.26 0.1 0.236083333333
456 0.26 0.1 0.230333333333
457 0.26 0.1 0.224583333333
458 0.26 0.1 0.216916666667
459 0.26 0.1 0.213083333333
460 0.26 0.1 0.207333333333
461 0.26 0.1 0.199666666667
462 0.26 0.1 0.193
463 0.26 0.1 0.186166666667
464 0.26 2.77555756156e-17 0.178583333333
465 0.26 2.77555756156e-17 0.171
466 0.26 -0.1 0.164416666667
467 0.26 -0.1 0.158166666667
468 0.26 -0.2 0.153666666667
469 0.26 -0.2 0.149833333333
470 0.26 -0.25 0.147916666667
471 0.26 -0.3 0.147916666667
472 0.26 -0.3 0.147916666667
473 0.26 -0.3 0.149833333333
474 0.26 -0.3 0.15175
475 0.26 -0.35 0.15375
476 0.26 -0.4 0.156833333333
477 0.26 -0.4 0.161333333333
478 0.26 -0.4 0.167083333333
479 0.26 -0.3 0.172833333333
480 0.26 -0.3 0.178583333333
481 0.26 -0.2 0.182083333333
482 0.26 -0.2 0.184333333333
483 0.26 -0.2 0.18625
484 0.26 -0.2 0.188166666667
485 0.26 -0.2 0.190083333333
486 0.26 -0.2 0.192
487 0.26 -0.2 0.193916666667
488 0.26 -0.2 0.19775
489 0.26 -0.2 0.19775
490 0.26 -0.2 0.201583333333
491 0.26 -0.2 0.2035
492 0.26 -0.2 0.205916666667
493 0.26 -0.2 0.20925
494 0.26 -0.2 0.211166666667
495 0.26 -0.2 0.215
496 0.26 -0.2 0.216916666667
497 0.26 -0.2 0.22075
498 0.26 -0.25 0.224583333333
499 0.26 -0.3 0.2265
500 0.26 -0.3 0.23225
501 0.26 -0.2 0.238
502 0.26 -0.2 0.24375
503 0.26 -0.2 0.245916666667
504 0.26 -0.1 0.2495
505 0.26 -0.1 0.251416666667
506 0.26 -0.05 0.251416666667
507 0.26 -2.77555756156e-17 0.253333333333
508 0.26 -2.77555756156e-17 0.251416666667
509 0.26 -2.77555756156e-17 0.2495
510 0.26 -2.77555756156e-17 0.247583333333
511 0.26 -2.77555756156e-17 0.247583333333
512 0.26 -2.77555756156e-17 0.245666666667
513 0.26 -2.77555756156e-17 0.24375
514 0.26 -0.1 0.24375
515 0.26 -0.1 0.24375
516 0.26 -0.1 0.24375
517 0.26 -0.15 0.245666666667
518 0.26 -0.2 0.247083333333
519 0.26 -0.2 0.2495
520 0.26 -0.2 0.253333333333
521 0.26 -0.2 0.257166666667
522 0.26 -0.2 0.261
523 0.26 -0.2 0.264833333333
524 0.26 -0.2 0.268666666667
525 0.26 -0.2 0.2725
526 0.26 -0.15 0.276333333333
527 0.26 -0.1 0.280166666667
528 0.26 -2.77555756156e-17 0.282083333333
529 0.26 -2.77555756156e-17 0.282083333333
530 0.26 -2.77555756156e-17 0.280166666667
531 0.26 -2.77555756156e-17 0.280166666667
532 0.26 -2.77555756156e-17 0.27825
533 0.26 -2.77555756156e-17 0.27825
534 0.26 -2.77555756156e-17 0.276333333333
535 0.26 -2.77555756156e-17 0.274416666667
536 0.26 -2.77555756156e-17 0.274416666667
537 0.26 -2.77555756156e-17 0.2725
538 0.26 -2.77555756156e-17 0.270583333333
539 0.26 -2.77555756156e-17 0.270583333333
540 0.26 -0.05 0.268666666667
541 0.26 -0.1 0.268666666667
542 0.26 -0.1 0.270583333333
543 0.26 -0.1 0.2725
544 0.26 -0.1 0.274416666667
545 0.26 -0.1 0.274416666667
546 0.26 -0.1 0.276333333333
547 0.26 -0.1 0.27825
548 0.26 -0.1 0.280166666667
549 0.26 -0.1 0.282083333333
550 0.26 -0.1 0.284
551 0.26 -0.1 0.285916666667
552 0.26 -0.1 0.285916666667
553 0.26 -0.1 0.287833333333
554 0.26 -0.1 0.28975
555 0.26 -0.1 0.291666666667
556 0.26 -0.1 0.291666666667
557 0.26 -0.05 0.291666666667
558 0.26 -2.77555756156e-17 0.291666666667
559 0.26 -2.77555756156e-17 0.291666666667
560 0.26 -2.77555756156e-17 0.291666666667
561 0.26 -2.77555756156e-17 0.291666666667
562 0.26 -2.77555756156e-17 0.291666666667
563 0.26 -2.77555756156e-17 0.291666666667
564 0.26 -2.77555756156e-17 0.291666666667
565 0.26 -2.77555756156e-17 0.28975
566 0.26 -2.77555756156e-17 0.28975
567 0.26 -0.05 0.289666666667
568 0.26 -0.1 0.287833333333
569 0.26 -0.1 0.28975
570 0.26 -0.1 0.291666666667
571 0.26 -0.1 0.291666666667
572 0.26 -0.1 0.291666666667
573 0.26 -0.1 0.291666666667
574 0.26 -0.1 0.291666666667
575 0.26 -0.1 0.291666666667
576 0.26 -0.1 0.291666666667
577 0.26 -0.1 0.291666666667
578 0.26 -0.05 0.291666666667
579 0.26 -2.77555756156e-17 0.291666666667
580 0.26 -2.77555756156e-17 0.291666666667
581 0.26 -2.77555756156e-17 0.291666666667
582 0.26 -2.77555756156e-17 0.291666666667
583 0.26 -2.77555756156e-17 0.291666666667
584 0.26 -2.77555756156e-17 0.291666666667
585 0.26 -2.77555756156e-17 0.291666666667
586 0.26 -2.77555756156e-17 0.291666666667
587 0.26 -2.77555756156e-17 0.291666666667
588 0.26 -2.77555756156e-17 0.291666666667
589 0.26 -2.77555756156e-17 0.291666666667
590 0.26 -2.77555756156e-17 0.291666666667
591 0.26 -2.77555756156e-17 0.291666666667
592 0.26 -2.77555756156e-17 0.291666666667
593 0.26 -2.77555756156e-17 0.291666666667
594 0.26 -2.77555756156e-17 0.291666666667
595 0.26 -2.77555756156e-17 0.291666666667
596 0.26 -2.77555756156e-17 0.291666666667
597 0.26 -2.77555756156e-17 0.291666666667
598 0.26 -2.77555756156e-17 0.291666666667
599 0.26 -2.77555756156e-17 0.291666666667
600 0.26 -2.77555756156e-17 0.291666666667
601 0.26 -2.77555756156e-17 0.291666666667
602 0.26 -2.77555756156e-17 0.291666666667
603 0.26 -2.77555756156e-17 0.291666666667
604 0.26 -2.77555756156e-17 0.291666666667
605 0.26 -2.77555756156e-17 0.291666666667
606 0.26 -2.77555756156e-17 0.291666666667
607 0.26 -2.77555756156e-17 0.28975
608 0.26 -2.77555756156e-17 0.28975
609 0.26 -2.77555756156e-17 0.28975
610 0.26 -2.77555756156e-17 0.287833333333
611 0.26 -2.77555756156e-17 0.287833333333
612 0.26 -2.77555756156e-17 0.285916666667
613 0.26 -2.77555756156e-17 0.285916666667
614 0.26 -2.77555756156e-17 0.285916666667
615 0.26 -2.77555756156e-17 0.284
616 0.26 -2.77555756156e-17 0.284
617 0.26 -2.77555756156e-17 0.28225
618 0.26 -2.77555756156e-17 0.282083333333
619 0.26 -2.77555756156e-17 0.282083333333
620 0.26 -2.77555756156e-17 0.280166666667
621 0.26 -2.77555756156e-17 0.280166666667
622 0.26 -2.77555756156e-17 0.280166666667
623 0.26 -2.77555756156e-17 0.27825
624 0.26 -2.77555756156e-17 0.27825
625 0.26 -2.77555756156e-17 0.27825
626 0.26 -2.77555756156e-17 0.276333333333
627 0.26 -2.77555756156e-17 0.276333333333
628 0.26 -2.77555756156e-17 0.274416666667
629 0.26 -2.77555756156e-17 0.274416666667
630 0.26 -2.77555756156e-17 0.274416666667
631 0.26 -2.77555756156e-17 0.2725
632 0.26 -2.77555756156e-17 0.2725
633 0.26 -2.77555756156e-17 0.2725
634 0.26 -2.77555756156e-17 0.270583333333
635 0.26 -2.77555756156e-17 0.270583333333
636 0.26 -2.77555756156e-17 0.270583333333
637 0.26 -2.77555756156e-17 0.268666666667
