0 0.26 0.0 0.0
1 0.26 0.0 0.0
2 0.26 0.0 0.0
3 0.26 0.0 0.0
4 0.26 0.05 0.0
5 0.26 0.1 0.0
6 0.26 0.2 0.0
7 0.26 0.25 0.0
8 0.26 0.35 0.0
9 0.26 0.45 0.0
10 0.26 0.5 0.0375
11 0.26 0.5 0.16875
12 0.26 0.5 0.3125
13 0.26 0.5 0.4375
14 0.26 0.5 0.56875
15 0.26 0.5 0.66875
16 0.0 0.0 0.582083333333
17 0.0 0.0 0.54375
18 0.0 0.0 0.56875
19 0.005 0.0 0.63125
20 0.01 0.0 0.636333333333
21 0.01 0.0 0.6325
22 0.015 0.0 0.63125
23 0.045 0.0 0.63125
24 0.07 0.0 0.6125
25 0.1 0.0 0.5875
26 0.13 0.0 0.598166666667
27 0.155 0.0 0.6125
28 0.185 0.0 0.60625
29 0.215 0.0 0.596
30 0.245 0.0 0.59375
31 0.26 0.0 0.58125
32 0.26 0.0 0.56875
33 0.26 0.0 0.560083333333
34 0.26 0.0 0.538833333333
35 0.26 0.0 0.518333333333
36 0.26 0.0 0.503833333333
37 0.26 0.0 0.478083333333
38 0.26 0.1 0.45725
39 0.26 0.1 0.407083333333
40 0.26 0.1 0.358916666667
41 0.26 0.15 0.308166666667
42 0.26 0.2 0.254166666667
43 0.26 0.2 0.192166666667
44 0.26 0.2 0.119666666667
45 0.26 0.2 0.101916666667
46 0.26 0.2 0.0375
47 0.26 0.2 0.0
48 0.26 0.2 0.0
49 0.26 0.2 0.0
50 0.0 0.0 0.0
51 0.005 0.0 0.0
52 0.01 0.0 0.0
53 0.01 0.0 0.0
54 0.02 0.0 0.0
55 0.045 0.0 0.0
56 0.075 0.0 0.0
57 0.1 0.0 0.0
58 0.125 0.0 0.0
59 0.155 0.0 0.0
60 0.185 0.0 0.0
61 0.215 0.0 0.0
62 0.24 0.0 0.0
63 0.26 0.0 0.0
64 0.26 0.0 0.0
65 0.26 0.0 0.0
66 0.26 0.0 0.0
67 0.26 0.0 0.0
68 0.26 0.0 0.0
69 0.26 0.0 0.0
70 0.26 0.0 0.0
71 0.26 0.0 0.0
72 0.26 0.0 0.0
73 0.26 0.0 0.0
74 0.26 0.0 0.0
75 0.26 0.0 0.0
76 0.26 0.0 0.0
77 0.26 0.0 0.0
78 0.26 0.0 0.0
79 0.26 0.0 0.0
80 0.26 0.0 0.0
81 0.26 0.0 0.0
82 0.26 0.0 0.0
83 0.26 0.0 0.0
84 0.26 0.0 0.0
85 0.26 -0.05 0.0
86 0.26 -0.1 0.0
87 0.26 -0.1 0.0
88 0.26 -0.2 0.0
89 0.26 -0.2 0.0
90 0.26 -0.2 0.0
91 0.26 -0.3 0.0
92 0.26 -0.3 0.0
93 0.26 -0.3 0.0
94 0.26 -0.35 0.0
95 0.26 -0.4 0.0
96 0.26 -0.4 0.0
97 0.26 -0.4 0.0
98 0.26 -0.4 0.0
99 0.26 -0.4 0.0
100 0.26 -0.4 0.0
101 0.26 -0.4 0.0
102 0.26 -0.4 0.0
103 0.26 -0.4 0.0
104 0.0 0.0 0.0
105 0.0 0.0 0.0
106 0.005 0.0 0.0
107 0.01 0.0 0.0
108 0.01 0.0 0.0
109 0.015 0.0 0.0
110 0.025 -0.05 0.0
111 0.03 -0.1 0.0
112 0.03 -0.1 0.0
113 0.03 -0.3 0.0
114 0.03 -0.6 0.0
115 0.03 -0.75 0.0
116 0.03 -0.8 0.0
117 0.0 0.0 0.0
118 0.0 0.0 0.0
119 0.0 0.0 0.0
120 0.005 0.0 0.0
121 0.01 0.0 0.0
122 0.01 0.0 0.0
123 0.015 0.0 0.0
124 0.04 0.0 0.0
125 0.07 0.0 0.0
126 0.1 0.0 0.0
127 0.13 0.0 0.0
128 0.155 0.0 0.0
129 0.185 0.0 0.0
130 0.215 0.0 0.0
131 0.245 0.0 0.0
132 0.26 0.0 0.0
133 0.26 0.0 0.0
134 0.26 0.0 0.0
135 0.26 0.0 0.0
136 0.26 0.0 0.0
137 0.26 0.0 0.0
138 0.26 0.0 0.0
139 0.26 0.0 0.0
140 0.26 0.0 0.0
141 0.26 0.0 0.0
142 0.26 0.0 0.0
143 0.26 0.0 0.0
144 0.26 0.0 0.0
145 0.26 0.0 0.0
146 0.26 0.0 0.0
147 0.26 0.0 0.0
148 0.26 0.0 0.0
149 0.26 0.0 0.0
150 0.26 0.0 0.0
151 0.26 0.0 0.0
152 0.26 0.0 0.0
153 0.26 0.0 0.0
154 0.26 0.0 0.0
155 0.26 0.0 0.0
156 0.26 0.0 0.0
157 0.26 0.0 0.0
158 0.26 0.0 0.0
159 0.26 -0.05 0.0
160 0.26 -0.1 0.0
161 0.26 -0.1 0.0
162 0.26 -0.2 0.0
163 0.26 -0.2 0.0
164 0.26 -0.2 0.0
165 0.26 -0.3 0.0
166 0.26 -0.3 0.0
167 0.26 -0.35 0.0
168 0.26 -0.4 0.0
169 0.26 -0.4 0.0
170 0.26 -0.45 0.0
171 0.26 -0.5 0.0
172 0.26 -0.5 0.0
173 0.26 -0.5 0.0
174 0.26 -0.5 0.0
175 0.26 -0.5 0.0
176 0.26 -0.5 0.0
177 0.26 -0.5 0.0
178 0.26 -0.5 0.0
179 0.26 -0.5 0.0
180 0.26 -0.5 0.05625
181 0.26 -0.5 0.189
182 0.0 0.0 0.234916666667
183 0.0 0.0 0.235333333333
184 0.0 0.0 0.230666666667
185 0.01 0.0 0.223416666667
186 0.01 0.0 0.217166666667
187 0.01 0.0 0.217166666667
188 0.035 0.0 0.217083333333
189 0.065 0.0 0.21875
190 0.095 0.0 0.217
191 0.12 0.0 0.212166666667
192 0.15 0.0 0.2045
193 0.18 0.0 0.1995
194 0.21 0.0 0.189833333333
195 0.235 0.0 0.181083333333
196 0.26 0.0 0.180166666667
197 0.26 0.0 0.162583333333
198 0.26 0.0 0.16225
199 0.26 0.0 0.160666666667
200 0.26 0.0 0.15875
201 0.26 0.0 0.156583333333
202 0.26 0.0 0.160916666667
203 0.26 0.0 0.159333333333
204 0.26 0.0 0.16325
205 0.26 0.0 0.1615
206 0.26 0.0 0.1595
207 0.26 0.0 0.150833333333
208 0.26 0.0 0.142833333333
209 0.26 0.0 0.134333333333
210 0.26 0.0 0.125916666667
211 0.26 0.0 0.112166666667
212 0.26 0.0 0.103833333333
213 0.26 0.0 0.0949166666667
214 0.26 0.0 0.08575
215 0.26 0.0 0.0775
216 0.26 0.0 0.06825
217 0.26 0.0 0.0595833333333
218 0.26 0.0 0.0501666666667
219 0.26 -0.05 0.0393333333333
220 0.26 -0.1 0.03175
221 0.26 -0.1 0.0225833333333
222 0.26 -0.1 0.0131666666667
223 0.26 -0.1 0.00883333333333
224 0.26 -0.15 0.00558333333333
225 0.26 -0.2 0.00191666666667
226 0.26 -0.2 0.0
227 0.26 -0.2 0.0
228 0.26 -0.2 0.0
229 0.26 -0.2 0.0
230 0.26 -0.3 0.0
231 0.26 -0.3 0.0
232 0.26 -0.3 0.0
233 0.26 -0.3 0.0
234 0.26 -0.3 0.0
235 0.26 -0.3 0.0
236 0.26 -0.3 0.0
237 0.26 -0.3 0.0
238 0.26 -0.3 0.0
239 0.26 -0.3 0.0
240 0.26 -0.3 0.0
241 0.26 -0.3 0.0
242 0.26 -0.25 0.0
243 0.26 -0.2 0.0
244 0.26 -0.2 0.0
245 0.26 -0.2 0.0
246 0.26 -0.2 0.000166666666667
247 0.26 -0.2 0.0256666666667
248 0.26 -0.2 0.0815833333333
249 0.26 -0.2 0.13775
250 0.26 -0.2 0.206333333333
251 0.26 -0.1 0.25625
252 0.26 -0.1 0.275
253 0.26 -0.1 0.2875
254 0.26 -0.1 0.28125
255 0.26 -0.1 0.275
256 0.26 -2.77555756156e-17 0.2625
257 0.26 -2.77555756156e-17 0.252083333333
258 0.26 -2.77555756156e-17 0.24375
259 0.26 -2.77555756156e-17 0.241
260 0.26 -2.77555756156e-17 0.23675
261 0.26 -2.77555756156e-17 0.225416666667
262 0.26 -2.77555756156e-17 0.225
263 0.26 -2.77555756156e-17 0.21875
264 0.26 0.1 0.21875
265 0.26 0.1 0.20625
266 0.26 0.1 0.159833333333
267 0.26 0.3 0.11875
268 0.26 0.4 0.03125
269 0.26 0.45 0.0
270 0.26 0.5 0.0
271 0.26 0.5 0.0
272 0.26 0.5 0.0
273 0.26 0.5 0.0
274 0.26 0.45 0.0
275 0.26 0.4 0.0
276 0.26 0.4 0.0
277 0.26 0.25 0.0
278 0.26 0.05 0.0
279 0.26 -0.05 0.0
280 0.26 -0.1 0.0
281 0.26 -0.2 0.0
282 0.26 -0.3 0.0
283 0.26 -0.35 0.0
284 0.26 -0.4 0.0
285 0.26 -0.4 0.0
286 0.26 -0.4 0.0
287 0.26 -0.4 0.0
288 0.26 -0.4 0.0
289 0.26 -0.4 0.0
290 0.26 -0.4 0.0
291 0.26 -0.4 0.0
292 0.26 -0.4 0.0
293 0.26 -0.4 0.0
294 0.26 -0.4 0.0
295 0.26 -0.4 0.0
296 0.26 -0.4 0.0
297 0.26 -0.4 0.0
298 0.26 -0.4 0.0875
299 0.26 -0.4 0.177833333333
300 0.26 -0.4 0.184
301 0.26 -0.4 0.2385
302 0.26 -0.4 0.33675
303 0.26 -0.4 0.429916666667
304 0.0 0.0 0.515583333333
305 0.0 0.0 0.537916666667
306 0.0 0.0 0.529583333333
307 0.01 0.0 0.52425
308 0.01 0.0 0.52975
309 0.01 0.0 0.52975
310 0.035 0.0 0.529666666667
311 0.06 0.0 0.523416666667
312 0.09 0.0 0.528833333333
313 0.115 0.0 0.523333333333
314 0.145 0.0 0.523333333333
315 0.17 0.0 0.5215
316 0.2 0.0 0.517083333333
317 0.23 0.0 0.51075
318 0.255 0.0 0.51075
319 0.26 0.0 0.509833333333
320 0.26 0.0 0.503333333333
321 0.26 0.0 0.502083333333
322 0.26 0.0 0.496083333333
323 0.26 0.0 0.496
324 0.26 0.0 0.495666666667
325 0.26 0.0 0.50125
326 0.26 0.0 0.50125
327 0.26 0.0 0.501166666667
328 0.26 0.0 0.50675
329 0.26 0.0 0.50675
330 0.26 0.0 0.50675
331 0.26 0.0 0.512583333333
332 0.26 0.0 0.512583333333
333 0.26 0.0 0.512583333333
334 0.26 0.0 0.51875
335 0.26 0.0 0.51875
336 0.26 0.0 0.51875
337 0.26 0.0 0.525
338 0.26 0.0 0.326333333333
339 0.26 0.0 0.08725
340 0.26 0.0 0.0
341 0.26 0.0 0.0
342 0.26 0.0 0.0
343 0.26 0.0 0.0
344 0.26 0.0 0.0
345 0.26 0.0 0.0
346 0.26 -0.1 0.0
347 0.26 -0.1 0.0
348 0.26 -0.1 0.0
349 0.26 -0.1 0.0
350 0.26 -0.1 0.0
351 0.26 -0.1 0.0
