0 0.105 0.0 0.255083333333
1 0.11 0.0 0.256416666667
2 0.12 0.0 0.256166666667
3 0.125 0.0 0.255916666667
4 0.13 0.0 0.25425
5 0.14 0.0 0.25425
6 0.145 0.0 0.254
7 0.155 0.0 0.252666666667
8 0.165 0.0 0.250916666667
9 0.17 0.0 0.249
10 0.175 0.0 0.24875
11 0.185 -0.05 0.249083333333
12 0.19 -0.1 0.247833333333
13 0.2 -0.1 0.246583333333
14 0.2 -0.2 0.243
15 0.2 -0.2 0.241583333333
16 0.2 -0.25 0.2455
17 0.2 -0.3 0.250916666667
18 0.2 -0.3 0.249333333333
19 0.2 -0.35 0.248916666667
20 0.2 -0.4 0.248583333333
21 0.2 -0.4 0.247833333333
22 0.2 -0.4 0.25625
23 0.2 -0.4 0.249833333333
24 0.2 -0.4 0.256166666667
25 0.2 -0.4 0.255583333333
26 0.2 -0.4 0.25525
27 0.2 -0.4 0.255
28 0.2 -0.4 0.25825
29 0.2 -0.4 0.262833333333
30 0.2 -0.4 0.26
31 0.2 -0.4 0.259
32 0.2 -0.4 0.2595
33 0.2 -0.4 0.258833333333
34 0.2 -0.4 0.25775
35 0.2 -0.4 0.264916666667
36 0.2 -0.35 0.273583333333
37 0.2 -0.3 0.274
38 0.2 -0.3 0.274166666667
39 0.2 -0.3 0.272833333333
40 0.2 -0.3 0.272583333333
41 0.2 -0.25 0.27325
42 0.2 -0.2 0.2725
43 0.2 -0.2 0.279666666667
44 0.2 -0.2 0.289083333333
45 0.2 -0.2 0.291583333333
46 0.2 -0.15 0.291666666667
47 0.2 -0.1 0.291666666667
48 0.2 -0.1 0.291666666667
49 0.2 -0.1 0.291666666667
50 0.2 -0.1 0.291666666667
51 0.2 -0.1 0.291666666667
52 0.2 -2.77555756156e-17 0.291666666667
53 0.2 -2.77555756156e-17 0.291666666667
54 0.2 -2.77555756156e-17 0.291666666667
55 0.2 -2.77555756156e-17 0.291666666667
56 0.2 -2.77555756156e-17 0.291666666667
57 0.2 -2.77555756156e-17 0.291666666667
58 0.21 -2.77555756156e-17 0.291666666667
59 0.21 -2.77555756156e-17 0.291666666667
60 0.21 -2.77555756156e-17 0.291666666667
61 0.22 -2.77555756156e-17 0.291666666667
62 0.24 -2.77555756156e-17 0.291666666667
63 0.26 -2.77555756156e-17 0.291666666667
64 0.26 -2.77555756156e-17 0.291666666667
65 0.26 -2.77555756156e-17 0.291666666667
66 0.26 -2.77555756156e-17 0.291666666667
67 0.26 -2.77555756156e-17 0.291666666667
68 0.26 -2.77555756156e-17 0.291666666667
69 0.26 -2.77555756156e-17 0.291666666667
70 0.26 -2.77555756156e-17 0.291666666667
71 0.26 -2.77555756156e-17 0.291666666667
72 0.26 -2.77555756156e-17 0.291666666667
73 0.26 -2.77555756156e-17 0.291666666667
74 0.26 -2.77555756156e-17 0.291666666667
75 0.26 -2.77555756156e-17 0.291666666667
76 0.26 -2.77555756156e-17 0.291666666667
77 0.26 -2.77555756156e-17 0.291666666667
78 0.26 -2.77555756156e-17 0.291666666667
79 0.26 -2.77555756156e-17 0.291666666667
80 0.26 -2.77555756156e-17 0.291666666667
81 0.26 -2.77555756156e-17 0.291666666667
82 0.26 -2.77555756156e-17 0.291666666667
83 0.26 -2.77555756156e-17 0.291666666667
84 0.26 -2.77555756156e-17 0.291666666667
85 0.26 -2.77555756156e-17 0.291666666667
86 0.26 -2.77555756156e-17 0.291666666667
87 0.26 -2.77555756156e-17 0.291666666667
88 0.26 -2.77555756156e-17 0.291666666667
89 0.26 -2.77555756156e-17 0.291666666667
90 0.26 -2.77555756156e-17 0.291666666667
91 0.26 -2.77555756156e-17 0.291666666667
92 0.26 -2.77555756156e-17 0.291666666667
93 0.26 -2.77555756156e-17 0.291666666667
94 0.26 -2.77555756156e-17 0.291666666667
95 0.26 -2.77555756156e-17 0.291666666667
96 0.26 -2.77555756156e-17 0.291666666667
97 0.26 -2.77555756156e-17 0.291666666667
98 0.26 -2.77555756156e-17 0.291666666667
99 0.26 -2.77555756156e-17 0.291666666667
100 0.26 -2.77555756156e-17 0.291666666667
101 0.26 -2.77555756156e-17 0.291666666667
102 0.26 -2.77555756156e-17 0.291666666667
103 0.26 -2.77555756156e-17 0.291666666667
104 0.26 -2.77555756156e-17 0.291666666667
105 0.26 -2.77555756156e-17 0.291666666667
106 0.26 -2.77555756156e-17 0.291666666667
107 0.26 -2.77555756156e-17 0.291666666667
108 0.26 -2.77555756156e-17 0.291666666667
109 0.26 -2.77555756156e-17 0.291666666667
110 0.26 -2.77555756156e-17 0.291666666667
111 0.26 -2.77555756156e-17 0.291666666667
112 0.26 -2.77555756156e-17 0.291666666667
113 0.26 -2.77555756156e-17 0.291666666667
114 0.26 -2.77555756156e-17 0.291666666667
115 0.26 -2.77555756156e-17 0.291666666667
116 0.26 -2.77555756156e-17 0.291666666667
117 0.26 -2.77555756156e-17 0.291666666667
118 0.26 -2.77555756156e-17 0.291666666667
119 0.26 -2.77555756156e-17 0.291666666667
120 0.26 -2.77555756156e-17 0.291666666667
121 0.26 -2.77555756156e-17 0.291666666667
122 0.26 -2.77555756156e-17 0.291666666667
123 0.26 -2.77555756156e-17 0.291666666667
124 0.26 -2.77555756156e-17 0.291666666667
125 0.26 -2.77555756156e-17 0.291666666667
126 0.26 -2.77555756156e-17 0.291666666667
127 0.26 -2.77555756156e-17 0.291666666667
128 0.26 -2.77555756156e-17 0.291666666667
129 0.26 -2.77555756156e-17 0.291666666667
130 0.26 -2.77555756156e-17 0.291666666667
131 0.26 -2.77555756156e-17 0.291666666667
132 0.26 -2.77555756156e-17 0.291666666667
133 0.26 -2.77555756156e-17 0.291666666667
134 0.26 -2.77555756156e-17 0.291666666667
135 0.26 -2.77555756156e-17 0.291666666667
136 0.26 -2.77555756156e-17 0.291666666667
137 0.26 -2.77555756156e-17 0.291666666667
138 0.26 -2.77555756156e-17 0.291666666667
139 0.26 -2.77555756156e-17 0.291666666667
140 0.26 -2.77555756156e-17 0.291666666667
141 0.26 -2.77555756156e-17 0.291666666667
142 0.26 -2.77555756156e-17 0.291666666667
143 0.26 -2.77555756156e-17 0.291666666667
144 0.26 -2.77555756156e-17 0.291666666667
145 0.26 -2.77555756156e-17 0.291666666667
146 0.26 -2.77555756156e-17 0.291666666667
147 0.26 0.1 0.291666666667
148 0.26 0.1 0.291666666667
149 0.26 0.1 0.291666666667
150 0.26 0.1 0.291666666667
151 0.26 0.1 0.2915
152 0.26 0.1 0.291333333333
153 0.26 0.1 0.291
154 0.26 0.1 0.290666666667
155 0.26 0.1 0.2905
156 0.26 0.1 0.290333333333
157 0.26 0.05 0.289666666667
158 0.26 -2.77555756156e-17 0.288166666667
159 0.26 -2.77555756156e-17 0.282916666667
160 0.26 -2.77555756156e-17 0.2815
161 0.26 -2.77555756156e-17 0.281666666667
162 0.26 -2.77555756156e-17 0.281583333333
163 0.26 -2.77555756156e-17 0.281666666667
164 0.26 -2.77555756156e-17 0.281583333333
165 0.26 -2.77555756156e-17 0.281666666667
166 0.26 -2.77555756156e-17 0.2825
167 0.26 -2.77555756156e-17 0.2825
168 0.26 -2.77555756156e-17 0.28325
169 0.26 -0.05 0.283
170 0.26 -0.1 0.28275
171 0.26 -0.1 0.282416666667
172 0.26 -0.1 0.281166666667
173 0.26 -0.1 0.28
174 0.26 -0.1 0.278833333333
175 0.26 -0.1 0.277083333333
176 0.26 -0.1 0.273083333333
177 0.26 -0.1 0.272333333333
178 0.26 -0.1 0.273583333333
179 0.26 -0.1 0.277333333333
180 0.26 -0.1 0.27925
181 0.26 -0.1 0.274416666667
182 0.26 -0.1 0.272166666667
183 0.26 -0.1 0.272166666667
184 0.26 -0.1 0.272166666667
185 0.26 -0.1 0.272083333333
186 0.26 -0.1 0.27625
187 0.26 -0.1 0.27975
188 0.26 -0.1 0.28025
189 0.26 -0.1 0.278666666667
190 0.26 -0.1 0.277833333333
191 0.26 -0.1 0.274
192 0.26 -0.1 0.273
193 0.26 -0.1 0.273083333333
194 0.26 -0.1 0.27325
195 0.26 -0.1 0.272833333333
196 0.26 -0.1 0.273166666667
197 0.26 -0.1 0.272583333333
198 0.26 -0.05 0.274083333333
199 0.26 -2.77555756156e-17 0.274
200 0.26 -2.77555756156e-17 0.273833333333
201 0.26 0.05 0.273666666667
202 0.26 0.1 0.27325
203 0.26 0.15 0.27325
204 0.26 0.2 0.27275
205 0.26 0.2 0.272916666667
206 0.26 0.3 0.272916666667
207 0.26 0.3 0.27275
208 0.26 0.3 0.272666666667
209 0.26 0.3 0.272416666667
210 0.26 0.35 0.269083333333
211 0.26 0.4 0.257833333333
212 0.26 0.4 0.256916666667
213 0.26 0.4 0.257666666667
214 0.26 0.4 0.258833333333
215 0.26 0.4 0.26025
216 0.26 0.4 0.260916666667
217 0.26 0.4 0.2615
218 0.26 0.4 0.259916666667
219 0.26 0.4 0.257666666667
220 0.26 0.4 0.257666666667
221 0.26 0.4 0.25675
222 0.26 0.4 0.2565
223 0.26 0.4 0.260333333333
224 0.26 0.4 0.272916666667
225 0.26 0.4 0.2755
226 0.26 0.4 0.26875
227 0.26 0.4 0.255083333333
228 0.26 0.4 0.248083333333
229 0.26 0.4 0.24825
230 0.26 0.4 0.249166666667
231 0.26 0.4 0.2625
232 0.26 0.4 0.265083333333
233 0.26 0.4 0.264833333333
234 0.26 0.4 0.264333333333
235 0.26 0.4 0.25625
236 0.26 0.4 0.250583333333
237 0.26 0.4 0.250416666667
238 0.26 0.4 0.244666666667
239 0.26 0.4 0.237
240 0.26 0.4 0.246
241 0.26 0.4 0.257416666667
242 0.26 0.4 0.262083333333
243 0.26 0.4 0.26175
244 0.26 0.4 0.262416666667
245 0.26 0.4 0.26275
246 0.26 0.4 0.262166666667
247 0.26 0.4 0.262333333333
248 0.26 0.4 0.264333333333
249 0.26 0.4 0.275166666667
250 0.26 0.4 0.276416666667
251 0.26 0.4 0.27625
252 0.26 0.4 0.283583333333
253 0.26 0.4 0.291666666667
254 0.26 0.4 0.291666666667
255 0.26 0.4 0.291666666667
256 0.26 0.4 0.291666666667
257 0.26 0.4 0.291666666667
258 0.26 0.4 0.291666666667
259 0.26 0.45 0.291666666667
260 0.26 0.5 0.28775
261 0.26 0.5 0.279
262 0.26 0.5 0.277333333333
263 0.26 0.5 0.277166666667
264 0.26 0.5 0.26525
265 0.26 0.5 0.257833333333
266 0.26 0.5 0.252833333333
267 0.26 0.5 0.25375
268 0.26 0.5 0.253916666667
269 0.26 0.5 0.254583333333
270 0.26 0.5 0.255083333333
271 0.26 0.5 0.255916666667
272 0.26 0.5 0.260166666667
273 0.26 0.5 0.267666666667
274 0.26 0.45 0.268
275 0.26 0.4 0.281083333333
276 0.26 0.35 0.28575
277 0.26 0.25 0.29125
278 0.26 0.2 0.291666666667
279 0.26 0.15 0.291666666667
280 0.26 0.1 0.291666666667
281 0.26 0.1 0.291666666667
282 0.26 0.1 0.291666666667
283 0.26 2.77555756156e-17 0.291666666667
284 0.26 2.77555756156e-17 0.291666666667
285 0.26 2.77555756156e-17 0.291666666667
286 0.26 2.77555756156e-17 0.291666666667
287 0.26 2.77555756156e-17 0.291666666667
288 0.26 2.77555756156e-17 0.291666666667
289 0.26 2.77555756156e-17 0.291666666667
290 0.26 2.77555756156e-17 0.291666666667
291 0.26 -0.05 0.291666666667
292 0.26 -0.1 0.291666666667
293 0.26 -0.1 0.291666666667
294 0.26 -0.1 0.291666666667
295 0.26 -0.1 0.289833333333
296 0.26 -0.1 0.283416666667
297 0.26 -0.1 0.2805
298 0.26 -0.1 0.280083333333
299 0.26 -0.1 0.280083333333
300 0.26 -0.1 0.27875
301 0.26 -0.1 0.276333333333
302 0.26 -0.1 0.272416666667
303 0.26 -0.1 0.26025
304 0.26 -0.1 0.25025
305 0.26 -0.1 0.240916666667
306 0.26 2.77555756156e-17 0.23325
307 0.26 2.77555756156e-17 0.228583333333
308 0.26 2.77555756156e-17 0.227333333333
309 0.26 2.77555756156e-17 0.225916666667
310 0.26 2.77555756156e-17 0.22375
311 0.26 2.77555756156e-17 0.22225
312 0.26 2.77555756156e-17 0.222
313 0.26 2.77555756156e-17 0.221916666667
314 0.26 2.77555756156e-17 0.22375
315 0.26 2.77555756156e-17 0.22425
316 0.26 2.77555756156e-17 0.223833333333
317 0.26 2.77555756156e-17 0.222583333333
318 0.26 2.77555756156e-17 0.22225
319 0.26 2.77555756156e-17 0.223
320 0.26 2.77555756156e-17 0.22175
321 0.26 2.77555756156e-17 0.2225
322 0.26 2.77555756156e-17 0.22175
323 0.26 2.77555756156e-17 0.223416666667
324 0.26 2.77555756156e-17 0.222583333333
325 0.26 2.77555756156e-17 0.221916666667
326 0.26 2.77555756156e-17 0.221666666667
327 0.26 2.77555756156e-17 0.220833333333
328 0.26 2.77555756156e-17 0.219083333333
329 0.26 2.77555756156e-17 0.218666666667
330 0.26 2.77555756156e-17 0.218
331 0.26 2.77555756156e-17 0.21725
332 0.26 2.77555756156e-17 0.21475
333 0.26 2.77555756156e-17 0.2145
334 0.26 2.77555756156e-17 0.2145
335 0.26 2.77555756156e-17 0.214333333333
336 0.26 2.77555756156e-17 0.213583333333
337 0.26 2.77555756156e-17 0.212833333333
338 0.26 2.77555756156e-17 0.211916666667
339 0.26 2.77555756156e-17 0.20925
340 0.26 2.77555756156e-17 0.207666666667
341 0.26 2.77555756156e-17 0.205666666667
342 0.26 2.77555756156e-17 0.202166666667
343 0.26 2.77555756156e-17 0.200333333333
344 0.26 2.77555756156e-17 0.199083333333
345 0.26 2.77555756156e-17 0.20075
346 0.26 2.77555756156e-17 0.199666666667
347 0.26 2.77555756156e-17 0.201333333333
348 0.26 2.77555756156e-17 0.197666666667
349 0.26 2.77555756156e-17 0.197166666667
350 0.26 2.77555756156e-17 0.1975
351 0.26 2.77555756156e-17 0.195166666667
352 0.26 2.77555756156e-17 0.19875
353 0.26 2.77555756156e-17 0.200583333333
354 0.26 2.77555756156e-17 0.201333333333
355 0.26 2.77555756156e-17 0.202666666667
356 0.26 2.77555756156e-17 0.207
357 0.26 2.77555756156e-17 0.206083333333
358 0.26 2.77555756156e-17 0.20725
359 0.26 2.77555756156e-17 0.207583333333
360 0.26 2.77555756156e-17 0.2085
361 0.26 2.77555756156e-17 0.20925
362 0.26 2.77555756156e-17 0.209166666667
363 0.26 2.77555756156e-17 0.20825
364 0.26 2.77555756156e-17 0.208416666667
365 0.26 2.77555756156e-17 0.20825
366 0.26 2.77555756156e-17 0.210583333333
367 0.26 2.77555756156e-17 0.21275
368 0.26 2.77555756156e-17 0.218833333333
369 0.26 2.77555756156e-17 0.223416666667
370 0.26 2.77555756156e-17 0.22775
371 0.26 2.77555756156e-17 0.2305
372 0.26 2.77555756156e-17 0.234916666667
373 0.26 2.77555756156e-17 0.23525
374 0.26 2.77555756156e-17 0.231666666667
375 0.26 2.77555756156e-17 0.225333333333
376 0.26 2.77555756156e-17 0.225916666667
377 0.26 2.77555756156e-17 0.217
378 0.26 2.77555756156e-17 0.217916666667
379 0.26 2.77555756156e-17 0.214916666667
380 0.26 2.77555756156e-17 0.215333333333
381 0.26 2.77555756156e-17 0.2185
382 0.26 2.77555756156e-17 0.225416666667
383 0.26 2.77555756156e-17 0.23475
384 0.26 2.77555756156e-17 0.242
385 0.26 2.77555756156e-17 0.249083333333
386 0.26 2.77555756156e-17 0.250166666667
387 0.26 2.77555756156e-17 0.244666666667
388 0.26 2.77555756156e-17 0.241
389 0.26 2.77555756156e-17 0.240083333333
390 0.26 2.77555756156e-17 0.235
391 0.26 2.77555756156e-17 0.23225
392 0.26 2.77555756156e-17 0.230583333333
393 0.26 2.77555756156e-17 0.232166666667
394 0.26 2.77555756156e-17 0.237833333333
395 0.26 2.77555756156e-17 0.243416666667
396 0.26 2.77555756156e-17 0.25
397 0.26 2.77555756156e-17 0.253166666667
398 0.26 2.77555756156e-17 0.252666666667
399 0.26 2.77555756156e-17 0.25175
400 0.26 2.77555756156e-17 0.2515
401 0.26 2.77555756156e-17 0.250833333333
402 0.26 2.77555756156e-17 0.250583333333
403 0.26 2.77555756156e-17 0.248833333333
404 0.26 2.77555756156e-17 0.24825
405 0.26 2.77555756156e-17 0.247583333333
406 0.26 2.77555756156e-17 0.246166666667
407 0.26 2.77555756156e-17 0.245416666667
408 0.26 2.77555756156e-17 0.245333333333
409 0.26 2.77555756156e-17 0.245083333333
410 0.26 2.77555756156e-17 0.24375
411 0.26 2.77555756156e-17 0.243833333333
412 0.26 2.77555756156e-17 0.244666666667
413 0.26 2.77555756156e-17 0.24625
414 0.26 2.77555756156e-17 0.247333333333
415 0.26 2.77555756156e-17 0.250666666667
416 0.26 2.77555756156e-17 0.251916666667
417 0.26 2.77555756156e-17 0.253833333333
418 0.26 2.77555756156e-17 0.255166666667
419 0.26 2.77555756156e-17 0.256416666667
420 0.26 2.77555756156e-17 0.2585
421 0.26 2.77555756156e-17 0.261666666667
422 0.26 2.77555756156e-17 0.261833333333
423 0.26 2.77555756156e-17 0.263083333333
424 0.26 2.77555756156e-17 0.26775
425 0.26 2.77555756156e-17 0.269
426 0.26 2.77555756156e-17 0.273
427 0.26 2.77555756156e-17 0.275166666667
428 0.26 2.77555756156e-17 0.277916666667
429 0.26 2.77555756156e-17 0.2805
430 0.26 2.77555756156e-17 0.28425
431 0.26 2.77555756156e-17 0.286416666667
432 0.26 2.77555756156e-17 0.28975
433 0.26 2.77555756156e-17 0.290916666667
434 0.26 2.77555756156e-17 0.291666666667
435 0.26 2.77555756156e-17 0.291666666667
436 0.26 2.77555756156e-17 0.291666666667
437 0.26 2.77555756156e-17 0.291666666667
438 0.26 2.77555756156e-17 0.291666666667
439 0.26 2.77555756156e-17 0.291666666667
440 0.26 2.77555756156e-17 0.291666666667
441 0.26 2.77555756156e-17 0.291666666667
442 0.26 2.77555756156e-17 0.291666666667
443 0.26 2.77555756156e-17 0.291666666667
444 0.26 2.77555756156e-17 0.291666666667
445 0.26 2.77555756156e-17 0.291666666667
446 0.26 2.77555756156e-17 0.291666666667
447 0.26 2.77555756156e-17 0.291666666667
448 0.26 2.77555756156e-17 0.291666666667
449 0.26 2.77555756156e-17 0.291666666667
450 0.26 2.77555756156e-17 0.291666666667
451 0.26 2.77555756156e-17 0.291666666667
452 0.26 2.77555756156e-17 0.291666666667
453 0.26 2.77555756156e-17 0.291666666667
454 0.26 2.77555756156e-17 0.291666666667
455 0.26 2.77555756156e-17 0.291666666667
456 0.26 2.77555756156e-17 0.291666666667
457 0.26 2.77555756156e-17 0.291666666667
458 0.26 2.77555756156e-17 0.291666666667
459 0.26 2.77555756156e-17 0.291666666667
460 0.26 2.77555756156e-17 0.291666666667
461 0.26 2.77555756156e-17 0.291666666667
462 0.26 2.77555756156e-17 0.291666666667
463 0.26 2.77555756156e-17 0.291666666667
464 0.26 2.77555756156e-17 0.291666666667
465 0.26 2.77555756156e-17 0.291666666667
466 0.26 2.77555756156e-17 0.291666666667
467 0.26 2.77555756156e-17 0.291666666667
468 0.26 2.77555756156e-17 0.291666666667
469 0.26 2.77555756156e-17 0.291666666667
470 0.26 2.77555756156e-17 0.291666666667
471 0.26 2.77555756156e-17 0.291666666667
472 0.26 2.77555756156e-17 0.291666666667
473 0.26 2.77555756156e-17 0.291666666667
474 0.26 2.77555756156e-17 0.291666666667
475 0.26 2.77555756156e-17 0.291666666667
476 0.26 2.77555756156e-17 0.291666666667
477 0.26 2.77555756156e-17 0.291666666667
478 0.26 2.77555756156e-17 0.291666666667
479 0.26 2.77555756156e-17 0.291666666667
480 0.26 2.77555756156e-17 0.291666666667
481 0.26 2.77555756156e-17 0.291666666667
482 0.26 2.77555756156e-17 0.291666666667
483 0.26 2.77555756156e-17 0.291666666667
484 0.26 2.77555756156e-17 0.291666666667
485 0.26 2.77555756156e-17 0.291666666667
486 0.26 2.77555756156e-17 0.291666666667
487 0.26 2.77555756156e-17 0.291666666667
488 0.26 2.77555756156e-17 0.291666666667
489 0.26 2.77555756156e-17 0.291666666667
490 0.26 2.77555756156e-17 0.291666666667
491 0.26 2.77555756156e-17 0.291666666667
492 0.26 2.77555756156e-17 0.291666666667
493 0.26 2.77555756156e-17 0.291666666667
494 0.26 2.77555756156e-17 0.291666666667
495 0.26 2.77555756156e-17 0.291666666667
496 0.26 2.77555756156e-17 0.291666666667
497 0.26 2.77555756156e-17 0.291666666667
498 0.26 2.77555756156e-17 0.291666666667
499 0.26 2.77555756156e-17 0.291666666667
500 0.26 2.77555756156e-17 0.291666666667
501 0.26 2.77555756156e-17 0.291666666667
502 0.26 2.77555756156e-17 0.291666666667
503 0.26 2.77555756156e-17 0.291666666667
504 0.26 2.77555756156e-17 0.291666666667
505 0.26 2.77555756156e-17 0.291666666667
506 0.26 2.77555756156e-17 0.291666666667
507 0.26 2.77555756156e-17 0.291666666667
508 0.26 2.77555756156e-17 0.291666666667
509 0.26 2.77555756156e-17 0.291666666667
510 0.26 2.77555756156e-17 0.291666666667
511 0.26 2.77555756156e-17 0.291666666667
512 0.26 2.77555756156e-17 0.291666666667
513 0.26 2.77555756156e-17 0.291666666667
514 0.26 2.77555756156e-17 0.291666666667
515 0.26 2.77555756156e-17 0.291666666667
516 0.26 2.77555756156e-17 0.291666666667
517 0.26 2.77555756156e-17 0.291666666667
518 0.26 2.77555756156e-17 0.291666666667
519 0.26 2.77555756156e-17 0.291666666667
520 0.26 2.77555756156e-17 0.291666666667
521 0.26 2.77555756156e-17 0.291666666667
522 0.26 2.77555756156e-17 0.28975
523 0.26 2.77555756156e-17 0.287833333333
524 0.26 2.77555756156e-17 0.284
525 0.26 2.77555756156e-17 0.282083333333
526 0.26 2.77555756156e-17 0.27825
527 0.26 2.77555756156e-17 0.276166666667
528 0.26 2.77555756156e-17 0.2725
529 0.26 2.77555756156e-17 0.268666666667
530 0.26 2.77555756156e-17 0.26675
531 0.26 2.77555756156e-17 0.264833333333
532 0.26 2.77555756156e-17 0.261
533 0.26 2.77555756156e-17 0.259083333333
534 0.26 2.77555756156e-17 0.25525
535 0.26 2.77555756156e-17 0.251416666667
536 0.26 2.77555756156e-17 0.2495
537 0.26 2.77555756156e-17 0.245666666667
538 0.26 2.77555756156e-17 0.24375
539 0.26 2.77555756156e-17 0.239916666667
540 0.26 2.77555756156e-17 0.238
541 0.26 2.77555756156e-17 0.234166666667
542 0.26 2.77555756156e-17 0.23175
543 0.26 2.77555756156e-17 0.228416666667
544 0.26 2.77555756156e-17 0.2265
545 0.26 2.77555756156e-17 0.222666666667
546 0.26 2.77555756156e-17 0.22075
547 0.26 2.77555756156e-17 0.216916666667
548 0.26 2.77555756156e-17 0.215
549 0.26 2.77555756156e-17 0.211166666667
550 0.26 2.77555756156e-17 0.20925
551 0.26 2.77555756156e-17 0.205416666667
552 0.26 2.77555756156e-17 0.201583333333
553 0.26 2.77555756156e-17 0.199666666667
554 0.26 2.77555756156e-17 0.196
555 0.26 2.77555756156e-17 0.193916666667
556 0.26 2.77555756156e-17 0.190083333333
557 0.26 2.77555756156e-17 0.188166666667
558 0.26 2.77555756156e-17 0.184333333333
559 0.26 2.77555756156e-17 0.182416666667
560 0.26 2.77555756156e-17 0.178583333333
561 0.26 2.77555756156e-17 0.176666666667
562 0.26 2.77555756156e-17 0.172833333333
563 0.26 2.77555756156e-17 0.169
564 0.26 2.77555756156e-17 0.167083333333
565 0.26 2.77555756156e-17 0.16325
566 0.26 2.77555756156e-17 0.161333333333
567 0.26 2.77555756156e-17 0.159416666667
568 0.26 2.77555756156e-17 0.155583333333
569 0.26 2.77555756156e-17 0.15175
570 0.26 2.77555756156e-17 0.14825
571 0.26 2.77555756156e-17 0.146
572 0.26 2.77555756156e-17 0.1425
573 0.26 2.77555756156e-17 0.14025
574 0.26 2.77555756156e-17 0.136416666667
575 0.26 2.77555756156e-17 0.1345
576 0.26 2.77555756156e-17 0.132416666667
577 0.26 2.77555756156e-17 0.12875
578 0.26 2.77555756156e-17 0.126666666667
579 0.26 2.77555756156e-17 0.123
580 0.26 2.77555756156e-17 0.121083333333
581 0.26 2.77555756156e-17 0.11725
582 0.26 2.77555756156e-17 0.113416666667
583 0.26 2.77555756156e-17 0.1115
584 0.26 2.77555756156e-17 0.1085
585 0.26 2.77555756156e-17 0.10575
586 0.26 2.77555756156e-17 0.101916666667
587 0.26 2.77555756156e-17 0.1
588 0.26 2.77555756156e-17 0.1
589 0.26 2.77555756156e-17 0.1
