0 0.26 0.0 0.0
1 0.26 0.0 0.0
2 0.26 0.05 0.0
3 0.26 0.1 0.0
4 0.26 0.15 0.0
5 0.26 0.2 0.0
6 0.26 0.3 0.0
7 0.26 0.3 0.075
8 0.26 0.4 0.15625
9 0.26 0.4 0.25625
10 0.26 0.4 0.3625
11 0.26 0.4 0.46875
12 0.26 0.4 0.5875
13 0.26 0.4 0.68125
14 0.0 0.0 0.61875
15 0.0 0.0 0.50625
16 0.0 0.0 0.473083333333
17 0.005 0.0 0.49375
18 0.01 0.0 0.56875
19 0.01 0.0 0.66475
20 0.025 0.0 0.65
21 0.055 0.0 0.64375
22 0.08 0.0 0.64375
23 0.11 0.0 0.64375
24 0.135 0.0 0.64375
25 0.16 0.0 0.6375
26 0.19 0.0 0.6375
27 0.22 0.0 0.63125
28 0.245 0.0 0.63125
29 0.26 0.0 0.61875
30 0.26 0.0 0.606166666667
31 0.26 0.0 0.590083333333
32 0.26 0.0 0.567666666667
33 0.26 0.0 0.5565
34 0.26 0.0 0.539083333333
35 0.26 0.0 0.52325
36 0.26 0.0 0.50575
37 0.26 0.0 0.4915
38 0.26 0.0 0.48375
39 0.26 0.0 0.468166666667
40 0.26 0.0 0.453
41 0.26 0.0 0.42425
42 0.26 0.0 0.395833333333
43 0.26 0.0 0.34925
44 0.26 0.0 0.323666666667
45 0.26 0.0 0.290666666667
46 0.26 0.0 0.256
47 0.26 0.0 0.234166666667
48 0.26 0.0 0.199583333333
49 0.26 0.0 0.187666666667
50 0.26 0.0 0.18475
51 0.26 0.0 0.1825
52 0.26 0.0 0.175083333333
53 0.26 0.0 0.1735
54 0.26 0.0 0.17225
55 0.26 0.0 0.171083333333
56 0.26 0.0 0.170083333333
57 0.26 0.0 0.169416666667
58 0.26 0.0 0.169
59 0.26 0.0 0.1625
60 0.26 0.0 0.1625
61 0.26 0.0 0.1625
62 0.26 0.0 0.1625
63 0.26 0.0 0.1625
64 0.26 0.0 0.15625
65 0.26 0.0 0.15625
66 0.26 0.0 0.15625
67 0.26 0.0 0.15625
68 0.26 0.0 0.15625
69 0.26 0.0 0.15625
70 0.26 0.0 0.15625
71 0.26 0.0 0.15
72 0.26 0.0 0.15
73 0.26 0.0 0.15
74 0.26 0.0 0.15
75 0.26 0.0 0.14375
76 0.26 0.0 0.14375
77 0.26 0.0 0.14375
78 0.26 0.0 0.14375
79 0.26 0.0 0.137166666667
80 0.26 0.0 0.10625
81 0.26 0.0 0.08125
82 0.26 0.0 0.05625
83 0.26 0.0 0.01875
84 0.26 0.0 0.0
85 0.26 0.0 0.0
86 0.26 0.0 0.0
87 0.26 0.0 0.0
88 0.26 0.0 0.0
89 0.26 0.0 0.0
90 0.26 0.0 0.0
91 0.26 0.0 0.0
92 0.26 0.0 0.0
93 0.26 0.0 0.0
94 0.26 -0.05 0.0
95 0.26 -0.1 0.0
96 0.26 -0.1 0.0
97 0.26 -0.15 0.0
98 0.26 -0.2 0.0
99 0.26 -0.2 0.0
100 0.26 -0.2 0.0
101 0.26 -0.2 0.0
102 0.26 -0.2 0.0
103 0.26 -0.2 0.0
104 0.26 -0.2 0.0
105 0.26 -0.2 0.0
106 0.26 -0.2 0.0
107 0.26 -0.2 0.0
108 0.26 -0.2 0.0
109 0.26 -0.2 0.0
110 0.26 -0.2 0.0
111 0.26 -0.2 0.0
112 0.26 -0.2 0.0
113 0.26 -0.2 0.0
114 0.26 -0.2 0.0
115 0.26 -0.2 0.0
116 0.26 -0.2 0.0
117 0.26 -0.2 0.0
118 0.26 -0.2 0.0
119 0.26 -0.2 0.0
120 0.26 -0.2 0.0
121 0.26 -0.2 0.0
122 0.26 -0.2 0.0
123 0.26 -0.2 0.0
124 0.26 -0.2 0.0
125 0.26 -0.2 0.0
126 0.26 -0.2 0.0
127 0.26 -0.2 0.0
128 0.26 -0.2 0.0
129 0.26 -0.2 0.0
130 0.26 -0.2 0.0
131 0.26 -0.2 0.0
132 0.26 -0.2 0.0
133 0.26 -0.2 0.0
134 0.26 -0.2 0.0
135 0.26 -0.2 0.0
136 0.26 -0.2 0.0
137 0.26 -0.2 0.0
138 0.26 -0.2 0.0
139 0.26 -0.2 0.0
140 0.26 -0.2 0.0
141 0.26 -0.2 0.0
142 0.26 -0.2 0.00625
143 0.26 -0.2 0.0376666666667
144 0.26 -0.2 0.0435
145 0.26 -0.2 0.0435
146 0.26 -0.2 0.04025
147 0.26 -0.2 0.04075
148 0.26 -0.2 0.0276666666667
149 0.26 -0.2 0.0183333333333
150 0.26 -0.2 0.0143333333333
151 0.26 -0.1 0.0105833333333
152 0.26 -0.1 0.00733333333333
153 0.26 -0.1 0.00333333333333
154 0.26 -0.1 0.0
155 0.26 -0.1 0.0
156 0.26 -0.1 0.0
157 0.26 -0.1 0.0
158 0.26 -0.1 0.0
159 0.26 -0.1 0.0
160 0.26 -0.15 0.0
161 0.26 -0.2 0.0
162 0.26 -0.2 0.0
163 0.26 -0.25 0.0
164 0.26 -0.3 0.0
165 0.26 -0.3 0.0
166 0.26 -0.3 0.0
167 0.26 -0.3 0.0
168 0.26 -0.3 0.0
169 0.26 -0.3 0.0
170 0.0 0.0 0.0
171 0.0 0.0 0.0
172 0.005 0.0 0.0
173 0.01 0.0 0.0
174 0.01 0.0 0.0
175 0.03 0.0 0.0
176 0.06 0.0 0.0
177 0.09 0.0 0.0
178 0.115 0.0 0.0
179 0.145 0.0 0.0
180 0.17 0.0 0.0
181 0.2 0.0 0.0
182 0.225 0.0 0.0
183 0.25 0.0 0.0
184 0.26 0.0 0.0
185 0.26 0.0 0.0
186 0.26 0.0 0.0
187 0.26 0.0 0.0
188 0.26 0.0 0.0
189 0.26 -0.05 0.0
190 0.26 -0.1 0.0
191 0.26 -0.1 0.0
192 0.26 -0.1 0.0
193 0.26 -0.1 0.0
194 0.26 -0.1 0.0
195 0.26 -0.1 0.0
196 0.26 -0.1 0.0
197 0.26 -0.1 0.0
198 0.26 -0.1 0.0
199 0.26 -0.1 0.0
200 0.26 -0.1 0.0
201 0.26 -0.1 0.0
202 0.26 -0.1 0.0
203 0.26 -0.1 0.0
204 0.26 -0.1 0.0
205 0.26 -0.1 0.0
206 0.26 -0.1 0.0
207 0.26 -0.1 0.0
208 0.26 -0.1 0.0
209 0.26 -0.2 0.0
210 0.26 -0.2 0.0
211 0.26 -0.2 0.0
212 0.26 -0.2 0.0
213 0.26 -0.2 0.0
214 0.26 -0.2 0.0
215 0.26 -0.2 0.0
216 0.26 -0.2 0.0
217 0.26 -0.2 0.0
218 0.26 -0.2 0.0
219 0.26 -0.2 0.0
220 0.26 -0.2 0.0
221 0.26 -0.2 0.0
222 0.26 -0.2 0.0
223 0.26 -0.2 0.0
224 0.26 -0.2 0.0
225 0.26 -0.2 0.0
226 0.26 -0.2 0.0
227 0.26 -0.2 0.0
228 0.26 -0.2 0.0
229 0.26 -0.2 0.0
230 0.26 -0.2 0.0
231 0.26 -0.2 0.04375
232 0.26 -0.2 0.1125
233 0.26 -0.2 0.15625
234 0.26 -0.2 0.20625
235 0.26 -0.2 0.211916666667
236 0.26 -0.2 0.21025
237 0.26 -0.2 0.209166666667
238 0.26 -0.2 0.24675
239 0.26 -0.2 0.295916666667
240 0.26 -0.2 0.345
241 0.26 -0.2 0.38825
242 0.26 -0.2 0.431333333333
243 0.26 -0.2 0.485833333333
244 0.26 -0.2 0.52825
245 0.26 -0.2 0.558083333333
246 0.26 -0.2 0.555583333333
247 0.26 -0.2 0.541333333333
248 0.0 0.0 0.574083333333
249 0.0 0.0 0.58775
250 0.0 0.0 0.599916666667
251 0.005 0.0 0.602833333333
252 0.01 0.0 0.60275
253 0.01 0.0 0.60275
254 0.02 0.0 0.602666666667
255 0.045 0.0 0.602666666667
256 0.07 0.0 0.602666666667
257 0.095 0.0 0.602666666667
258 0.125 0.0 0.604333333333
259 0.15 0.0 0.608333333333
260 0.18 0.0 0.608416666667
261 0.21 0.0 0.608416666667
262 0.22 0.0 0.612666666667
263 0.23 0.0 0.614
264 0.235 0.0 0.613083333333
265 0.245 0.0 0.618166666667
266 0.25 0.0 0.623416666667
267 0.26 0.0 0.618333333333
268 0.26 0.0 0.622833333333
269 0.26 0.0 0.628166666667
270 0.26 0.0 0.627333333333
271 0.26 0.0 0.633
272 0.26 0.0 0.631083333333
273 0.26 0.0 0.630666666667
274 0.26 0.0 0.629583333333
275 0.26 0.0 0.628083333333
276 0.26 0.0 0.62775
277 0.26 0.0 0.626666666667
278 0.26 0.0 0.625166666667
279 0.26 0.0 0.62475
280 0.26 0.0 0.628333333333
281 0.26 0.0 0.507833333333
282 0.26 0.0 0.37725
283 0.26 0.0 0.2445
284 0.26 0.0 0.113916666667
285 0.26 0.0 0.00441666666667
286 0.26 0.0 0.0
287 0.26 0.0 0.0
288 0.26 0.0 0.0
289 0.26 0.0 0.0
290 0.26 0.0 0.0
291 0.26 0.0 0.0
292 0.26 0.0 0.0
293 0.26 0.0 0.0
294 0.26 0.0 0.0
295 0.26 0.0 0.0
296 0.26 0.0 0.0
297 0.26 0.0 0.0
298 0.26 0.0 0.0
299 0.26 0.0 0.0
300 0.26 0.0 0.0
301 0.26 0.0 0.0
302 0.26 0.0 0.0
303 0.26 0.0 0.0
304 0.26 0.0 0.0
305 0.26 0.0 0.0
306 0.26 0.0 0.0
307 0.26 0.0 0.0
308 0.26 0.0 0.0
309 0.26 0.0 0.0
310 0.26 0.0 0.0
311 0.26 0.0 0.0
312 0.26 0.0 0.0
313 0.26 0.0 0.0
314 0.26 0.0 0.0
315 0.26 0.0 0.0
316 0.26 0.0 0.0
317 0.26 0.0 0.0
318 0.26 0.0 0.0
319 0.26 0.0 0.0
320 0.26 0.0 0.0
321 0.26 0.0 0.0
322 0.26 0.0 0.0
323 0.26 0.0 0.0
324 0.26 0.0 0.0
325 0.26 0.0 0.0
326 0.26 0.0 0.0
327 0.26 0.0 0.0
328 0.26 0.0 0.0
329 0.26 0.0 0.0
330 0.26 0.0 0.0
331 0.26 0.0 0.0
332 0.26 0.0 0.0
333 0.26 0.0 0.0
334 0.26 0.0 0.0
335 0.26 0.0 0.0
336 0.26 0.0 0.0
337 0.26 0.0 0.0
338 0.26 0.0 0.0
339 0.26 0.0 0.0
340 0.26 0.0 0.0
341 0.26 0.0 0.0
342 0.26 0.0 0.0
343 0.26 0.0 0.0
344 0.26 0.0 0.0
345 0.26 0.0 0.0
346 0.26 0.0 0.0
347 0.26 0.0 0.0
348 0.26 0.0 0.0
349 0.26 0.0 0.0
350 0.26 0.0 0.0
351 0.26 0.0 0.0
352 0.26 0.0 0.0
353 0.26 0.0 0.0
354 0.26 0.0 0.0
355 0.26 0.0 0.0
356 0.26 0.0 0.0
357 0.26 0.0 0.0
358 0.26 0.0 0.0
359 0.26 0.0 0.0
