0 0.105 0.0 0.291666666667
1 0.11 0.0 0.291666666667
2 0.125 0.0 0.291666666667
3 0.13 0.0 0.291666666667
4 0.14 0.0 0.291666666667
5 0.14 0.0 0.291666666667
6 0.16 0.0 0.291666666667
7 0.185 0.0 0.291666666667
8 0.2 0.0 0.291666666667
9 0.205 0.0 0.291666666667
10 0.21 0.0 0.291666666667
11 0.22 0.0 0.291666666667
12 0.225 0.0 0.291666666667
13 0.235 0.0 0.291666666667
14 0.24 0.0 0.291666666667
15 0.25 0.0 0.291666666667
16 0.25 0.0 0.291666666667
17 0.25 0.0 0.291666666667
18 0.25 0.0 0.291666666667
19 0.25 0.0 0.291666666667
20 0.25 0.0 0.291666666667
21 0.25 0.0 0.291666666667
22 0.25 0.0 0.291666666667
23 0.25 0.0 0.291666666667
24 0.25 0.0 0.291666666667
25 0.25 0.0 0.291666666667
26 0.25 0.0 0.291666666667
27 0.25 0.0 0.291416666667
28 0.25 -0.05 0.291666666667
29 0.25 -0.1 0.291666666667
30 0.25 -0.1 0.291666666667
31 0.25 -0.1 0.291666666667
32 0.25 -0.1 0.291666666667
33 0.25 -0.15 0.291666666667
34 0.25 -0.2 0.283916666667
35 0.25 -0.2 0.2035
36 0.25 -0.25 0.233
37 0.25 -0.3 0.24725
38 0.25 -0.3 0.233916666667
39 0.25 -0.3 0.23425
40 0.25 -0.3 0.23325
41 0.25 -0.3 0.229666666667
42 0.25 -0.3 0.245583333333
43 0.25 -0.3 0.27775
44 0.25 -0.3 0.291666666667
45 0.25 -0.3 0.291666666667
46 0.25 -0.3 0.291666666667
47 0.25 -0.3 0.291666666667
48 0.25 -0.4 0.291666666667
49 0.25 -0.4 0.291666666667
50 0.25 -0.4 0.291666666667
51 0.25 -0.4 0.291666666667
52 0.25 -0.4 0.291666666667
53 0.25 -0.4 0.291666666667
54 0.25 -0.35 0.291666666667
55 0.25 -0.25 0.291666666667
56 0.25 -0.2 0.287083333333
57 0.25 -0.15 0.273833333333
58 0.25 -0.1 0.260583333333
59 0.25 -0.05 0.25
60 0.25 -2.77555756156e-17 0.242916666667
61 0.25 -2.77555756156e-17 0.22925
62 0.25 0.1 0.207583333333
63 0.25 0.1 0.194166666667
64 0.25 0.1 0.191333333333
65 0.25 0.1 0.181666666667
66 0.25 0.1 0.196166666667
67 0.25 0.1 0.214333333333
68 0.25 0.1 0.230333333333
69 0.25 0.1 0.23925
70 0.25 0.1 0.243333333333
71 0.25 0.1 0.249083333333
72 0.25 0.1 0.254083333333
73 0.25 0.1 0.256583333333
74 0.25 0.1 0.257083333333
75 0.25 0.1 0.257416666667
76 0.25 0.1 0.256166666667
77 0.25 0.15 0.2405
78 0.25 0.2 0.223583333333
79 0.25 0.2 0.220083333333
80 0.25 0.2 0.214
81 0.25 0.2 0.236916666667
82 0.26 0.2 0.196166666667
83 0.26 0.2 0.20825
84 0.26 0.2 0.241583333333
85 0.26 0.2 0.24325
86 0.26 0.2 0.21975
87 0.26 0.2 0.199
88 0.26 0.2 0.20375
89 0.26 0.2 0.2125
90 0.26 0.2 0.221666666667
91 0.26 0.2 0.226583333333
92 0.26 0.2 0.223833333333
93 0.26 0.1 0.226083333333
94 0.26 0.05 0.231583333333
95 0.26 -2.77555756156e-17 0.238916666667
96 0.26 -2.77555756156e-17 0.272
97 0.26 -2.77555756156e-17 0.306666666667
98 0.26 -2.77555756156e-17 0.267833333333
99 0.26 -2.77555756156e-17 0.272583333333
100 0.26 -2.77555756156e-17 0.279166666667
101 0.26 -2.77555756156e-17 0.287333333333
102 0.26 -2.77555756156e-17 0.291
103 0.26 -2.77555756156e-17 0.291666666667
104 0.26 -2.77555756156e-17 0.291666666667
105 0.26 -2.77555756156e-17 0.291416666667
106 0.26 -0.1 0.272166666667
107 0.26 -0.15 0.253083333333
108 0.26 -0.25 0.25125
109 0.26 -0.3 0.248583333333
110 0.26 -0.3 0.245166666667
111 0.26 -0.3 0.290916666667
112 0.26 -0.3 0.291666666667
113 0.26 -0.3 0.291666666667
114 0.26 -0.3 0.291666666667
115 0.26 -0.3 0.291666666667
116 0.26 -0.3 0.291666666667
117 0.26 -0.3 0.291666666667
118 0.26 -0.3 0.291666666667
119 0.26 -0.3 0.291666666667
120 0.26 -0.3 0.291666666667
121 0.26 -0.25 0.291666666667
122 0.26 -0.2 0.291666666667
123 0.26 -0.1 0.291666666667
124 0.26 -0.05 0.291666666667
125 0.26 -2.77555756156e-17 0.291666666667
126 0.26 -2.77555756156e-17 0.291666666667
127 0.26 -2.77555756156e-17 0.291666666667
128 0.26 -2.77555756156e-17 0.291666666667
129 0.26 -2.77555756156e-17 0.291666666667
130 0.26 -2.77555756156e-17 0.291666666667
131 0.26 -2.77555756156e-17 0.291666666667
132 0.26 0.05 0.291666666667
133 0.26 0.1 0.291666666667
134 0.26 0.1 0.291666666667
135 0.26 0.1 0.291666666667
136 0.26 0.1 0.291666666667
137 0.26 0.1 0.291666666667
138 0.26 0.1 0.291666666667
139 0.26 0.1 0.291666666667
140 0.26 0.1 0.291666666667
141 0.26 0.1 0.291666666667
142 0.26 0.15 0.291666666667
143 0.26 0.2 0.291666666667
144 0.26 0.2 0.291666666667
145 0.26 0.2 0.291666666667
146 0.26 0.3 0.291666666667
147 0.26 0.3 0.291666666667
148 0.26 0.3 0.291666666667
149 0.26 0.3 0.291666666667
150 0.26 0.3 0.291666666667
151 0.26 0.3 0.291666666667
152 0.26 0.3 0.291666666667
153 0.26 0.3 0.291666666667
154 0.26 0.3 0.291666666667
155 0.26 0.3 0.291666666667
156 0.26 0.25 0.291666666667
157 0.26 0.2 0.291666666667
158 0.26 0.15 0.291666666667
159 0.26 0.1 0.291666666667
160 0.26 0.1 0.291666666667
161 0.26 0.1 0.291666666667
162 0.26 0.1 0.291666666667
163 0.26 0.1 0.291666666667
164 0.26 0.1 0.291666666667
165 0.26 0.1 0.291666666667
166 0.26 0.1 0.291666666667
167 0.26 0.1 0.291666666667
168 0.26 0.1 0.291666666667
169 0.26 0.1 0.291666666667
170 0.26 0.1 0.291666666667
171 0.26 0.1 0.291666666667
172 0.26 0.1 0.291666666667
173 0.26 0.1 0.291666666667
174 0.26 0.05 0.291666666667
175 0.26 -2.77555756156e-17 0.291666666667
176 0.26 -2.77555756156e-17 0.291666666667
177 0.26 -2.77555756156e-17 0.291666666667
178 0.26 -2.77555756156e-17 0.291666666667
179 0.26 -2.77555756156e-17 0.291666666667
180 0.26 -2.77555756156e-17 0.291666666667
181 0.26 -2.77555756156e-17 0.291666666667
182 0.26 -2.77555756156e-17 0.291666666667
183 0.26 -2.77555756156e-17 0.291666666667
184 0.26 -2.77555756156e-17 0.291666666667
185 0.26 -2.77555756156e-17 0.291666666667
186 0.26 -2.77555756156e-17 0.291666666667
187 0.26 -2.77555756156e-17 0.291666666667
188 0.26 -2.77555756156e-17 0.291666666667
189 0.26 -2.77555756156e-17 0.291666666667
190 0.26 -2.77555756156e-17 0.291666666667
191 0.26 -2.77555756156e-17 0.291666666667
192 0.26 -2.77555756156e-17 0.291666666667
