0 0.125 0.0 0.291666666667
1 0.15 0.0 0.291666666667
2 0.175 0.0 0.291666666667
3 0.2 0.0 0.291666666667
4 0.225 0.0 0.291666666667
5 0.25 0.0 0.291666666667
6 0.26 0.0 0.291666666667
7 0.26 0.0 0.291666666667
8 0.26 0.0 0.291666666667
9 0.26 0.0 0.291666666667
10 0.26 0.0 0.291666666667
11 0.26 0.0 0.291666666667
12 0.26 0.0 0.291666666667
13 0.26 0.0 0.291666666667
14 0.26 0.0 0.291666666667
15 0.26 0.0 0.291666666667
16 0.26 0.0 0.291666666667
17 0.26 0.0 0.291666666667
18 0.26 0.0 0.291666666667
19 0.26 0.0 0.291666666667
20 0.26 0.0 0.288333333333
21 0.26 0.0 0.291666666667
22 0.26 0.0 0.291666666667
23 0.26 0.0 0.291666666667
24 0.26 0.0 0.291666666667
25 0.26 0.0 0.291666666667
26 0.26 0.0 0.280916666667
27 0.26 0.0 0.224
28 0.26 0.0 0.2425
29 0.26 0.0 0.2415
30 0.26 0.0 0.24825
31 0.26 0.0 0.250166666667
32 0.26 -0.05 0.249833333333
33 0.26 -0.1 0.248833333333
34 0.26 -0.1 0.259416666667
35 0.26 -0.1 0.21225
36 0.26 -0.1 0.201916666667
37 0.26 -0.15 0.190666666667
38 0.26 -0.2 0.1735
39 0.26 -0.2 0.149583333333
40 0.26 -0.2 0.144
41 0.26 -0.25 0.161083333333
42 0.26 -0.3 0.176916666667
43 0.26 -0.3 0.204333333333
44 0.26 -0.3 0.219166666667
45 0.26 -0.3 0.237083333333
46 0.26 -0.3 0.239
47 0.26 -0.3 0.262833333333
48 0.26 -0.3 0.26925
49 0.26 -0.3 0.29025
50 0.26 -0.3 0.291666666667
51 0.26 -0.3 0.291666666667
52 0.26 -0.3 0.291666666667
53 0.26 -0.3 0.291666666667
54 0.26 -0.3 0.291666666667
55 0.26 -0.3 0.291666666667
56 0.26 -0.3 0.291666666667
57 0.26 -0.3 0.291666666667
58 0.26 -0.3 0.291666666667
59 0.26 -0.3 0.291666666667
60 0.26 -0.3 0.291666666667
61 0.26 -0.25 0.280416666667
62 0.26 -0.2 0.246416666667
63 0.26 -0.15 0.230916666667
64 0.26 -0.1 0.203916666667
65 0.26 -0.1 0.205166666667
66 0.26 -2.77555756156e-17 0.220833333333
67 0.26 -2.77555756156e-17 0.228583333333
68 0.26 0.05 0.233083333333
69 0.26 0.1 0.23625
70 0.26 0.1 0.239333333333
71 0.26 0.1 0.243666666667
72 0.26 0.1 0.244416666667
73 0.26 0.1 0.242333333333
74 0.26 0.1 0.242166666667
75 0.26 0.1 0.234666666667
76 0.26 0.1 0.232416666667
77 0.26 0.1 0.216416666667
78 0.26 0.1 0.208833333333
79 0.26 0.1 0.22
80 0.26 0.1 0.2415
81 0.26 0.1 0.234333333333
82 0.26 0.1 0.23675
83 0.26 0.1 0.245416666667
84 0.26 0.1 0.250666666667
85 0.26 0.15 0.250833333333
86 0.26 0.2 0.246666666667
87 0.26 0.2 0.244666666667
88 0.26 0.2 0.244416666667
89 0.26 0.2 0.243583333333
90 0.26 0.2 0.243416666667
91 0.26 0.2 0.242416666667
92 0.26 0.2 0.242
93 0.26 0.2 0.241083333333
94 0.26 0.2 0.24
95 0.26 0.2 0.238166666667
96 0.26 0.2 0.2355
97 0.26 0.2 0.232
98 0.26 0.2 0.237666666667
99 0.26 0.2 0.258166666667
100 0.26 0.2 0.265583333333
101 0.26 0.1 0.2695
102 0.26 0.1 0.267416666667
103 0.26 -2.77555756156e-17 0.260583333333
104 0.26 -2.77555756156e-17 0.249916666667
105 0.26 -0.1 0.2435
106 0.26 -0.1 0.24325
107 0.26 -0.2 0.240666666667
108 0.26 -0.2 0.237833333333
109 0.26 -0.2 0.24575
110 0.26 -0.2 0.286583333333
111 0.26 -0.2 0.291666666667
112 0.26 -0.2 0.291666666667
113 0.26 -0.2 0.291666666667
114 0.26 -0.2 0.291666666667
115 0.26 -0.2 0.291666666667
116 0.26 -0.15 0.291666666667
117 0.26 -0.1 0.291666666667
118 0.26 -0.05 0.291666666667
119 0.26 -2.77555756156e-17 0.291666666667
120 0.26 0.05 0.291666666667
121 0.26 0.1 0.291666666667
122 0.26 0.1 0.291666666667
123 0.26 0.1 0.291666666667
124 0.26 0.1 0.291666666667
125 0.26 0.1 0.291666666667
126 0.26 0.1 0.291666666667
127 0.26 0.2 0.291666666667
128 0.26 0.2 0.291666666667
129 0.26 0.2 0.291666666667
130 0.26 0.2 0.291666666667
131 0.26 0.2 0.291666666667
132 0.26 0.2 0.291666666667
133 0.26 0.2 0.291666666667
134 0.26 0.2 0.291666666667
135 0.26 0.2 0.291666666667
136 0.26 0.2 0.291666666667
137 0.26 0.2 0.291666666667
138 0.26 0.2 0.291666666667
139 0.26 0.2 0.291666666667
140 0.26 0.2 0.291666666667
141 0.26 0.2 0.291666666667
142 0.26 0.2 0.291666666667
143 0.26 0.2 0.291666666667
144 0.26 0.2 0.291666666667
145 0.26 0.15 0.291666666667
146 0.26 0.1 0.291666666667
147 0.26 0.1 0.291666666667
148 0.26 0.1 0.291666666667
149 0.26 0.1 0.291666666667
150 0.26 0.1 0.291666666667
151 0.26 0.1 0.291666666667
152 0.26 -2.77555756156e-17 0.291666666667
153 0.26 -2.77555756156e-17 0.291666666667
154 0.26 -2.77555756156e-17 0.291666666667
155 0.26 -2.77555756156e-17 0.291666666667
156 0.26 -2.77555756156e-17 0.291666666667
157 0.26 -2.77555756156e-17 0.291666666667
158 0.26 -2.77555756156e-17 0.291666666667
159 0.26 -2.77555756156e-17 0.291666666667
160 0.26 -2.77555756156e-17 0.291666666667
161 0.26 -2.77555756156e-17 0.291666666667
162 0.26 -2.77555756156e-17 0.291666666667
163 0.26 -2.77555756156e-17 0.291666666667
164 0.26 -2.77555756156e-17 0.291666666667
165 0.26 -2.77555756156e-17 0.291666666667
166 0.26 -2.77555756156e-17 0.291666666667
167 0.26 -2.77555756156e-17 0.291666666667
168 0.26 -2.77555756156e-17 0.291666666667
169 0.26 -2.77555756156e-17 0.291666666667
170 0.26 -2.77555756156e-17 0.291666666667
171 0.26 -2.77555756156e-17 0.291666666667
172 0.26 -2.77555756156e-17 0.291666666667
173 0.26 -2.77555756156e-17 0.291666666667
174 0.26 -2.77555756156e-17 0.291666666667
175 0.26 -2.77555756156e-17 0.291666666667
176 0.26 -2.77555756156e-17 0.291666666667
177 0.26 -2.77555756156e-17 0.291666666667
178 0.26 -2.77555756156e-17 0.291666666667
179 0.26 -2.77555756156e-17 0.291666666667
180 0.26 -2.77555756156e-17 0.291666666667
181 0.26 -2.77555756156e-17 0.291666666667
182 0.26 -2.77555756156e-17 0.291666666667
183 0.26 -2.77555756156e-17 0.291666666667
184 0.26 -2.77555756156e-17 0.291666666667
185 0.26 -2.77555756156e-17 0.291666666667
186 0.26 -2.77555756156e-17 0.291666666667
