0 0.26 0.0 0.0
1 0.26 0.0 0.0
2 0.26 0.0 0.0
3 0.26 0.0 0.0
4 0.26 0.0 0.0
5 0.26 0.0 0.0
6 0.26 0.0 0.0
7 0.26 0.0 0.0
8 0.26 0.0 0.0
9 0.26 -0.05 0.0
10 0.26 -0.1 0.0
11 0.26 -0.2 0.0
12 0.26 -0.2 0.0
13 0.26 -0.25 0.0
14 0.26 -0.3 0.0
15 0.26 -0.35 0.0
16 0.26 -0.4 0.0
17 0.26 -0.4 0.0875
18 0.26 -0.4 0.21875
19 0.26 -0.4 0.261166666667
20 0.26 -0.4 0.276333333333
21 0.26 -0.4 0.3
22 0.26 -0.4 0.3125
23 0.0 0.0 0.172083333333
24 0.0 0.0 0.0
25 0.005 0.0 0.0
26 0.01 0.0 0.0
27 0.01 0.0 0.0
28 0.025 0.0 0.0
29 0.055 0.0 0.0
30 0.085 0.05 0.0
31 0.09 0.1 0.0
32 0.1 0.1 0.0
33 0.11 0.1 0.0
34 0.12 0.2 0.0
35 0.135 0.25 0.0
36 0.145 0.3 0.0
37 0.15 0.3 0.0
38 0.16 0.3 0.0
39 0.17 0.3 0.0
40 0.17 0.3 0.0
41 0.17 0.3 0.0
42 0.17 0.3 0.0
43 0.17 0.3 0.0
44 0.17 0.3 0.0
45 0.17 0.3 0.0
46 0.17 0.3 0.0
47 0.17 0.3 0.0
48 0.17 0.25 0.0
49 0.17 0.2 0.0
50 0.17 0.2 0.0
51 0.17 0.2 0.0
52 0.17 0.2 0.0
53 0.17 0.2 0.0
54 0.17 0.2 0.0
55 0.17 0.2 0.0
56 0.175 0.2 0.0
57 0.18 0.2 0.0
58 0.18 0.2 0.0625
59 0.18 0.2 0.11875
60 0.21 0.2 0.16875
61 0.235 0.2 0.225
62 0.26 0.2 0.28125
63 0.26 0.2 0.3375
64 0.26 0.2 0.33125
65 0.26 0.2 0.325
66 0.26 0.2 0.31875
67 0.26 0.2 0.31875
68 0.26 0.2 0.3125
69 0.26 0.2 0.30625
70 0.26 0.2 0.30625
71 0.26 0.2 0.30625
72 0.26 0.2 0.28125
73 0.26 0.2 0.225
74 0.26 0.1 0.16875
75 0.26 2.77555756156e-17 0.1375
76 0.26 -0.05 0.125
77 0.26 -0.1 0.13125
78 0.26 -0.1 0.15
79 0.26 -0.1 0.18125
80 0.26 -0.1 0.20625
81 0.26 -0.1 0.2375
82 0.26 -0.1 0.2625
83 0.26 -0.1 0.275
84 0.26 -0.1 0.26875
85 0.26 -0.1 0.2625
86 0.26 -0.1 0.26875
87 0.26 -0.1 0.26875
88 0.26 -0.1 0.2625
89 0.26 -0.1 0.2625
90 0.26 -0.1 0.2625
91 0.26 -0.1 0.2625
92 0.26 -0.1 0.26875
93 0.26 -0.1 0.26875
94 0.26 -0.1 0.2625
95 0.26 -0.1 0.26675
96 0.26 -0.1 0.26875
97 0.26 -0.1 0.26875
98 0.26 -0.1 0.2375
99 0.26 -0.1 0.2
100 0.26 -0.1 0.1625
101 0.26 2.77555756156e-17 0.13125
102 0.26 2.77555756156e-17 0.11875
103 0.26 2.77555756156e-17 0.1125
104 0.26 2.77555756156e-17 0.1
105 0.26 0.1 0.09375
106 0.26 0.1 0.1125
107 0.26 0.1 0.13125
108 0.26 0.1 0.15625
109 0.26 0.1 0.179166666667
110 0.26 0.1 0.2
111 0.26 0.1 0.225
112 0.26 0.1 0.24375
113 0.26 0.1 0.26875
114 0.26 0.1 0.29375
115 0.26 0.1 0.3125
116 0.26 0.1 0.33125
117 0.26 0.15 0.3375
118 0.26 0.2 0.34375
119 0.26 0.2 0.34375
120 0.26 0.2 0.34375
121 0.26 0.2 0.34375
122 0.26 0.2 0.34375
123 0.26 0.2 0.34375
124 0.26 0.1 0.34375
125 0.26 0.1 0.347166666667
126 0.26 2.77555756156e-17 0.34375
127 0.26 2.77555756156e-17 0.3375
128 0.26 2.77555756156e-17 0.34375
129 0.26 2.77555756156e-17 0.34375
130 0.26 2.77555756156e-17 0.34375
131 0.26 2.77555756156e-17 0.35
132 0.0 0.0 0.35
133 0.0 0.0 0.34375
134 0.01 0.0 0.2875
135 0.01 0.0 0.28125
136 0.01 0.0 0.28125
137 0.035 0.0 0.2875
138 0.065 0.0 0.2875
139 0.075 -0.1 0.2875
140 0.085 -0.1 0.31875
141 0.095 -0.15 0.34375
142 0.12 -0.4 0.3625
143 0.12 -0.5 0.3625
144 0.12 -0.55 0.375
145 0.12 -0.65 0.39375
146 0.12 -0.75 0.1875
147 0.0 0.0 0.0125
148 0.005 0.0 0.0
149 0.01 0.0 0.0
150 0.01 0.0 0.0
151 0.02 0.0 0.0
152 0.05 0.0 0.0
153 0.075 0.0 0.0
154 0.105 0.0 0.0
155 0.13 0.0 0.0
156 0.155 0.0 0.0
157 0.18 0.0 0.0
158 0.21 0.0 0.0
159 0.235 0.0 0.0
160 0.26 0.0 0.0
161 0.26 0.0 0.0
162 0.26 0.0 0.0
163 0.26 0.0 0.0
164 0.26 0.0 0.0
165 0.26 0.0 0.0
166 0.26 0.0 0.0
167 0.26 0.1 0.0
168 0.26 0.15 0.0
169 0.26 0.2 0.0
170 0.26 0.2 0.03125
171 0.26 0.2 0.08125
172 0.26 0.2 0.1375
173 0.26 0.2 0.1875
174 0.26 0.2 0.24375
175 0.26 0.2 0.29375
176 0.26 0.2 0.34375
177 0.26 0.2 0.4
178 0.26 0.2 0.448
179 0.0 0.0 0.5
180 0.0 0.0 0.64375
181 0.005 0.0 0.75
182 0.01 0.0 0.75
183 0.01 0.0 0.51875
184 0.01 0.0 0.2625
185 0.01 -0.1 0.15
186 0.01 -0.1 0.477583333333
187 0.01 -0.1 0.775
188 0.01 -0.35 0.991666666667
189 0.01 -0.65 1.0
190 0.01 -0.85 1.0
191 0.01 -0.95 0.937833333333
192 0.01 -1.0 0.54425
193 0.01 -1.1 0.391666666667
194 0.01 -1.2 0.59375
195 0.01 -1.25 0.75
196 0.0 0.0 0.75
197 0.0 0.0 0.69375
198 0.005 0.0 0.69375
199 0.01 0.0 0.69375
200 0.01 0.0 0.695416666667
201 0.02 0.0 0.7
202 0.05 0.0 0.7
203 0.075 0.0 0.70625
204 0.1 0.0 0.70625
205 0.13 0.0 0.7
206 0.155 0.0 0.70625
207 0.18 0.0 0.68125
208 0.21 0.0 0.6875
209 0.235 0.0 0.6875
210 0.245 0.0 0.68125
211 0.255 0.0 0.6875
