0 0.12 0.0 0.291666666667
1 0.145 0.0 0.291666666667
2 0.17 0.0 0.291666666667
3 0.195 0.0 0.291666666667
4 0.22 0.0 0.291666666667
5 0.24 0.0 0.291666666667
6 0.26 0.0 0.291666666667
7 0.26 0.0 0.291666666667
8 0.26 0.0 0.291666666667
9 0.26 0.0 0.291666666667
10 0.26 0.0 0.291666666667
11 0.26 0.0 0.291666666667
12 0.26 0.0 0.291666666667
13 0.26 0.0 0.291666666667
14 0.26 0.0 0.291666666667
15 0.26 0.0 0.291666666667
16 0.26 0.0 0.291666666667
17 0.26 0.0 0.291666666667
18 0.26 0.0 0.291666666667
19 0.26 0.0 0.291666666667
20 0.26 0.0 0.291666666667
21 0.26 -0.1 0.291666666667
22 0.26 -0.1 0.287916666667
23 0.26 -0.1 0.24225
24 0.26 -0.1 0.267083333333
25 0.26 -0.1 0.276
26 0.26 -0.1 0.291666666667
27 0.26 -0.1 0.291666666667
28 0.26 -0.15 0.291666666667
29 0.26 -0.2 0.231833333333
30 0.26 -0.2 0.210916666667
31 0.26 -0.2 0.25275
32 0.26 -0.2 0.265
33 0.26 -0.2 0.257583333333
34 0.26 -0.2 0.243
35 0.26 -0.2 0.24175
36 0.26 -0.2 0.239166666667
37 0.26 -0.2 0.236916666667
38 0.26 -0.2 0.232916666667
39 0.26 -0.2 0.230166666667
40 0.26 -0.2 0.24575
41 0.26 -0.25 0.271416666667
42 0.26 -0.3 0.291666666667
43 0.26 -0.3 0.291666666667
44 0.26 -0.3 0.291666666667
45 0.26 -0.3 0.291666666667
46 0.26 -0.3 0.291666666667
47 0.26 -0.3 0.291666666667
48 0.26 -0.3 0.291666666667
49 0.26 -0.3 0.291666666667
50 0.26 -0.3 0.291666666667
51 0.26 -0.3 0.286166666667
52 0.26 -0.3 0.25975
53 0.26 -0.3 0.236416666667
54 0.26 -0.3 0.23825
55 0.26 -0.3 0.2355
56 0.26 -0.25 0.230166666667
57 0.26 -0.15 0.223666666667
58 0.26 -0.1 0.212
59 0.26 -6.93889390391e-17 0.2145
60 0.26 -2.77555756156e-17 0.2145
61 0.26 -2.77555756156e-17 0.212
62 0.26 -2.77555756156e-17 0.223
63 0.26 -2.77555756156e-17 0.231166666667
64 0.26 0.1 0.214583333333
65 0.26 0.1 0.231166666667
66 0.26 0.1 0.24375
67 0.26 0.1 0.249666666667
68 0.26 0.1 0.248416666667
69 0.26 0.1 0.255083333333
70 0.26 0.1 0.25425
71 0.26 0.1 0.254
72 0.26 0.1 0.253
73 0.26 0.1 0.25225
74 0.26 0.1 0.252166666667
75 0.26 0.1 0.250916666667
76 0.26 0.1 0.249666666667
77 0.26 0.1 0.24775
78 0.26 0.1 0.24625
79 0.26 0.1 0.250166666667
80 0.26 0.2 0.25725
81 0.26 0.2 0.260916666667
82 0.26 0.2 0.26325
83 0.26 0.2 0.265166666667
84 0.26 0.2 0.266166666667
85 0.26 0.2 0.265416666667
86 0.26 0.2 0.26575
87 0.26 0.2 0.264833333333
88 0.26 0.2 0.262583333333
89 0.26 0.2 0.264916666667
90 0.26 0.2 0.271333333333
91 0.26 0.2 0.28675
92 0.26 0.2 0.291083333333
93 0.26 0.2 0.291666666667
94 0.26 0.2 0.291666666667
95 0.26 0.2 0.291666666667
96 0.26 0.2 0.291083333333
97 0.26 0.2 0.28425
98 0.26 0.2 0.270333333333
99 0.26 0.2 0.262583333333
100 0.26 0.2 0.250833333333
101 0.26 0.2 0.243833333333
102 0.26 0.2 0.2425
103 0.26 0.2 0.242166666667
104 0.26 0.2 0.2415
105 0.26 0.2 0.240166666667
106 0.26 0.2 0.236583333333
107 0.26 0.2 0.226666666667
108 0.26 0.2 0.211333333333
109 0.26 0.15 0.1995
110 0.26 0.1 0.193916666667
111 0.26 0.05 0.19225
112 0.26 -2.77555756156e-17 0.1925
113 0.26 -2.77555756156e-17 0.18825
114 0.26 -2.77555756156e-17 0.183
115 0.26 -2.77555756156e-17 0.18
116 0.26 -2.77555756156e-17 0.170833333333
117 0.26 -2.77555756156e-17 0.165166666667
118 0.26 -2.77555756156e-17 0.171666666667
119 0.26 -0.1 0.176166666667
120 0.26 -0.15 0.186333333333
121 0.26 -0.25 0.217583333333
122 0.26 -0.3 0.268833333333
123 0.26 -0.3 0.276583333333
124 0.26 -0.3 0.29825
125 0.26 -0.3 0.291666666667
126 0.26 -0.3 0.291666666667
127 0.26 -0.3 0.291666666667
128 0.26 -0.3 0.291666666667
129 0.26 -0.3 0.291666666667
130 0.26 -0.3 0.291666666667
131 0.26 -0.3 0.291666666667
132 0.26 -0.3 0.291666666667
133 0.26 -0.3 0.291666666667
134 0.26 -0.3 0.291666666667
135 0.26 -0.3 0.291666666667
136 0.26 -0.3 0.291666666667
137 0.26 -0.25 0.291666666667
138 0.26 -0.2 0.291666666667
139 0.26 -0.1 0.291666666667
140 0.26 -0.1 0.291666666667
141 0.26 -0.1 0.291666666667
142 0.26 -0.1 0.291666666667
143 0.26 -0.05 0.291666666667
144 0.26 -2.77555756156e-17 0.291666666667
145 0.26 -2.77555756156e-17 0.291666666667
146 0.26 -2.77555756156e-17 0.291666666667
147 0.26 -2.77555756156e-17 0.291666666667
148 0.26 -2.77555756156e-17 0.291666666667
149 0.26 -2.77555756156e-17 0.291666666667
150 0.26 -2.77555756156e-17 0.291666666667
151 0.26 -2.77555756156e-17 0.291666666667
152 0.26 -2.77555756156e-17 0.291666666667
153 0.26 -2.77555756156e-17 0.291666666667
154 0.26 -2.77555756156e-17 0.291666666667
155 0.26 -2.77555756156e-17 0.291666666667
156 0.26 -2.77555756156e-17 0.291666666667
157 0.26 -2.77555756156e-17 0.291666666667
158 0.26 -2.77555756156e-17 0.291666666667
159 0.26 -2.77555756156e-17 0.291666666667
160 0.26 -2.77555756156e-17 0.291666666667
161 0.26 -2.77555756156e-17 0.291666666667
162 0.26 -2.77555756156e-17 0.291666666667
163 0.26 -2.77555756156e-17 0.291666666667
164 0.26 -2.77555756156e-17 0.291666666667
165 0.26 -2.77555756156e-17 0.291666666667
166 0.26 -2.77555756156e-17 0.291666666667
167 0.26 -2.77555756156e-17 0.291666666667
168 0.26 -2.77555756156e-17 0.291666666667
169 0.26 -2.77555756156e-17 0.291666666667
170 0.26 -2.77555756156e-17 0.291666666667
171 0.26 -2.77555756156e-17 0.291666666667
172 0.26 -2.77555756156e-17 0.28975
173 0.26 -2.77555756156e-17 0.285916666667
174 0.26 -2.77555756156e-17 0.282083333333
175 0.26 -2.77555756156e-17 0.27825
176 0.26 -2.77555756156e-17 0.274416666667
177 0.26 -2.77555756156e-17 0.268666666667
178 0.26 -2.77555756156e-17 0.264833333333
179 0.26 -2.77555756156e-17 0.261
180 0.26 -2.77555756156e-17 0.257166666667
181 0.26 -2.77555756156e-17 0.253333333333
182 0.26 -2.77555756156e-17 0.247583333333
183 0.26 -2.77555756156e-17 0.24375
184 0.26 -2.77555756156e-17 0.239916666667
185 0.26 -2.77555756156e-17 0.236083333333
186 0.26 -2.77555756156e-17 0.23225
187 0.26 -2.77555756156e-17 0.228416666667
188 0.26 -2.77555756156e-17 0.224583333333
189 0.26 -2.77555756156e-17 0.22075
190 0.26 -2.77555756156e-17 0.215
