0 0.26 0.0 0.0633333333333
1 0.26 0.0 0.0875
2 0.26 0.0 0.10625
3 0.26 0.0 0.09375
4 0.26 0.0 0.0875
5 0.26 0.0 0.075
6 0.26 0.0 0.0625
7 0.26 0.0 0.05625
8 0.26 0.0 0.04375
9 0.26 0.0 0.03125
10 0.26 0.0 0.01875
11 0.26 0.0 0.00625
12 0.26 0.0 0.0
13 0.26 0.0 0.0
14 0.26 0.05 0.0
15 0.26 0.1 0.0
16 0.26 0.1 0.0
17 0.26 0.2 0.0
18 0.26 0.2 0.00625
19 0.26 0.3 0.05625
20 0.26 0.3 0.1125
21 0.26 0.4 0.19375
22 0.26 0.45 0.29375
23 0.26 0.5 0.4125
24 0.26 0.55 0.55
25 0.26 0.6 0.7
26 0.26 0.6 0.5625
27 0.26 0.6 0.40625
28 0.26 0.6 0.24375
29 0.26 0.6 0.09375
30 0.26 0.6 0.0
31 0.0 0.0 0.0
32 0.0 0.0 0.0
33 0.0 0.0 0.0
34 0.005 0.0 0.0
35 0.01 0.0 0.0
36 0.01 0.0 0.0
37 0.02 0.0 0.0
38 0.05 0.0 0.0
39 0.075 0.0 0.0
40 0.1 0.0 0.0
41 0.13 0.0 0.0
42 0.16 0.0 0.0
43 0.19 0.0 0.0
44 0.22 0.0 0.0
45 0.245 0.0 0.0
46 0.26 0.0 0.0
47 0.26 0.0 0.0
48 0.26 -0.05 0.0
49 0.26 -0.1 0.0
50 0.26 -0.15 0.0
51 0.26 -0.2 0.0
52 0.26 -0.2 0.0
53 0.26 -0.3 0.0
54 0.26 -0.3 0.0
55 0.26 -0.3 0.05
56 0.26 -0.3 0.125
57 0.26 -0.3 0.2
58 0.26 -0.3 0.26875
59 0.26 -0.3 0.3375
60 0.26 -0.3 0.40625
61 0.26 -0.3 0.475
62 0.26 -0.3 0.54375
63 0.26 -0.3 0.6125
64 0.26 -0.3 0.68125
65 0.26 -0.3 0.75
66 0.0 0.0 0.75
67 0.0 0.0 0.75
68 0.0 0.0 0.75
69 0.0 0.0 0.75
70 0.005 0.0 0.75
71 0.01 0.0 0.75
72 0.01 0.0 0.75
73 0.02 0.0 0.63125
74 0.02 0.1 0.525
75 0.02 0.1 0.49375
76 0.02 0.1 0.51875
77 0.02 0.1 0.54375
78 0.02 0.1 0.575
79 0.02 0.1 0.6
80 0.02 0.1 0.63125
81 0.02 0.1 0.657916666667
82 0.02 0.1 0.6875
83 0.02 0.1 0.71875
84 0.02 0.1 0.75
85 0.02 0.1 0.75
86 0.02 0.15 0.75
87 0.02 0.2 0.75
88 0.02 0.2 0.75
89 0.02 0.2 0.75
90 0.02 0.2 0.75
91 0.02 0.2 0.75
92 0.02 0.2 0.75
93 0.02 0.2 0.75
94 0.02 0.2 0.75
95 0.025 0.2 0.75
96 0.03 0.2 0.75
97 0.03 0.2 0.75
98 0.03 0.2 0.75
99 0.06 0.2 0.75
100 0.085 0.2 0.75
101 0.11 0.2 0.75
102 0.14 0.2 0.75
103 0.165 0.2 0.75
104 0.19 0.2 0.75
105 0.215 0.2 0.75
106 0.225 0.2 0.75
107 0.235 0.2 0.75
108 0.24 0.15 0.75
109 0.25 0.05 0.73125
