0 0.26 0.0 0.75
1 0.26 0.0 0.0
2 0.26 0.0 0.0
3 0.26 0.0 0.0
4 0.26 0.0 0.0
5 0.26 0.0 0.0
6 0.26 0.0 0.0
7 0.26 0.0 0.0
8 0.26 0.0 0.0
9 0.26 0.0 0.0
10 0.26 0.0 0.0
11 0.26 0.0 0.0
12 0.26 0.0 0.0
13 0.26 0.0 0.0
14 0.26 0.0 0.0
15 0.26 0.0 0.0
16 0.26 0.0 0.0
17 0.26 0.0 0.0
18 0.26 0.0 0.0
19 0.26 0.0 0.0
20 0.26 0.0 0.0
21 0.26 0.0 0.0
22 0.26 0.0 0.0
23 0.26 0.0 0.0
24 0.26 0.0 0.0
25 0.26 0.0 0.0
26 0.26 0.0 0.0
27 0.26 0.0 0.0
28 0.26 0.0 0.0
29 0.26 0.0 0.0
30 0.26 0.0 0.0
31 0.26 0.0 0.0
32 0.26 0.0 0.0
33 0.26 0.0 0.0
34 0.26 0.0 0.0
35 0.26 0.0 0.0
36 0.26 0.0 0.0
37 0.26 0.0 0.0
38 0.26 0.0 0.0
39 0.26 0.0 0.0
40 0.26 0.0 0.0
41 0.26 0.0 0.0
42 0.26 0.0 0.0
43 0.26 0.0 0.0
44 0.26 0.0 0.0
45 0.26 0.0 0.0
46 0.26 0.0 0.0
47 0.26 0.0 0.0
48 0.26 0.0 0.0
49 0.26 0.0 0.0
50 0.26 0.0 0.0
51 0.26 0.0 0.0
52 0.26 0.0 0.0
53 0.26 0.0 0.0
54 0.26 0.0 0.0
55 0.26 0.0 0.0
56 0.26 0.05 0.0
57 0.26 0.1 0.0
58 0.26 0.1 0.0
59 0.26 0.1 0.0
60 0.26 0.1 0.0
61 0.26 0.15 0.0
62 0.26 0.35 0.0
63 0.26 0.5 0.0
64 0.26 0.65 0.0
65 0.26 0.8 0.0
66 0.26 0.95 0.0
67 0.26 1.1 0.0
68 0.26 1.25 0.175
69 0.26 1.3 0.325
70 0.26 1.35 0.368166666667
71 0.26 1.4 0.330916666667
72 0.26 1.45 0.216666666667
73 0.26 1.5 0.0583333333333
74 0.26 1.55 0.1495
75 0.26 1.6 0.24375
76 0.26 1.6 0.25625
77 0.26 1.65 0.06875
78 0.0 0.0 0.0
79 0.0 0.0 0.0
80 0.0 0.0 0.0
81 0.0 0.0 0.0
82 0.0 -0.05 0.0
83 0.0 -0.1 0.0
84 0.0 -0.1 0.0
85 0.0 -0.1 0.0
86 0.0 -0.1 0.0
87 0.0 -0.15 0.0
88 0.0 -0.3 0.0
89 0.0 -0.45 0.0
90 0.0 -0.65 0.0
91 0.0 -0.8 0.0
92 0.0 -0.95 0.0
93 0.0 -1.1 0.0
94 0.0 -1.25 0.0
95 0.0 -1.35 0.0
96 0.0 -1.4 0.0
97 0.0 -1.45 0.0
98 0.0 -1.5 0.0
99 0.0 -1.55 0.0
100 0.0 0.0 0.0
101 0.0 0.0 0.0125
102 0.0 0.0 0.0625
103 0.0 0.0 0.0625
104 0.005 0.0 0.0625
105 0.01 0.0 0.0625
106 0.01 0.0 0.0625
107 0.01 0.0 0.0625
108 0.01 0.0 0.0625
109 0.02 0.0 0.0625
110 0.035 0.0 0.0625
111 0.055 0.0 0.06875
112 0.07 0.0 0.06875
113 0.085 0.0 0.06875
114 0.105 0.0 0.06875
115 0.12 0.0 0.06875
116 0.135 0.0 0.06875
117 0.155 0.0 0.0625
118 0.17 0.0 0.0625
119 0.185 0.0 0.06875
120 0.205 0.0 0.06875
121 0.22 0.0 0.06875
122 0.235 0.0 0.075
123 0.255 0.0 0.075
124 0.26 0.0 0.06875
125 0.26 0.0 0.06875
126 0.26 0.0 0.06875
127 0.26 0.0 0.0625
128 0.26 0.0 0.05625
129 0.26 0.0 0.05625
130 0.26 0.0 0.05
131 0.26 0.0 0.05
132 0.26 0.0 0.04375
133 0.26 0.0 0.04375
134 0.26 0.0 0.0375
135 0.26 0.0 0.03125
136 0.26 0.0 0.03125
137 0.26 0.0 0.025
138 0.26 0.0 0.01875
139 0.26 0.0 0.0125
140 0.26 0.0 0.00625
141 0.26 0.0 0.00625
142 0.26 0.0 0.0
143 0.26 0.0 0.0
144 0.26 0.0 0.0
145 0.26 0.0 0.0
146 0.26 0.0 0.0
147 0.26 0.0 0.0
148 0.26 -0.05 0.0
149 0.26 -0.1 0.0
150 0.26 -0.1 0.0
151 0.26 -0.1 0.0
152 0.26 -0.1 0.0
153 0.26 -0.1 0.0
154 0.26 -0.25 0.0
155 0.26 -0.4 0.00625
156 0.26 -0.55 0.0375
157 0.26 -0.75 0.1125
158 0.26 -0.95 0.2125
159 0.26 -1.1 0.4
160 0.26 -1.15 0.55625
161 0.26 -1.2 0.74375
162 0.26 -1.25 0.75
163 0.26 -1.3 0.75
164 0.26 -1.35 0.75
165 0.0 0.0 0.75
166 0.0 0.0 0.75
167 0.0 0.0 0.75
168 0.0 0.0 0.75
169 0.0 0.0 0.75
170 0.005 0.0 0.75
171 0.01 0.0 0.75
172 0.01 0.0 0.75
173 0.01 0.0 0.75
174 0.01 0.0 0.75
175 0.01 0.0 0.75
176 0.015 0.0 0.75
177 0.02 0.0 0.75
178 0.02 0.0 0.75
179 0.02 0.05 0.75
180 0.02 0.1 0.75
