0 0.215 0.0 0.0
1 0.225 0.0 0.0
2 0.235 0.0 0.0
3 0.24 0.0 0.0
4 0.25 0.0 0.0
5 0.26 0.0 0.0
6 0.26 0.05 0.0
7 0.26 0.1 0.0
8 0.26 0.15 0.0
9 0.26 0.2 0.0
10 0.26 0.3 0.0
11 0.26 0.35 0.0
12 0.26 0.4 0.0
13 0.26 0.4 0.0
14 0.26 0.4 0.0
15 0.26 0.4 0.06875
16 0.26 0.4 0.175
17 0.26 0.4 0.2875
18 0.26 0.4 0.41875
19 0.26 0.4 0.53125
20 0.26 0.4 0.589583333333
21 0.0 0.0 0.6
22 0.0 0.0 0.43125
23 0.0 0.0 0.156083333333
24 0.0 0.0 0.0
25 0.01 0.0 0.0
26 0.01 0.0 0.0
27 0.015 0.0 0.0
28 0.045 0.0 0.0
29 0.075 0.0 0.0
30 0.1 0.0 0.0
31 0.13 0.0 0.0
32 0.16 0.0 0.0
33 0.19 0.0 0.0
34 0.22 0.0 0.0
35 0.25 0.0 0.0
36 0.26 0.0 0.0
37 0.26 0.0 0.0
38 0.26 0.0 0.0
39 0.26 0.0 0.0
40 0.26 0.0 0.0
41 0.26 0.0 0.0
42 0.26 -0.1 0.0
43 0.26 -0.1 0.0
44 0.26 -0.1 0.0
45 0.26 -0.1 0.0
46 0.26 -0.1 0.0
47 0.26 -0.1 0.0
48 0.26 -0.1 0.0
49 0.26 -0.1 0.0
50 0.26 -0.1 0.0
51 0.26 -0.1 0.0
52 0.26 -0.1 0.0
53 0.26 -0.1 0.0
54 0.26 -0.1 0.0
55 0.26 -0.1 0.0
56 0.26 -0.1 0.0
57 0.26 -0.1 0.0
58 0.26 -0.1 0.0
59 0.26 -0.1 0.0
60 0.26 -0.1 0.0
61 0.26 -0.1 0.0
62 0.26 -0.1 0.0
63 0.26 -0.1 0.0
64 0.26 -0.1 0.0
65 0.26 -0.1 0.0
66 0.26 -0.1 0.0
67 0.26 -0.1 0.0
68 0.26 -0.1 0.0
69 0.26 -0.1 0.0
70 0.26 -0.1 0.0
71 0.26 -0.1 0.0
72 0.26 -0.1 0.0
73 0.26 -0.1 0.0
74 0.26 -0.1 0.0
75 0.26 -0.1 0.0
76 0.26 -0.1 0.0
77 0.26 -0.1 0.0
78 0.26 -0.1 0.0
79 0.26 -0.1 0.0
80 0.26 -0.1 0.0
81 0.26 -0.1 0.0
82 0.26 -0.1 0.0
83 0.26 -0.1 0.0
84 0.26 -0.1 0.0
85 0.26 -0.1 0.0
86 0.26 -0.1 0.0
87 0.26 -0.1 0.0
88 0.26 -0.1 0.0
89 0.26 -0.1 0.0
90 0.26 -0.1 0.0
91 0.26 -0.1 0.0
92 0.26 -0.1 0.0
93 0.26 -0.1 0.0
94 0.26 -0.1 0.0
95 0.26 -0.1 0.0
96 0.26 -0.1 0.0
97 0.26 -0.1 0.0
98 0.26 -0.1 0.0
99 0.26 -0.1 0.0
100 0.26 -0.1 0.0
101 0.26 -0.1 0.0
102 0.26 -0.1 0.0
103 0.26 -0.1 0.0
104 0.26 -0.2 0.0
105 0.26 -0.2 0.0
106 0.26 -0.2 0.0
107 0.26 -0.2 0.0
108 0.26 -0.2 0.0
109 0.26 -0.2 0.0
110 0.26 -0.2 0.0
111 0.26 -0.2 0.0
112 0.26 -0.2 0.0
113 0.26 -0.2 0.0
114 0.26 -0.2 0.0
115 0.26 -0.2 0.0
116 0.26 -0.15 0.0
117 0.26 -0.1 0.0
118 0.26 -0.1 0.0
119 0.26 -0.1 0.0
120 0.26 -0.1 0.0
121 0.26 -0.1 0.0
122 0.26 0.0 0.0
123 0.26 0.0 0.0
124 0.26 0.0 0.0
125 0.26 0.0 0.0
126 0.26 0.0 0.0
127 0.26 0.0 0.0
128 0.26 0.0 0.0
129 0.26 0.0 0.0
130 0.26 0.0 0.0
131 0.26 0.0 0.0
132 0.26 0.0 0.0
133 0.26 0.0 0.0
134 0.26 0.0 0.0
135 0.26 0.0 0.0
136 0.26 0.0 0.0
137 0.26 0.0 0.0
138 0.26 -0.1 0.0
139 0.26 -0.1 0.0
140 0.26 -0.1 0.0
141 0.26 -0.2 0.0
142 0.26 -0.2 0.0
143 0.26 -0.2 0.0
144 0.26 -0.2 0.0
145 0.26 -0.2 0.0
146 0.26 -0.2 0.0
147 0.26 -0.2 0.0
148 0.26 -0.2 0.0
149 0.26 -0.2 0.0
150 0.26 -0.2 0.0
151 0.26 -0.2 0.0
152 0.26 -0.2 0.0
153 0.26 -0.2 0.0
154 0.26 -0.2 0.0
155 0.26 -0.2 0.0
156 0.26 -0.2 0.0
157 0.26 -0.2 0.0
158 0.26 -0.2 0.0
159 0.26 -0.2 0.0
160 0.26 -0.2 0.0
161 0.26 -0.2 0.025
162 0.26 -0.2 0.075
163 0.26 -0.25 0.0856666666667
164 0.26 -0.3 0.0900833333333
165 0.26 -0.3 0.0944166666667
166 0.26 -0.3 0.09325
167 0.26 -0.3 0.0835
168 0.26 -0.3 0.0706666666667
169 0.26 -0.3 0.0543333333333
170 0.26 -0.3 0.0349166666667
171 0.26 -0.3 0.0193333333333
172 0.26 -0.3 0.00208333333333
173 0.26 -0.3 0.0
174 0.26 -0.3 0.0
175 0.26 -0.3 0.0
176 0.26 -0.3 0.0
177 0.26 -0.3 0.0
178 0.26 -0.3 0.0
179 0.0 0.0 0.0
180 0.0 0.0 0.0
181 0.0 0.0 0.0
182 0.01 0.0 0.0
183 0.01 0.0 0.0
184 0.01 0.0 0.0
185 0.035 0.0 0.0
186 0.065 0.0 0.0
187 0.095 0.0 0.0
188 0.12 0.0 0.0
189 0.15 0.0 0.0
190 0.18 0.0 0.0
191 0.195 0.0 0.0
192 0.205 0.0 0.0
193 0.215 0.0 0.0
194 0.22 0.0 0.0
195 0.23 0.0 0.0
196 0.24 0.0 0.0
197 0.245 0.0 0.0
198 0.255 0.0 0.0
199 0.26 0.0 0.0
200 0.26 0.0 0.0
201 0.26 0.0 0.0
202 0.26 0.0 0.0
203 0.26 0.0 0.0
204 0.26 0.0 0.0
205 0.26 0.0 0.0
206 0.26 0.0 0.0
207 0.26 0.0 0.0
208 0.26 0.0 0.0
209 0.26 0.0 0.0
210 0.26 0.0 0.0
211 0.26 0.0 0.0
212 0.26 0.0 0.0
213 0.26 0.0 0.0
214 0.26 0.0 0.0
215 0.26 0.0 0.0
216 0.26 0.0 0.0
217 0.26 0.0 0.0
218 0.26 0.0 0.0
219 0.26 0.0 0.0
220 0.26 0.0 0.0
221 0.26 0.0 0.0
222 0.26 0.0 0.0
223 0.26 0.0 0.0
224 0.26 0.0 0.0
225 0.26 0.0 0.0
226 0.26 0.0 0.0
227 0.26 0.0 0.0
228 0.26 0.0 0.0
229 0.26 0.0 0.0
230 0.26 0.0 0.0
231 0.26 -0.05 0.0
232 0.26 -0.1 0.0
233 0.26 -0.1 0.0
234 0.26 -0.1 0.0
235 0.26 -0.1 0.0
236 0.26 -0.1 0.0
237 0.26 -0.1 0.0
238 0.26 -0.2 0.0
239 0.26 -0.2 0.0
240 0.26 -0.2 0.0
241 0.26 -0.2 0.0
242 0.26 -0.2 0.0
243 0.26 -0.2 0.0
244 0.26 -0.2 0.0
245 0.26 -0.2 0.0
246 0.26 -0.2 0.0
247 0.26 -0.2 0.0
248 0.26 -0.2 0.0
249 0.26 -0.25 0.0
250 0.26 -0.3 0.0
251 0.26 -0.3 0.0
252 0.26 -0.3 0.0
253 0.26 -0.3 0.0
254 0.26 -0.3 0.0
255 0.26 -0.3 0.0
256 0.26 -0.3 0.0379166666667
257 0.26 -0.3 0.13125
258 0.26 -0.3 0.183333333333
259 0.26 -0.3 0.181916666667
260 0.26 -0.3 0.186833333333
261 0.26 -0.3 0.258916666667
262 0.26 -0.3 0.3285
263 0.26 -0.3 0.396416666667
264 0.26 -0.3 0.487333333333
265 0.26 -0.3 0.542083333333
266 0.26 -0.3 0.535166666667
267 0.26 -0.3 0.578416666667
268 0.0 0.0 0.60275
269 0.0 0.0 0.620333333333
270 0.0 0.0 0.5865
271 0.005 0.0 0.556666666667
272 0.01 0.0 0.532166666667
273 0.01 0.0 0.5085
274 0.015 0.0 0.489583333333
275 0.04 0.0 0.489083333333
276 0.07 0.0 0.493916666667
277 0.1 0.0 0.52225
278 0.125 0.0 0.536083333333
279 0.155 0.0 0.539416666667
280 0.17 0.0 0.533916666667
281 0.18 0.0 0.532666666667
282 0.19 0.0 0.526916666667
283 0.195 0.0 0.525583333333
284 0.205 0.0 0.523916666667
285 0.215 0.0 0.517083333333
286 0.22 0.0 0.515833333333
287 0.23 0.0 0.513833333333
288 0.24 0.0 0.512
289 0.245 0.0 0.51
290 0.255 0.0 0.50325
291 0.26 0.0 0.50125
292 0.26 0.0 0.498583333333
293 0.26 0.0 0.496333333333
294 0.26 0.0 0.494
295 0.26 0.0 0.491166666667
296 0.26 0.0 0.471916666667
297 0.26 0.0 0.374333333333
298 0.26 0.0 0.295
299 0.26 0.0 0.215
300 0.26 0.0 0.133166666667
301 0.26 0.0 0.0544166666667
302 0.26 0.0 0.00983333333333
303 0.26 0.0 0.00525
304 0.26 0.0 0.00225
305 0.26 0.0 0.0005
306 0.26 0.0 0.0
307 0.26 0.0 0.0
308 0.26 0.0 0.0
309 0.26 0.0 0.0
310 0.26 0.0 0.0
311 0.26 0.0 0.0
312 0.26 0.0 0.0
313 0.26 0.0 0.0
314 0.26 0.0 0.0
315 0.26 0.0 0.0
316 0.26 0.0 0.0
317 0.26 0.0 0.0
318 0.26 0.0 0.0
319 0.26 0.0 0.0
320 0.26 0.0 0.0
321 0.26 0.0 0.0
322 0.26 0.0 0.0
323 0.26 0.0 0.0
324 0.26 0.0 0.0
325 0.26 0.0 0.0
326 0.26 0.0 0.0
327 0.26 0.0 0.0
328 0.26 0.0 0.0
329 0.26 0.0 0.0
330 0.26 0.0 0.0
331 0.26 0.0 0.0
332 0.26 0.0 0.0
333 0.26 0.0 0.0
334 0.26 0.0 0.0
335 0.26 0.0 0.0
336 0.26 0.0 0.0
337 0.26 0.0 0.0
338 0.26 0.0 0.0
339 0.26 0.0 0.0
340 0.26 0.0 0.0
341 0.26 0.0 0.0
342 0.26 0.0 0.0
343 0.26 0.0 0.0
344 0.26 0.0 0.0
345 0.26 0.0 0.0
346 0.26 0.0 0.0
347 0.26 0.0 0.0
348 0.26 0.0 0.0
349 0.26 0.0 0.0
350 0.26 0.0 0.0
