0 0.26 0.0 0.0
1 0.26 0.0 0.0
2 0.26 0.0 0.0
3 0.26 0.0 0.0
4 0.26 0.0 0.0
5 0.26 0.0 0.0
6 0.26 0.0 0.0
7 0.26 0.0 0.0
8 0.26 0.0 0.0
9 0.26 0.0 0.0
10 0.26 -0.05 0.0
11 0.26 -0.1 0.0
12 0.26 -0.2 0.0
13 0.26 -0.3 0.0
14 0.26 -0.4 0.0
15 0.26 -0.45 0.0
16 0.26 -0.5 0.0
17 0.26 -0.5 0.0
18 0.26 -0.5 0.00625
19 0.26 -0.5 0.1
20 0.26 -0.5 0.1125
21 0.26 -0.5 0.11875
22 0.26 -0.5 0.1375
23 0.26 -0.5 0.03125
24 0.26 -0.5 0.0
25 0.0 0.0 0.0
26 0.0 0.0 0.0
27 0.0 0.0 0.0
28 0.0 0.0 0.0
29 0.01 0.0 0.0
30 0.01 0.0 0.0
31 0.01 0.0 0.0
32 0.035 0.0 0.0
33 0.06 0.0 0.0
34 0.085 0.0 0.0
35 0.115 0.0 0.0
36 0.145 0.0 0.0
37 0.17 0.0 0.0
38 0.195 0.0 0.0
39 0.225 0.0 0.0
40 0.255 0.0 0.0
41 0.26 0.0 0.0
42 0.26 0.0 0.0
43 0.26 0.0 0.0
44 0.26 0.0 0.0
45 0.26 0.0 0.0
46 0.26 0.0 0.0
47 0.26 0.0 0.0
48 0.26 0.1 0.0
49 0.26 0.15 0.0
50 0.26 0.2 0.0
51 0.26 0.3 0.0
52 0.26 0.35 0.0
53 0.26 0.4 0.0
54 0.26 0.5 0.0
55 0.26 0.5 0.0
56 0.26 0.5 0.0
57 0.26 0.5 0.1125
58 0.26 0.5 0.249416666667
59 0.26 0.5 0.3125
60 0.26 0.5 0.30625
61 0.26 0.5 0.3
62 0.26 0.5 0.23125
63 0.26 0.5 0.10625
64 0.0 0.0 0.0
65 0.0 0.0 0.1125
66 0.0 0.0 0.13125
67 0.0 0.0 0.1125
68 0.01 0.0 0.1125
69 0.01 0.0 0.1125
70 0.01 0.0 0.1125
71 0.04 0.0 0.1125
72 0.07 0.0 0.1125
73 0.1 0.0 0.11875
74 0.125 0.0 0.1125
75 0.15 0.0 0.1125
76 0.18 0.0 0.10625
77 0.21 0.0 0.1
78 0.24 0.0 0.10625
79 0.26 0.0 0.1
80 0.26 0.0 0.1
81 0.26 0.0 0.09375
82 0.26 0.0 0.0875
83 0.26 0.0 0.08125
84 0.26 0.0 0.075
85 0.26 0.0 0.06875
86 0.26 0.0 0.0625
87 0.26 0.0 0.05625
88 0.26 0.0 0.05
89 0.26 0.0 0.04375
90 0.26 0.0 0.0375
91 0.26 0.0 0.025
92 0.26 0.0 0.01875
93 0.26 0.0 0.0125
94 0.26 0.0 0.00625
95 0.26 0.0 0.0
96 0.26 0.0 0.0
97 0.26 0.0 0.0
98 0.26 0.0 0.0
99 0.26 0.0 0.0
100 0.26 0.0 0.0
101 0.26 0.0 0.0
102 0.26 0.0 0.0
103 0.26 0.0 0.0
104 0.26 0.0 0.0
105 0.26 0.0 0.0
106 0.26 0.0 0.0
107 0.26 0.0 0.0
108 0.26 0.0 0.0
109 0.26 0.0 0.0
110 0.26 0.0 0.0
111 0.26 0.0 0.0
112 0.26 0.0 0.0
113 0.26 0.0 0.0
114 0.26 0.0 0.0
115 0.26 0.0 0.0
116 0.26 0.0 0.0
117 0.26 0.05 0.0
118 0.26 0.15 0.0
119 0.26 0.2 0.0
120 0.26 0.3 0.0
121 0.26 0.35 0.0
122 0.26 0.4 0.0
123 0.26 0.45 0.0
124 0.26 0.5 0.0
125 0.26 0.5 0.0
126 0.26 0.5 0.0
127 0.26 0.5 0.0
128 0.26 0.5 0.0
129 0.0 0.0 0.0
130 0.0 0.0 0.0
131 0.0 0.0 0.0
132 0.005 0.0 0.0
133 0.01 0.0 0.0
134 0.01 0.0 0.0
135 0.02 0.0 0.0
136 0.05 0.0 0.0
137 0.08 0.0 0.0
138 0.11 0.0 0.0
139 0.135 0.0 0.0
140 0.165 0.0 0.0
141 0.195 0.0 0.0
142 0.225 0.0 0.0
143 0.255 0.0 0.0
144 0.26 0.0 0.0
145 0.26 0.0 0.0
146 0.26 0.0 0.0
147 0.26 0.0 0.0
148 0.26 0.0 0.0
149 0.26 0.0 0.0
150 0.26 0.0 0.0
151 0.26 0.0 0.0
152 0.26 0.0 0.0
153 0.26 0.0 0.0
154 0.26 0.0 0.0
155 0.26 0.0 0.0
156 0.26 0.0 0.0
157 0.26 0.0 0.0
158 0.26 -0.05 0.0
159 0.26 -0.1 0.0
160 0.26 -0.15 0.0
161 0.26 -0.2 0.0
162 0.26 -0.3 0.0
163 0.26 -0.35 0.0
164 0.26 -0.4 0.0
165 0.26 -0.5 0.0
166 0.26 -0.5 0.0
167 0.26 -0.5 0.0
168 0.26 -0.5 0.0
169 0.26 -0.5 0.13125
170 0.26 -0.5 0.2625
171 0.0 0.0 0.41875
172 0.0 0.0 0.5625
173 0.0 0.0 0.63125
174 0.005 0.0 0.63125
175 0.01 0.0 0.63125
176 0.01 0.0 0.63125
177 0.025 0.0 0.63125
178 0.055 0.0 0.63125
179 0.08 0.0 0.63125
180 0.11 0.0 0.63125
181 0.14 0.0 0.6375
182 0.155 0.0 0.63125
183 0.16 0.0 0.63125
184 0.17 0.0 0.6375
185 0.18 0.0 0.6375
186 0.19 0.0 0.6375
187 0.195 0.0 0.64375
188 0.205 0.0 0.64375
189 0.215 0.0 0.64375
190 0.225 0.0 0.65
191 0.23 0.0 0.65
192 0.24 0.0 0.65
193 0.25 0.0 0.65625
194 0.26 0.0 0.6615
195 0.26 0.0 0.6625
196 0.26 0.0 0.66875
197 0.26 0.0 0.675
