0 0.26 0.0 0.0
1 0.26 0.0 0.0
2 0.26 0.0 0.0
3 0.26 0.0 0.0
4 0.26 0.0 0.0
5 0.26 0.0 0.0
6 0.26 0.0 0.0
7 0.26 0.0 0.0
8 0.26 0.0 0.0
9 0.26 0.0 0.0
10 0.26 0.0 0.0
11 0.26 0.05 0.0
12 0.26 0.1 0.0
13 0.26 0.2 0.0
14 0.26 0.2 0.0
15 0.26 0.3 0.0
16 0.26 0.55 0.0
17 0.26 0.85 0.0
18 0.26 1.05 0.0
19 0.26 1.15 0.03125
20 0.26 1.2 0.41875
21 0.26 1.3 0.575
22 0.26 1.4 0.40625
23 0.0 0.0 0.0
24 0.0 0.0 0.0
25 0.0 0.0 0.0
26 0.005 0.0 0.0
27 0.01 0.0 0.0
28 0.01 0.0 0.0
29 0.035 0.0 0.0
30 0.065 0.0 0.0
31 0.1 0.0 0.0
32 0.12 -0.05 0.0
33 0.125 -0.1 0.0
34 0.135 -0.1 0.0
35 0.145 -0.1 0.0
36 0.155 -0.1 0.0
37 0.17 -0.2 0.0
38 0.18 -0.2 0.0
39 0.19 -0.2 0.0
40 0.2 -0.2 0.0
41 0.21 -0.2 0.0
42 0.22 -0.2 0.0
43 0.23 -0.2 0.0
44 0.245 -0.2 0.0
45 0.26 -0.2 0.0
46 0.26 -0.2 0.0
47 0.26 -0.2 0.0
48 0.26 -0.25 0.0
49 0.26 -0.3 0.0
50 0.26 -0.3 0.0
51 0.26 -0.3 0.0
52 0.26 -0.3 0.0
53 0.26 -0.3 0.0
54 0.26 -0.3 0.0
55 0.26 -0.3 0.0
56 0.26 -0.3 0.0
57 0.26 -0.3 0.0
58 0.26 -0.3 0.0268333333333
59 0.26 -0.2 0.0273333333333
60 0.26 -0.2 0.0205
61 0.26 -0.2 0.00841666666667
62 0.26 -0.2 0.00291666666667
63 0.26 -0.2 0.00483333333333
64 0.26 -0.2 0.0668333333333
65 0.26 -0.2 0.13425
66 0.26 -0.2 0.1775
67 0.26 -0.2 0.27
68 0.26 -0.2 0.331916666667
69 0.26 -0.2 0.381583333333
70 0.26 -0.2 0.45
71 0.26 -0.2 0.51875
72 0.26 -0.2 0.538333333333
73 0.26 -0.2 0.56075
74 0.26 -0.2 0.57275
75 0.26 -0.2 0.53525
76 0.26 -0.2 0.4775
77 0.26 -0.2 0.383166666667
78 0.26 -0.2 0.312083333333
79 0.26 -0.2 0.241166666667
80 0.26 -0.2 0.104333333333
81 0.26 -0.2 0.0
82 0.26 -0.2 0.0
83 0.26 -0.2 0.0
84 0.26 -0.2 0.0
85 0.26 -0.2 0.0
86 0.26 -0.2 0.0
87 0.26 -0.2 0.0
88 0.26 -0.2 0.0
89 0.26 -0.2 0.0
90 0.26 -0.2 0.0
91 0.26 -0.2 0.0
92 0.0 0.0 0.0
93 0.0 0.0 0.0416666666667
94 0.0 0.0 0.133333333333
95 0.0 0.0 0.129166666667
96 0.0 0.0 0.130083333333
97 0.0 0.0 0.130833333333
98 -0.01 0.0 0.131416666667
99 -0.01 0.0 0.124
100 -0.01 0.0 0.108333333333
101 -0.045 0.0 0.0916666666667
102 -0.08 0.0 0.025
103 -0.09 0.0 0.0
104 -0.1 0.1 0.0
105 -0.11 0.1 0.0
106 -0.125 0.2 0.0
107 -0.155 0.5 0.0
108 -0.16 0.8 0.0
109 -0.16 1.15 0.0
110 -0.16 1.3 0.0
111 -0.16 1.4 0.0
112 -0.16 1.5 0.294583333333
113 0.0 0.0 0.1875
114 0.0 0.0 0.0
115 0.005 0.0 0.0
116 0.01 0.0 0.0
117 0.015 0.0 0.0
118 0.05 0.0 0.0
119 0.085 0.0 0.0
120 0.115 0.0 0.0
121 0.14 0.0 0.0
122 0.175 0.0 0.0
123 0.195 -0.1 0.0
124 0.205 -0.2 0.0
125 0.215 -0.25 0.0
126 0.225 -0.3 0.0
127 0.235 -0.4 0.0
128 0.25 -0.5 0.0
129 0.26 -0.5 0.0
130 0.26 -0.5 0.0
131 0.26 -0.5 0.0
132 0.26 -0.5 0.0
133 0.26 -0.5 0.0
134 0.26 -0.5 0.0
135 0.26 -0.5 0.0
136 0.26 -0.5 0.0
137 0.26 -0.5 0.0
138 0.26 -0.5 0.0
139 0.26 -0.5 0.0
140 0.26 -0.5 0.0
141 0.26 -0.5 0.0
142 0.26 -0.4 0.0
143 0.26 -0.3 0.0
144 0.26 -0.3 0.0
145 0.26 -0.3 0.0
146 0.26 -0.3 0.0
147 0.26 -0.3 0.0
148 0.26 -0.3 0.0
149 0.26 -0.3 0.0
150 0.26 -0.3 0.0
151 0.26 -0.2 0.0
152 0.26 -0.2 0.0
153 0.26 -0.2 0.0
154 0.26 -0.2 0.0
155 0.26 -0.2 0.0
156 0.26 -0.2 0.0
157 0.26 -0.2 0.0
158 0.26 -0.15 0.0
159 0.26 -0.1 0.0
160 0.26 -0.1 0.0
161 0.26 -0.1 0.0
162 0.26 -0.1 0.0
163 0.26 -2.77555756156e-17 0.0
164 0.26 -2.77555756156e-17 0.0
165 0.26 -2.77555756156e-17 0.0
166 0.26 -2.77555756156e-17 0.0
167 0.26 -2.77555756156e-17 0.0
168 0.26 -2.77555756156e-17 0.0
169 0.26 0.1 0.0
170 0.26 0.1 0.0
171 0.26 0.1 0.0
172 0.26 0.1 0.0
173 0.26 0.1 0.0
174 0.26 0.1 0.0
175 0.26 0.1 0.0
176 0.0 0.0 0.0
177 0.0 0.0 0.0
178 0.0 0.0 0.0
179 0.0 0.0 0.0
180 0.0 0.0 0.0
181 0.0 0.0 0.0
182 0.0 0.0 0.0
183 0.0 0.0 0.0
184 0.0 -0.1 0.0
185 0.0 -0.1 0.0
186 0.0 -0.35 0.0
187 0.0 -0.8 0.0
188 0.0 -1.1 0.0
189 0.0 -1.2 0.0
190 0.0 0.0 0.0375
191 0.005 0.0 0.1245
192 0.01 0.0 0.124833333333
193 0.01 0.0 0.124333333333
194 0.03 0.0 0.1245
195 0.06 0.0 0.124416666667
196 0.095 0.0 0.119583333333
197 0.12 0.0 0.124833333333
198 0.15 0.0 0.127916666667
199 0.185 0.0 0.120166666667
200 0.22 0.0 0.105666666667
201 0.255 0.0 0.0946666666667
202 0.26 0.0 0.0859166666667
203 0.26 0.0 0.0715833333333
204 0.26 0.0 0.0628333333333
205 0.26 -0.05 0.0485
206 0.26 -0.1 0.02925
207 0.26 -0.2 0.0218333333333
208 0.26 -0.2 0.02025
209 0.26 -0.2 0.0163333333333
210 0.26 -0.2 0.01325
211 0.26 -0.2 0.00841666666667
212 0.26 -0.2 0.00466666666667
213 0.26 -0.2 0.00216666666667
214 0.26 -0.2 0.0
215 0.26 -0.2 0.0
216 0.26 -0.2 0.0
217 0.26 -0.2 0.0
218 0.26 -0.2 0.0
219 0.26 -0.2 0.0
220 0.26 -0.2 0.0
221 0.26 -0.2 0.0
222 0.26 -0.2 0.0
223 0.26 -0.2 0.0
224 0.26 -0.2 0.0
225 0.26 -0.2 0.0
226 0.0 0.0 0.0
227 0.0 0.0 0.0
228 0.0 0.05 0.0
229 0.0 0.1 0.0
230 0.0 0.1 0.0
231 0.01 0.1 0.0
232 0.01 0.1 0.0
233 0.025 0.1 0.0
234 0.065 0.1 0.0
235 0.1 0.1 0.0
236 0.13 0.1 0.0
237 0.155 0.1 0.0
238 0.185 0.1 0.0
239 0.215 0.1 0.0
240 0.24 0.1 0.0
241 0.26 0.1 0.0
242 0.26 0.1 0.0
243 0.26 0.05 0.0
244 0.26 0.0 0.0
245 0.26 0.0 0.0
246 0.26 -0.1 0.0
247 0.26 -0.1 0.0
248 0.26 -0.1 0.0
249 0.26 -0.1 0.0
250 0.26 -0.1 0.0
251 0.26 -0.1 0.0
252 0.26 -0.1 0.0
253 0.26 -0.1 0.0
254 0.26 -0.1 0.0
255 0.26 -0.1 0.0
256 0.26 -0.1 0.0
257 0.26 -0.1 0.0
258 0.26 -0.1 0.0
259 0.26 -0.1 0.0
260 0.26 -0.1 0.0
261 0.26 -0.1 0.0
262 0.26 -0.1 0.0
263 0.26 -0.1 0.0
264 0.26 -0.2 0.0
265 0.26 -0.2 0.0
266 0.26 -0.2 0.0
267 0.26 -0.2 0.0
268 0.26 -0.2 0.0
269 0.26 -0.2 0.0
270 0.26 -0.2 0.0
271 0.26 -0.2 0.0
272 0.26 -0.2 0.0
273 0.26 -0.2 0.0
274 0.26 -0.2 0.0
275 0.26 -0.2 0.0
276 0.26 -0.2 0.0
277 0.26 -0.2 0.0
278 0.26 -0.2 0.0
279 0.26 -0.2 0.0
280 0.26 -0.2 0.0
281 0.26 -0.2 0.0
282 0.26 -0.2 0.00758333333333
283 0.26 -0.2 0.08125
284 0.26 -0.2 0.13125
285 0.26 -0.2 0.159083333333
286 0.26 -0.2 0.158666666667
287 0.26 -0.2 0.15225
288 0.26 -0.2 0.153583333333
289 0.26 -0.2 0.180083333333
290 0.26 -0.2 0.235
291 0.26 -0.2 0.2725
292 0.26 -0.2 0.334166666667
293 0.26 -0.2 0.39
294 0.0 0.0 0.43375
295 0.0 0.0 0.490166666667
