0 0.26 0.0 0.264833333333
1 0.26 0.0 0.264583333333
2 0.26 0.0 0.265
3 0.26 0.0 0.265166666667
4 0.26 0.0 0.265166666667
5 0.26 0.0 0.265333333333
6 0.26 0.0 0.264666666667
7 0.26 0.0 0.26425
8 0.26 0.0 0.2635
9 0.26 0.0 0.263583333333
10 0.26 0.0 0.262083333333
11 0.26 0.0 0.261416666667
12 0.26 0.0 0.260833333333
13 0.26 0.0 0.260333333333
14 0.26 0.05 0.25875
15 0.26 0.1 0.259
16 0.26 0.15 0.25825
17 0.26 0.2 0.25675
18 0.26 0.2 0.256833333333
19 0.26 0.3 0.255583333333
20 0.26 0.3 0.256333333333
21 0.26 0.4 0.255833333333
22 0.26 0.4 0.255
23 0.26 0.4 0.2545
24 0.26 0.4 0.261166666667
25 0.26 0.4 0.2685
26 0.26 0.4 0.268666666667
27 0.26 0.4 0.269
28 0.26 0.4 0.269083333333
29 0.26 0.4 0.268833333333
30 0.26 0.4 0.268583333333
31 0.26 0.4 0.27825
32 0.26 0.4 0.28875
33 0.26 0.4 0.291666666667
34 0.26 0.4 0.291666666667
35 0.26 0.4 0.291666666667
36 0.26 0.4 0.291666666667
37 0.26 0.4 0.291666666667
38 0.26 0.4 0.291666666667
39 0.26 0.4 0.291666666667
40 0.26 0.4 0.291666666667
41 0.26 0.35 0.291666666667
42 0.26 0.3 0.291666666667
43 0.26 0.25 0.291666666667
44 0.26 0.2 0.291666666667
45 0.26 0.15 0.291666666667
46 0.26 0.1 0.291666666667
47 0.26 0.05 0.291666666667
48 0.26 2.77555756156e-17 0.291666666667
49 0.26 2.77555756156e-17 0.291666666667
50 0.26 2.77555756156e-17 0.291666666667
51 0.26 2.77555756156e-17 0.291666666667
52 0.26 2.77555756156e-17 0.291666666667
53 0.26 2.77555756156e-17 0.291666666667
54 0.26 2.77555756156e-17 0.291666666667
55 0.26 2.77555756156e-17 0.291666666667
56 0.26 2.77555756156e-17 0.291666666667
57 0.26 2.77555756156e-17 0.291666666667
58 0.26 2.77555756156e-17 0.291666666667
59 0.26 2.77555756156e-17 0.291666666667
60 0.26 0.05 0.291666666667
61 0.26 0.1 0.291666666667
62 0.26 0.1 0.291666666667
63 0.26 0.1 0.291666666667
64 0.26 0.1 0.291666666667
65 0.26 0.1 0.291666666667
66 0.26 0.1 0.291666666667
67 0.26 0.1 0.291666666667
68 0.26 0.1 0.291666666667
69 0.26 0.1 0.291666666667
70 0.26 0.1 0.291666666667
71 0.26 0.1 0.291666666667
72 0.26 2.77555756156e-17 0.291666666667
73 0.26 2.77555756156e-17 0.291666666667
74 0.26 2.77555756156e-17 0.291666666667
75 0.26 2.77555756156e-17 0.291666666667
76 0.26 2.77555756156e-17 0.291666666667
77 0.26 2.77555756156e-17 0.291666666667
78 0.26 2.77555756156e-17 0.291666666667
79 0.26 2.77555756156e-17 0.291666666667
80 0.26 2.77555756156e-17 0.291666666667
81 0.26 2.77555756156e-17 0.291666666667
82 0.26 2.77555756156e-17 0.291666666667
83 0.26 2.77555756156e-17 0.291666666667
84 0.26 2.77555756156e-17 0.291666666667
85 0.26 2.77555756156e-17 0.291666666667
86 0.26 2.77555756156e-17 0.291666666667
87 0.26 2.77555756156e-17 0.291666666667
88 0.26 2.77555756156e-17 0.291666666667
89 0.26 2.77555756156e-17 0.291666666667
90 0.26 2.77555756156e-17 0.291666666667
91 0.26 2.77555756156e-17 0.291666666667
92 0.26 2.77555756156e-17 0.291666666667
93 0.26 2.77555756156e-17 0.291666666667
94 0.26 2.77555756156e-17 0.291666666667
95 0.26 2.77555756156e-17 0.291666666667
96 0.26 2.77555756156e-17 0.291666666667
97 0.26 2.77555756156e-17 0.291666666667
98 0.26 2.77555756156e-17 0.291666666667
99 0.26 2.77555756156e-17 0.291666666667
100 0.26 2.77555756156e-17 0.291666666667
101 0.26 2.77555756156e-17 0.291666666667
102 0.26 2.77555756156e-17 0.291666666667
103 0.26 2.77555756156e-17 0.291666666667
104 0.26 2.77555756156e-17 0.291666666667
105 0.26 2.77555756156e-17 0.291666666667
106 0.26 2.77555756156e-17 0.291666666667
107 0.26 2.77555756156e-17 0.291666666667
108 0.26 2.77555756156e-17 0.291666666667
109 0.26 2.77555756156e-17 0.291666666667
110 0.26 2.77555756156e-17 0.291666666667
111 0.26 2.77555756156e-17 0.291666666667
112 0.26 2.77555756156e-17 0.291666666667
113 0.26 2.77555756156e-17 0.291666666667
114 0.26 2.77555756156e-17 0.291666666667
115 0.26 2.77555756156e-17 0.291666666667
116 0.26 2.77555756156e-17 0.291666666667
117 0.26 2.77555756156e-17 0.291666666667
118 0.26 2.77555756156e-17 0.291666666667
119 0.26 2.77555756156e-17 0.291666666667
120 0.26 2.77555756156e-17 0.291666666667
121 0.26 2.77555756156e-17 0.291666666667
122 0.26 2.77555756156e-17 0.291666666667
123 0.26 2.77555756156e-17 0.291666666667
124 0.26 2.77555756156e-17 0.291666666667
125 0.26 0.05 0.291666666667
126 0.26 0.1 0.291666666667
127 0.26 0.1 0.291666666667
128 0.26 0.1 0.291666666667
129 0.26 0.1 0.291666666667
130 0.26 0.1 0.291666666667
131 0.26 0.1 0.291666666667
132 0.26 0.1 0.291666666667
133 0.26 0.05 0.291666666667
134 0.26 2.77555756156e-17 0.291666666667
135 0.26 2.77555756156e-17 0.291666666667
136 0.26 2.77555756156e-17 0.291666666667
137 0.26 2.77555756156e-17 0.291666666667
138 0.26 2.77555756156e-17 0.291666666667
139 0.26 2.77555756156e-17 0.291666666667
140 0.26 2.77555756156e-17 0.291666666667
141 0.26 2.77555756156e-17 0.291666666667
142 0.26 2.77555756156e-17 0.291666666667
143 0.26 2.77555756156e-17 0.291666666667
144 0.26 2.77555756156e-17 0.291666666667
145 0.26 2.77555756156e-17 0.291666666667
146 0.26 2.77555756156e-17 0.291666666667
147 0.26 2.77555756156e-17 0.291666666667
148 0.26 2.77555756156e-17 0.291666666667
149 0.26 2.77555756156e-17 0.291666666667
150 0.26 2.77555756156e-17 0.291666666667
151 0.26 2.77555756156e-17 0.291666666667
152 0.26 2.77555756156e-17 0.291666666667
153 0.26 2.77555756156e-17 0.291666666667
154 0.26 2.77555756156e-17 0.291666666667
155 0.26 2.77555756156e-17 0.291666666667
156 0.26 2.77555756156e-17 0.291666666667
157 0.26 2.77555756156e-17 0.291666666667
158 0.26 2.77555756156e-17 0.291666666667
159 0.26 2.77555756156e-17 0.291666666667
160 0.26 2.77555756156e-17 0.291666666667
161 0.26 2.77555756156e-17 0.291666666667
162 0.26 2.77555756156e-17 0.291666666667
163 0.26 2.77555756156e-17 0.291666666667
164 0.26 2.77555756156e-17 0.291666666667
165 0.26 2.77555756156e-17 0.291666666667
166 0.26 2.77555756156e-17 0.291666666667
167 0.26 2.77555756156e-17 0.291666666667
168 0.26 2.77555756156e-17 0.291666666667
169 0.26 2.77555756156e-17 0.291666666667
170 0.26 2.77555756156e-17 0.291666666667
171 0.26 2.77555756156e-17 0.291666666667
172 0.26 2.77555756156e-17 0.291666666667
173 0.26 2.77555756156e-17 0.291666666667
174 0.26 2.77555756156e-17 0.291666666667
175 0.26 2.77555756156e-17 0.28975
176 0.26 2.77555756156e-17 0.287833333333
177 0.26 2.77555756156e-17 0.285916666667
178 0.26 2.77555756156e-17 0.284
179 0.26 2.77555756156e-17 0.282083333333
180 0.26 2.77555756156e-17 0.279916666667
181 0.26 2.77555756156e-17 0.27825
182 0.26 2.77555756156e-17 0.274416666667
183 0.26 2.77555756156e-17 0.2725
184 0.26 2.77555756156e-17 0.270583333333
185 0.26 2.77555756156e-17 0.268666666667
186 0.26 2.77555756156e-17 0.26675
187 0.26 2.77555756156e-17 0.264833333333
188 0.26 2.77555756156e-17 0.262916666667
189 0.26 2.77555756156e-17 0.261
190 0.26 2.77555756156e-17 0.259083333333
191 0.26 2.77555756156e-17 0.257166666667
192 0.26 2.77555756156e-17 0.25525
193 0.26 2.77555756156e-17 0.253333333333
194 0.26 2.77555756156e-17 0.251416666667
195 0.26 2.77555756156e-17 0.2495
196 0.26 2.77555756156e-17 0.247583333333
197 0.26 -0.05 0.244916666667
198 0.26 -0.1 0.24375
199 0.26 -0.15 0.24375
200 0.26 -0.2 0.24375
201 0.26 -0.2 0.245666666667
202 0.26 -0.25 0.247583333333
203 0.26 -0.3 0.251416666667
204 0.26 -0.35 0.257166666667
205 0.26 -0.4 0.262916666667
206 0.26 -0.4 0.2725
207 0.26 -0.4 0.280166666667
208 0.26 -0.4 0.287833333333
209 0.26 -0.4 0.289833333333
210 0.26 -0.4 0.280333333333
211 0.26 -0.4 0.2775
212 0.26 -0.4 0.277083333333
213 0.26 -0.4 0.273083333333
214 0.26 -0.4 0.265083333333
215 0.26 -0.4 0.26425
216 0.26 -0.4 0.2635
217 0.26 -0.4 0.251833333333
218 0.26 -0.4 0.251416666667
219 0.26 -0.4 0.247916666667
220 0.26 -0.4 0.239083333333
221 0.26 -0.4 0.238416666667
222 0.26 -0.45 0.245
223 0.26 -0.5 0.252833333333
224 0.26 -0.5 0.238833333333
225 0.26 -0.5 0.246166666667
226 0.26 -0.5 0.240583333333
227 0.26 -0.5 0.23575
228 0.26 -0.5 0.249416666667
229 0.26 -0.5 0.2525
230 0.26 -0.5 0.262916666667
231 0.26 -0.5 0.261666666667
232 0.26 -0.5 0.253
233 0.26 -0.5 0.23925
234 0.26 -0.6 0.25
235 0.26 -0.6 0.25
236 0.26 -0.6 0.2635
237 0.26 -0.6 0.263583333333
238 0.26 -0.6 0.26325
239 0.26 -0.6 0.261916666667
240 0.26 -0.6 0.238666666667
241 0.26 -0.6 0.249083333333
242 0.26 -0.6 0.262666666667
243 0.26 -0.6 0.26175
244 0.26 -0.6 0.260083333333
245 0.26 -0.6 0.259166666667
246 0.26 -0.6 0.2585
247 0.26 -0.6 0.257333333333
248 0.26 -0.6 0.267583333333
249 0.26 -0.6 0.290833333333
250 0.26 -0.55 0.291666666667
251 0.26 -0.5 0.291666666667
252 0.26 -0.45 0.291666666667
253 0.26 -0.35 0.291666666667
254 0.26 -0.3 0.291666666667
255 0.26 -0.2 0.291666666667
256 0.26 -0.15 0.291666666667
257 0.26 -0.05 0.291666666667
258 0.26 -2.77555756156e-17 0.291666666667
259 0.26 -2.77555756156e-17 0.291666666667
260 0.26 -2.77555756156e-17 0.291666666667
261 0.26 -2.77555756156e-17 0.291666666667
262 0.26 -2.77555756156e-17 0.291666666667
263 0.26 -2.77555756156e-17 0.291666666667
264 0.26 -2.77555756156e-17 0.291666666667
265 0.26 -2.77555756156e-17 0.291666666667
266 0.26 -2.77555756156e-17 0.291666666667
267 0.26 -2.77555756156e-17 0.291666666667
268 0.26 -2.77555756156e-17 0.291666666667
269 0.26 -2.77555756156e-17 0.291666666667
270 0.26 -2.77555756156e-17 0.291666666667
271 0.26 -2.77555756156e-17 0.291666666667
272 0.26 -2.77555756156e-17 0.291666666667
273 0.26 -2.77555756156e-17 0.291666666667
274 0.26 -2.77555756156e-17 0.291666666667
275 0.26 -2.77555756156e-17 0.291666666667
276 0.26 -2.77555756156e-17 0.291666666667
277 0.26 0.05 0.291666666667
278 0.26 0.1 0.291666666667
279 0.26 0.1 0.291666666667
280 0.26 0.1 0.291666666667
281 0.26 0.1 0.291666666667
282 0.26 0.1 0.291333333333
283 0.26 0.1 0.290833333333
284 0.26 0.1 0.288666666667
285 0.26 0.1 0.285083333333
286 0.26 0.05 0.282416666667
287 0.26 -2.77555756156e-17 0.281833333333
288 0.26 -2.77555756156e-17 0.28175
289 0.26 -2.77555756156e-17 0.281333333333
290 0.26 -2.77555756156e-17 0.281583333333
291 0.26 -2.77555756156e-17 0.281416666667
292 0.26 -2.77555756156e-17 0.2815
293 0.26 -2.77555756156e-17 0.2815
294 0.26 -2.77555756156e-17 0.282083333333
295 0.26 -2.77555756156e-17 0.281916666667
296 0.26 -2.77555756156e-17 0.28175
297 0.26 -2.77555756156e-17 0.28175
298 0.26 -2.77555756156e-17 0.282
299 0.26 -2.77555756156e-17 0.283666666667
300 0.26 -2.77555756156e-17 0.283
301 0.26 -2.77555756156e-17 0.283166666667
302 0.26 -2.77555756156e-17 0.2835
303 0.26 -2.77555756156e-17 0.283666666667
304 0.26 -2.77555756156e-17 0.283416666667
305 0.26 -2.77555756156e-17 0.28375
306 0.26 -2.77555756156e-17 0.2825
307 0.26 -2.77555756156e-17 0.277333333333
308 0.26 -2.77555756156e-17 0.2765
309 0.26 -2.77555756156e-17 0.273666666667
310 0.26 -2.77555756156e-17 0.27075
311 0.26 -2.77555756156e-17 0.2715
312 0.26 -2.77555756156e-17 0.271583333333
313 0.26 -2.77555756156e-17 0.271916666667
314 0.26 -2.77555756156e-17 0.272666666667
315 0.26 -2.77555756156e-17 0.272916666667
316 0.26 -2.77555756156e-17 0.273083333333
317 0.26 -2.77555756156e-17 0.273916666667
318 0.26 -2.77555756156e-17 0.27475
319 0.26 -2.77555756156e-17 0.276333333333
320 0.26 -2.77555756156e-17 0.27625
321 0.26 -2.77555756156e-17 0.277
322 0.26 -2.77555756156e-17 0.277916666667
323 0.26 -2.77555756156e-17 0.278333333333
324 0.26 -2.77555756156e-17 0.279
325 0.26 -2.77555756156e-17 0.278166666667
326 0.26 -2.77555756156e-17 0.277333333333
327 0.26 -2.77555756156e-17 0.277083333333
328 0.26 -2.77555756156e-17 0.275833333333
329 0.26 -2.77555756156e-17 0.273416666667
330 0.26 -2.77555756156e-17 0.27275
331 0.26 -2.77555756156e-17 0.271916666667
332 0.26 -2.77555756156e-17 0.27175
333 0.26 -2.77555756156e-17 0.270833333333
334 0.26 -2.77555756156e-17 0.270083333333
335 0.26 -2.77555756156e-17 0.26925
336 0.26 -2.77555756156e-17 0.269333333333
337 0.26 -2.77555756156e-17 0.268166666667
338 0.26 -2.77555756156e-17 0.267666666667
339 0.26 -2.77555756156e-17 0.268
340 0.26 -2.77555756156e-17 0.26825
341 0.26 -2.77555756156e-17 0.267083333333
342 0.26 -2.77555756156e-17 0.266583333333
343 0.26 -2.77555756156e-17 0.266
344 0.26 -2.77555756156e-17 0.266083333333
345 0.26 -2.77555756156e-17 0.265583333333
346 0.26 -2.77555756156e-17 0.265666666667
347 0.26 -2.77555756156e-17 0.265333333333
348 0.26 -2.77555756156e-17 0.265
349 0.26 -2.77555756156e-17 0.264916666667
350 0.26 -2.77555756156e-17 0.26425
351 0.26 -2.77555756156e-17 0.264333333333
352 0.26 -2.77555756156e-17 0.264416666667
353 0.26 -2.77555756156e-17 0.264083333333
354 0.26 -2.77555756156e-17 0.263416666667
355 0.26 -2.77555756156e-17 0.263583333333
356 0.26 -2.77555756156e-17 0.263083333333
357 0.26 -2.77555756156e-17 0.263583333333
358 0.26 -2.77555756156e-17 0.263416666667
359 0.26 0.05 0.263416666667
360 0.26 0.1 0.26375
361 0.26 0.15 0.263916666667
362 0.26 0.2 0.2635
363 0.26 0.25 0.263666666667
364 0.26 0.3 0.2645
365 0.26 0.3 0.262916666667
366 0.26 0.4 0.249
367 0.26 0.4 0.238166666667
368 0.26 0.4 0.238
369 0.26 0.4 0.238416666667
370 0.26 0.4 0.2455
371 0.26 0.4 0.25375
372 0.26 0.4 0.2555
373 0.26 0.4 0.26425
374 0.26 0.4 0.264416666667
375 0.26 0.4 0.248833333333
376 0.26 0.4 0.245666666667
377 0.26 0.4 0.245583333333
378 0.26 0.4 0.247
379 0.26 0.4 0.260583333333
380 0.26 0.4 0.271583333333
381 0.26 0.4 0.27225
382 0.26 0.4 0.272333333333
383 0.26 0.4 0.2725
384 0.26 0.4 0.26475
385 0.26 0.4 0.257166666667
386 0.26 0.45 0.250166666667
387 0.26 0.5 0.2405
388 0.26 0.55 0.25825
389 0.26 0.6 0.261416666667
390 0.26 0.7 0.261916666667
391 0.26 0.7 0.262083333333
392 0.26 0.7 0.25
393 0.26 0.7 0.245416666667
394 0.26 0.75 0.256
395 0.26 0.8 0.255833333333
396 0.26 0.8 0.258833333333
397 0.26 0.8 0.259583333333
398 0.26 0.8 0.25975
399 0.26 0.8 0.271
400 0.26 0.8 0.275666666667
401 0.26 0.8 0.285416666667
402 0.26 0.8 0.291666666667
403 0.26 0.8 0.291666666667
404 0.26 0.8 0.291666666667
405 0.26 0.8 0.291666666667
406 0.26 0.8 0.291666666667
407 0.26 0.8 0.291666666667
408 0.26 0.75 0.291666666667
409 0.26 0.65 0.291666666667
410 0.26 0.6 0.291666666667
411 0.26 0.55 0.291666666667
412 0.26 0.5 0.291666666667
413 0.26 0.5 0.291666666667
414 0.26 0.5 0.291666666667
415 0.26 0.5 0.291666666667
416 0.26 0.5 0.291666666667
417 0.26 0.4 0.291666666667
418 0.26 0.35 0.291666666667
419 0.26 0.25 0.291666666667
420 0.26 0.2 0.291666666667
421 0.26 0.15 0.291666666667
422 0.26 0.1 0.291666666667
423 0.26 0.1 0.291666666667
424 0.26 0.1 0.291666666667
425 0.26 0.1 0.291666666667
426 0.26 0.1 0.291666666667
427 0.26 0.1 0.291666666667
428 0.26 0.05 0.291666666667
429 0.26 2.77555756156e-17 0.291666666667
430 0.26 2.77555756156e-17 0.291666666667
431 0.26 2.77555756156e-17 0.291666666667
432 0.26 2.77555756156e-17 0.291666666667
433 0.26 -0.05 0.291666666667
434 0.26 -0.1 0.291666666667
435 0.26 -0.1 0.291666666667
436 0.26 -0.1 0.291666666667
437 0.26 -0.1 0.291666666667
438 0.26 -0.1 0.291666666667
439 0.26 -0.1 0.291666666667
440 0.26 -0.1 0.291666666667
441 0.26 -0.1 0.291666666667
442 0.26 -0.1 0.291666666667
443 0.26 -0.1 0.291666666667
444 0.26 -0.1 0.291666666667
445 0.26 -0.1 0.291666666667
446 0.26 -0.1 0.291666666667
447 0.26 -0.1 0.291666666667
448 0.26 -0.1 0.291666666667
449 0.26 -0.1 0.291666666667
450 0.26 -0.1 0.291666666667
451 0.26 -0.1 0.291666666667
452 0.26 -0.1 0.291666666667
453 0.26 -0.1 0.291666666667
454 0.26 -0.1 0.291666666667
455 0.26 -0.1 0.291666666667
456 0.26 -0.05 0.291666666667
457 0.26 2.77555756156e-17 0.291666666667
458 0.26 2.77555756156e-17 0.291666666667
459 0.26 2.77555756156e-17 0.291666666667
460 0.26 2.77555756156e-17 0.291666666667
461 0.26 2.77555756156e-17 0.291666666667
462 0.26 2.77555756156e-17 0.291666666667
463 0.26 2.77555756156e-17 0.28975
464 0.26 2.77555756156e-17 0.285916666667
465 0.26 2.77555756156e-17 0.282083333333
466 0.26 2.77555756156e-17 0.27825
467 0.26 2.77555756156e-17 0.274416666667
468 0.26 2.77555756156e-17 0.270583333333
469 0.26 2.77555756156e-17 0.26675
470 0.26 2.77555756156e-17 0.262916666667
471 0.26 2.77555756156e-17 0.259083333333
472 0.26 2.77555756156e-17 0.25525
473 0.26 2.77555756156e-17 0.251416666667
474 0.26 2.77555756156e-17 0.247583333333
475 0.26 2.77555756156e-17 0.24375
476 0.26 2.77555756156e-17 0.23825
477 0.26 2.77555756156e-17 0.236083333333
478 0.26 2.77555756156e-17 0.23225
479 0.26 2.77555756156e-17 0.228416666667
480 0.26 2.77555756156e-17 0.222666666667
481 0.26 2.77555756156e-17 0.218833333333
482 0.26 2.77555756156e-17 0.215
483 0.26 -0.05 0.211166666667
484 0.26 -0.1 0.20925
485 0.26 -0.1 0.205416666667
486 0.26 -0.2 0.2035
487 0.26 -0.2 0.201583333333
488 0.26 -0.3 0.201583333333
489 0.26 -0.3 0.2035
490 0.26 -0.3 0.205416666667
491 0.26 -0.3 0.20925
492 0.26 -0.3 0.211166666667
493 0.26 -0.3 0.215
494 0.26 -0.3 0.218833333333
495 0.26 -0.3 0.222666666667
496 0.26 -0.3 0.2265
497 0.26 -0.3 0.230333333333
498 0.26 -0.3 0.234166666667
499 0.26 -0.3 0.238
500 0.26 -0.3 0.24375
501 0.26 -0.3 0.247583333333
502 0.26 -0.3 0.253333333333
503 0.26 -0.3 0.257166666667
504 0.26 -0.3 0.262916666667
505 0.26 -0.3 0.26675
506 0.26 -0.3 0.2725
507 0.26 -0.3 0.27825
508 0.26 -0.3 0.282083333333
509 0.26 -0.2 0.28975
510 0.26 -0.15 0.291666666667
511 0.26 -0.1 0.291666666667
512 0.26 2.77555756156e-17 0.291666666667
513 0.26 2.77555756156e-17 0.291666666667
514 0.26 2.77555756156e-17 0.291666666667
515 0.26 2.77555756156e-17 0.291666666667
516 0.26 2.77555756156e-17 0.291666666667
517 0.26 2.77555756156e-17 0.291666666667
518 0.26 2.77555756156e-17 0.28975
519 0.26 2.77555756156e-17 0.287833333333
520 0.26 2.77555756156e-17 0.28775
521 0.26 2.77555756156e-17 0.285916666667
522 0.26 2.77555756156e-17 0.284
523 0.26 2.77555756156e-17 0.282916666667
524 0.26 2.77555756156e-17 0.282083333333
525 0.26 2.77555756156e-17 0.280166666667
526 0.26 2.77555756156e-17 0.27825
527 0.26 2.77555756156e-17 0.27825
528 0.26 2.77555756156e-17 0.276333333333
529 0.26 2.77555756156e-17 0.274416666667
530 0.26 2.77555756156e-17 0.2725
531 0.26 2.77555756156e-17 0.2725
532 0.26 2.77555756156e-17 0.270583333333
533 0.26 2.77555756156e-17 0.268666666667
534 0.26 2.77555756156e-17 0.266833333333
535 0.26 2.77555756156e-17 0.26675
536 0.26 2.77555756156e-17 0.264833333333
537 0.26 2.77555756156e-17 0.262916666667
538 0.26 2.77555756156e-17 0.262916666667
539 0.26 2.77555756156e-17 0.261
540 0.26 2.77555756156e-17 0.259083333333
541 0.26 2.77555756156e-17 0.257166666667
542 0.26 2.77555756156e-17 0.257166666667
543 0.26 2.77555756156e-17 0.25525
544 0.26 2.77555756156e-17 0.253333333333
545 0.26 2.77555756156e-17 0.251416666667
546 0.26 2.77555756156e-17 0.251416666667
547 0.26 2.77555756156e-17 0.2495
548 0.26 2.77555756156e-17 0.247583333333
549 0.26 2.77555756156e-17 0.245666666667
550 0.26 2.77555756156e-17 0.245666666667
551 0.26 2.77555756156e-17 0.24375
552 0.26 2.77555756156e-17 0.241833333333
553 0.26 2.77555756156e-17 0.241833333333
554 0.26 2.77555756156e-17 0.239916666667
555 0.26 2.77555756156e-17 0.238
556 0.26 2.77555756156e-17 0.238
557 0.26 2.77555756156e-17 0.236083333333
558 0.26 2.77555756156e-17 0.234166666667
559 0.26 2.77555756156e-17 0.23225
560 0.26 2.77555756156e-17 0.230333333333
561 0.26 2.77555756156e-17 0.230333333333
562 0.26 2.77555756156e-17 0.228416666667
563 0.26 2.77555756156e-17 0.2265
