0 0.26 0.0 0.175
1 0.26 0.0 0.175
2 0.26 0.0 0.16875
3 0.26 0.0 0.15625
4 0.26 0.0 0.15
5 0.26 0.0 0.14375
6 0.26 0.0 0.13125
7 0.26 -0.1 0.11875
8 0.26 -0.1 0.0875
9 0.26 -0.15 0.04475
10 0.26 -0.2 0.0
11 0.26 -0.25 0.0
12 0.26 -0.3 0.0
13 0.26 -0.35 0.0
14 0.26 -0.4 0.0
15 0.26 -0.4 0.01875
16 0.26 -0.4 0.125
17 0.26 -0.4 0.2375
18 0.26 -0.4 0.35
19 0.26 -0.4 0.46875
20 0.26 -0.4 0.53125
21 0.26 -0.4 0.55625
22 0.26 -0.4 0.475
23 0.0 0.0 0.3625
24 0.0 0.0 0.2
25 0.0 0.0 0.0
26 0.0 0.0 0.0
27 0.01 0.0 0.0
28 0.01 0.0 0.0
29 0.01 0.0 0.0
30 0.03 0.0 0.0
31 0.06 0.0 0.0
32 0.085 0.0 0.0
33 0.11 0.0 0.0
34 0.14 0.0 0.0
35 0.155 0.05 0.0
36 0.165 0.1 0.0
37 0.17 0.1 0.0
38 0.18 0.1 0.0
39 0.195 0.2 0.0
40 0.205 0.2 0.0
41 0.215 0.3 0.0
42 0.225 0.3 0.0
43 0.23 0.3 0.0
44 0.24 0.3 0.0
45 0.25 0.3 0.0
46 0.255 0.3 0.0
47 0.26 0.35 0.0
48 0.26 0.4 0.0
49 0.26 0.4 0.0
50 0.26 0.4 0.0
51 0.26 0.4 0.0
52 0.26 0.4 0.0
53 0.26 0.4 0.0
54 0.26 0.4 0.0
55 0.26 0.45 0.03125
56 0.26 0.5 0.148
57 0.26 0.5 0.26875
58 0.26 0.5 0.44375
59 0.26 0.5 0.58125
60 0.26 0.5 0.71875
61 0.26 0.5 0.75
62 0.0 0.0 0.75
63 0.0 0.0 0.75
64 0.0 0.0 0.75
65 0.005 0.0 0.75
66 0.01 0.0 0.75
67 0.01 0.0 0.75
68 0.02 0.0 0.75
69 0.05 0.0 0.75
70 0.075 0.0 0.75
71 0.1 0.0 0.75
72 0.115 0.1 0.75
73 0.125 0.1 0.75
74 0.13 0.1 0.75
75 0.14 0.1 0.75
76 0.15 0.1 0.75
77 0.175 0.1 0.75
78 0.195 0.05 0.75
79 0.21 0.0 0.75
80 0.215 0.0 0.75
81 0.225 0.0 0.75
82 0.25 0.0 0.75
83 0.26 0.0 0.75
84 0.26 0.0 0.75
85 0.26 0.0 0.75
86 0.26 0.0 0.75
87 0.26 0.0 0.75
88 0.26 0.0 0.75
89 0.26 0.0 0.75
90 0.26 0.0 0.75
91 0.26 0.0 0.75
92 0.26 0.0 0.75
93 0.26 0.0 0.75
94 0.26 0.0 0.75
95 0.26 0.0 0.75
96 0.26 0.0 0.75
97 0.26 0.0 0.75
98 0.26 0.0 0.75
99 0.26 0.0 0.75
100 0.26 0.0 0.75
101 0.26 0.0 0.75
102 0.26 0.0 0.75
103 0.26 0.0 0.75
104 0.26 0.0 0.75
105 0.26 0.0 0.75
106 0.26 0.0 0.75
