0 0.26 0.0 0.0
1 0.26 0.0 0.0
2 0.26 0.0 0.0
3 0.26 0.0 0.0
4 0.26 0.0 0.0
5 0.26 0.0 0.0
6 0.26 0.0 0.0
7 0.26 0.0 0.0
8 0.26 0.0 0.0
9 0.26 0.0 0.0
10 0.26 0.0 0.0
11 0.26 0.0 0.0
12 0.26 0.0 0.0
13 0.26 0.0 0.0
14 0.26 0.0 0.0
15 0.26 0.0 0.0
16 0.26 -0.1 0.0
17 0.26 -0.1 0.0
18 0.26 -0.2 0.0
19 0.26 -0.25 0.0
20 0.26 -0.3 0.0
21 0.26 -0.4 0.0
22 0.26 -0.45 0.0
23 0.26 -0.55 0.0
24 0.26 -0.6 0.0
25 0.26 -0.6 0.0
26 0.26 -0.6 0.0
27 0.26 -0.6 0.0
28 0.26 -0.6 0.0
29 0.0 0.0 0.0
30 0.0 0.0 0.0
31 0.0 0.0 0.0
32 0.0 0.0 0.0
33 0.0 0.0 0.0
34 0.0 0.0 0.0
35 0.0 0.0 0.0
36 0.0 0.0 0.0
37 0.0 0.0 0.0
38 0.0 0.1 0.0
39 0.0 0.1 0.0
40 0.0 0.1 0.0
41 0.0 0.35 0.0
42 0.0 0.5 0.0
43 0.0 0.6 0.0
44 0.0 0.0 0.0
45 0.005 0.0 0.0
46 0.01 0.0 0.0
47 0.01 0.0 0.0
48 0.015 0.0 0.0
49 0.045 0.0 0.0
50 0.075 0.0 0.0
51 0.1 0.0 0.0
52 0.13 0.0 0.0
53 0.16 0.0 0.0
54 0.19 0.0 0.0
55 0.205 0.0 0.0
56 0.215 0.0 0.0
57 0.225 0.0 0.0
58 0.235 0.05 0.0
59 0.245 0.1 0.0
60 0.255 0.1 0.0
61 0.26 0.25 0.0
62 0.26 0.45 0.0
63 0.26 0.55 0.0
64 0.26 0.65 0.0
65 0.26 0.7 0.0
66 0.26 0.8 0.0
67 0.26 0.8 0.0
68 0.26 0.8 0.125
69 0.26 0.8 0.31875
70 0.26 0.8 0.30625
71 0.26 0.8 0.28125
72 0.0 0.0 0.075
73 0.0 0.0 0.06875
74 0.0 0.0 0.29375
75 0.0 0.0 0.41875
76 0.01 0.0 0.43125
77 0.01 0.0 0.43125
78 0.01 0.0 0.43125
79 0.04 0.0 0.43125
80 0.07 0.0 0.43125
81 0.095 0.0 0.41875
82 0.125 0.0 0.44375
83 0.155 0.0 0.45
84 0.185 0.0 0.45
85 0.205 0.0 0.45
86 0.215 0.0 0.45
87 0.225 0.0 0.44375
88 0.23 0.0 0.44375
89 0.24 0.0 0.4375
90 0.25 0.0 0.43125
91 0.26 0.0 0.43125
92 0.26 0.0 0.425
93 0.26 0.0 0.425
94 0.26 0.0 0.41875
95 0.26 0.0 0.4125
96 0.26 0.0 0.4125
97 0.26 0.0 0.40625
98 0.26 0.0 0.40625
99 0.26 0.0 0.4
100 0.26 0.0 0.39825
101 0.26 0.0 0.3875
102 0.26 0.0 0.38125
103 0.26 0.0 0.38125
104 0.26 0.0 0.375
105 0.26 0.0 0.36875
106 0.26 0.0 0.36875
107 0.26 0.0 0.3625
108 0.26 0.0 0.3625
109 0.26 0.0 0.35625
110 0.26 0.0 0.35625
111 0.26 0.0 0.35
112 0.26 0.0 0.3375
113 0.26 0.0 0.3375
114 0.26 0.0 0.33125
115 0.26 0.0 0.33125
116 0.26 0.0 0.325
117 0.26 0.0 0.31875
118 0.26 0.0 0.31875
119 0.26 0.0 0.3125
120 0.26 0.0 0.306333333333
121 0.26 0.0 0.3
122 0.26 0.0 0.29375
123 0.26 0.0 0.29375
124 0.26 0.0 0.2875
125 0.26 0.0 0.2875
126 0.26 0.0 0.275
127 0.26 0.0 0.275
128 0.26 0.0 0.26875
129 0.26 0.0 0.2625
130 0.26 0.0 0.2625
131 0.26 0.0 0.251833333333
132 0.26 0.0 0.249166666667
133 0.26 0.0 0.24375
134 0.26 0.0 0.2375
135 0.26 0.0 0.23125
136 0.26 0.05 0.225
137 0.26 0.1 0.21875
138 0.26 0.15 0.21875
139 0.26 0.2 0.2125
140 0.26 0.3 0.212916666667
141 0.26 0.35 0.21875
142 0.26 0.4 0.220166666667
143 0.26 0.45 0.11875
144 0.26 0.5 0.0
145 0.26 0.5 0.0
146 0.26 0.5 0.0
147 0.0 0.0 0.0
148 0.0 0.0 0.0
149 0.0 0.0 0.0
150 0.01 0.0 0.0
151 0.01 0.0 0.0
152 0.01 -0.05 0.0
153 0.01 -0.1 0.0
154 0.01 -0.1 0.0
155 0.01 -0.15 0.0
156 0.01 -0.45 0.0
157 0.01 -0.75 0.0
158 0.01 -1.0 0.0
159 0.01 -1.3 0.0
160 0.01 -1.55 0.0
161 0.01 -1.65 0.0
162 0.01 -1.75 0.0
163 0.0 0.0 0.0
164 0.0 0.0 0.0
165 0.005 0.0 0.0
166 0.01 0.0 0.0
167 0.01 0.0 0.0
168 0.02 0.0 0.0
169 0.05 0.0 0.0
170 0.075 0.0 0.0
171 0.1 0.0 0.0
172 0.13 0.0 0.0
173 0.16 0.0 0.0
174 0.185 0.0 0.0
175 0.215 0.0 0.0
176 0.245 0.0 0.0
177 0.26 0.0 0.0
178 0.26 0.0 0.0
179 0.26 0.0 0.0
180 0.26 0.0 0.0
181 0.26 0.0 0.0
182 0.26 0.0 0.0
183 0.26 -0.05 0.0
184 0.26 -0.1 0.0
185 0.26 -0.15 0.0
186 0.26 -0.2 0.0
187 0.26 -0.25 0.0
188 0.26 -0.3 0.0
189 0.26 -0.4 0.0
190 0.26 -0.4 0.0
191 0.26 -0.4 0.0
192 0.26 -0.4 0.0
193 0.26 -0.4 0.0375
194 0.26 -0.4 0.14375
195 0.26 -0.4 0.25
196 0.26 -0.4 0.35625
197 0.26 -0.4 0.46875
198 0.26 -0.4 0.575
199 0.0 0.0 0.68125
200 0.0 0.0 0.68125
201 0.005 0.0 0.55625
202 0.01 0.0 0.51875
203 0.01 0.0 0.51875
204 0.02 0.0 0.51875
205 0.05 0.0 0.51875
