0 0.26 0.0 0.0
1 0.26 0.0 0.0
2 0.26 0.0 0.0
3 0.26 0.0 0.0
4 0.26 0.0 0.0
5 0.26 0.0 0.0
6 0.26 0.0 0.0
7 0.26 0.0 0.0
8 0.26 0.0 0.0
9 0.26 0.0 0.0
10 0.26 0.0 0.0
11 0.26 0.0 0.0
12 0.26 0.0 0.0
13 0.26 -0.05 0.0
14 0.26 -0.15 0.0
15 0.26 -0.25 0.0
16 0.26 -0.35 0.0
17 0.26 -0.45 0.0
18 0.26 -0.55 0.0
19 0.26 -0.6 0.0
20 0.26 -0.6 0.10625
21 0.26 -0.6 0.1625
22 0.26 -0.6 0.175
23 0.26 -0.6 0.19375
24 0.26 -0.6 0.0853333333333
25 0.26 -0.6 0.0
26 0.26 -0.6 0.0
27 0.0 0.0 0.0
28 0.0 0.0 0.0
29 0.0 0.0 0.0
30 0.005 0.0 0.0
31 0.01 0.0 0.0
32 0.01 0.0 0.0
33 0.025 0.0 0.0
34 0.05 0.0 0.0
35 0.07 0.05 0.0
36 0.075 0.1 0.0
37 0.09 0.2 0.0
38 0.095 0.2 0.0
39 0.105 0.2 0.0
40 0.11 0.2 0.0
41 0.12 0.2 0.0
42 0.12 0.2 0.0
43 0.12 0.2 0.0
44 0.12 0.2 0.0
45 0.12 0.2 0.0
46 0.12 0.2 0.0
47 0.12 0.2 0.0
48 0.12 0.2 0.0
49 0.12 0.2 0.0
50 0.12 0.2 0.0
51 0.12 0.2 0.0
52 0.12 0.2 0.0
53 0.12 0.2 0.0
54 0.12 0.2 0.0
55 0.12 0.2 0.0
56 0.12 0.2 0.0
57 0.12 0.2 0.0
58 0.12 0.2 0.0
59 0.12 0.2 0.0
60 0.125 0.2 0.0
61 0.13 0.2 0.0375
62 0.13 0.2 0.10625
63 0.14 0.2 0.1625
64 0.165 0.2 0.2125
65 0.19 0.2 0.21875
66 0.195 0.2 0.26875
67 0.205 0.2 0.31875
68 0.215 0.2 0.325
69 0.225 0.2 0.325
70 0.235 0.2 0.324583333333
71 0.24 0.2 0.3125
72 0.25 0.2 0.3125
73 0.26 0.2 0.30625
74 0.26 0.2 0.3
75 0.26 0.15 0.29375
76 0.26 0.05 0.2875
77 0.26 0.0 0.28125
78 0.26 0.0 0.275
79 0.26 0.0 0.275
80 0.26 0.0 0.275
81 0.26 0.0 0.26875
82 0.26 0.0 0.26875
83 0.26 0.0 0.26875
84 0.26 0.0 0.26875
85 0.26 0.0 0.2625
86 0.26 0.0 0.260083333333
87 0.26 0.0 0.25625
88 0.26 0.0 0.25
89 0.26 0.0 0.25
90 0.26 0.0 0.24375
91 0.26 0.0 0.24375
92 0.26 0.0 0.2375
93 0.26 0.0 0.231583333333
94 0.26 0.0 0.23125
95 0.26 0.0 0.229416666667
96 0.26 0.0 0.23125
97 0.26 0.0 0.225
98 0.26 0.0 0.21875
99 0.26 0.0 0.21875
100 0.26 0.0 0.2125
101 0.26 0.0 0.2125
102 0.26 0.0 0.20625
103 0.26 0.0 0.2085
104 0.26 -0.1 0.20625
105 0.26 -0.1 0.20625
106 0.26 -0.1 0.2
107 0.26 -0.1 0.2
108 0.26 -0.1 0.19375
109 0.26 -0.1 0.19375
110 0.26 -0.1 0.19375
111 0.26 -0.1 0.19375
112 0.26 -0.1 0.2
113 0.26 -0.1 0.2
114 0.26 -0.1 0.2
115 0.26 -0.1 0.2
116 0.26 -0.1 0.203666666667
117 0.26 -0.1 0.20625
118 0.26 -0.1 0.20625
119 0.26 -0.1 0.16875
120 0.26 -0.1 0.13125
121 0.26 -0.1 0.09375
122 0.26 -0.1 0.05625
123 0.26 -0.1 0.01875
124 0.26 -0.1 0.0
125 0.26 -0.1 0.0
126 0.26 -0.1 0.0
127 0.26 0.0 0.0
128 0.26 0.0 0.0
129 0.26 0.0 0.0
130 0.26 0.0 0.0
131 0.26 0.0 0.0
132 0.26 0.0 0.0
133 0.26 0.0 0.0
134 0.26 0.0 0.0
135 0.26 0.0 0.0
136 0.26 0.0 0.0
137 0.26 0.0 0.0
138 0.26 0.0 0.0
139 0.26 0.0 0.0
140 0.26 0.0 0.0
141 0.26 0.0 0.0
142 0.26 0.0 0.0
143 0.26 0.0 0.0
144 0.26 0.0 0.0
145 0.26 0.0 0.0
146 0.26 0.1 0.0
147 0.26 0.15 0.0
148 0.26 0.25 0.0
149 0.26 0.3 0.0
150 0.26 0.3 0.0
151 0.26 0.3 0.0
152 0.26 0.3 0.04375
153 0.26 0.3 0.125
154 0.26 0.3 0.2
155 0.26 0.3 0.28125
156 0.26 0.3 0.35625
157 0.0 0.0 0.45
158 0.0 0.0 0.45625
159 0.0 0.0 0.225
160 0.005 0.0 0.0
161 0.01 0.0 0.0
162 0.01 0.1 0.0
163 0.01 0.1 0.0
164 0.01 0.1 0.0
165 0.01 0.35 0.0
166 0.01 0.6 0.0
167 0.01 0.85 0.0
168 0.01 1.0 0.0
169 0.01 1.05 0.0
170 0.01 1.15 0.0
171 0.0 0.0 0.0875
172 0.0 0.0 0.2625
173 0.0 0.0 0.35625
174 0.0 0.05 0.40625
175 0.0 0.1 0.44375
176 0.0 0.1 0.4625
177 0.0 0.0 0.48125
178 0.0 0.0 0.49375
179 0.0 0.0 0.49375
180 0.005 0.0 0.49375
181 0.01 0.0 0.49375
182 0.01 0.0 0.49375
183 0.015 0.0 0.49375
184 0.04 0.0 0.50625
185 0.07 0.0 0.525
186 0.075 0.05 0.54375
187 0.085 0.1 0.54375
188 0.095 0.1 0.56875
189 0.105 0.1 0.5875
190 0.11 0.1 0.61875
191 0.135 0.1 0.65
192 0.16 0.1 0.675
193 0.19 0.1 0.7
194 0.215 0.1 0.70625
195 0.24 0.1 0.725
196 0.26 0.1 0.75
197 0.26 0.1 0.75
198 0.26 0.1 0.75
199 0.26 0.1 0.75
200 0.26 0.1 0.75
201 0.26 0.1 0.75
202 0.26 0.1 0.75
203 0.26 0.1 0.75
204 0.26 0.1 0.75
205 0.26 0.1 0.75
206 0.26 0.1 0.75
207 0.26 0.1 0.75
208 0.26 0.05 0.75
209 0.26 0.0 0.75
210 0.26 0.0 0.75
211 0.26 0.0 0.75
212 0.26 0.0 0.75
