0 0.26 0.0 0.0
1 0.26 0.0 0.0
2 0.26 0.05 0.0
3 0.26 0.1 0.0
4 0.26 0.2 0.0
5 0.26 0.25 0.0
6 0.26 0.3 0.0
7 0.26 0.4 0.0
8 0.26 0.45 0.0
9 0.26 0.5 0.0
10 0.26 0.55 0.0
11 0.26 0.6 0.0
12 0.26 0.6 0.0
13 0.26 0.6 0.0
14 0.26 0.6 0.0
15 0.26 0.6 0.0
16 0.26 0.6 0.0
17 0.26 0.6 0.0
18 0.26 0.6 0.0
19 0.26 0.6 0.0
20 0.0 0.0 0.0
21 0.0 0.0 0.0
22 0.0 0.0 0.0
23 0.005 0.0 0.0
24 0.01 0.0 0.0
25 0.01 0.0 0.0
26 0.025 0.0 0.0
27 0.055 0.0 0.0
28 0.085 0.0 0.0
29 0.11 0.0 0.0
30 0.135 0.0 0.0
31 0.16 0.0 0.0
32 0.17 -0.05 0.0
33 0.18 -0.1 0.0
34 0.19 -0.1 0.0
35 0.2 -0.15 0.0
36 0.205 -0.2 0.0
37 0.215 -0.2 0.0
38 0.225 -0.25 0.0
39 0.235 -0.3 0.0
40 0.24 -0.3 0.0
41 0.25 -0.3 0.0
42 0.26 -0.3 0.0
43 0.26 -0.3 0.0
44 0.26 -0.3 0.0
45 0.26 -0.3 0.0
46 0.26 -0.3 0.0
47 0.26 -0.3 0.0
48 0.26 -0.3 0.0
49 0.26 -0.3 0.0
50 0.26 -0.3 0.0
51 0.26 -0.3 0.0
52 0.26 -0.3 0.0
53 0.26 -0.3 0.0
54 0.26 -0.3 0.0
55 0.26 -0.3 0.0
56 0.26 -0.3 0.0
57 0.26 -0.3 0.0
58 0.26 -0.3 0.0
59 0.26 -0.3 0.0
60 0.26 -0.3 0.0
61 0.26 -0.3 0.0
62 0.26 -0.3 0.0
63 0.26 -0.3 0.0
64 0.26 -0.3 0.0
65 0.26 -0.3 0.0
66 0.26 -0.3 0.0
67 0.26 -0.3 0.0
68 0.26 -0.3 0.0
69 0.26 -0.3 0.08125
70 0.26 -0.3 0.15625
71 0.26 -0.3 0.2375
72 0.26 -0.3 0.3125
73 0.26 -0.3 0.39375
74 0.26 -0.3 0.475
75 0.26 -0.3 0.55625
76 0.26 -0.3 0.6375
77 0.0 0.0 0.725
78 0.0 0.0 0.75
79 0.0 0.0 0.695333333333
80 0.005 0.0 0.6875
81 0.01 0.0 0.6875
82 0.01 0.0 0.6875
83 0.02 0.0 0.6875
84 0.045 0.0 0.6875
85 0.075 0.0 0.6875
86 0.1 0.0 0.6875
87 0.115 0.05 0.700916666667
88 0.12 0.1 0.70625
89 0.13 0.1 0.73125
90 0.135 0.1 0.75
91 0.145 0.1 0.75
92 0.155 0.1 0.75
93 0.165 0.1 0.75
94 0.175 0.1 0.75
95 0.19 0.1 0.74375
96 0.22 0.1 0.725
97 0.23 0.1 0.69375
98 0.24 0.1 0.66875
99 0.25 0.1 0.64375
100 0.255 0.1 0.61875
101 0.26 0.1 0.59375
102 0.26 0.05 0.56875
103 0.26 0.0 0.55
104 0.26 0.0 0.55
105 0.26 0.0 0.55
106 0.26 0.0 0.55625
107 0.26 0.0 0.55625
108 0.26 0.0 0.55625
109 0.26 0.0 0.55625
110 0.26 0.0 0.55625
111 0.26 0.0 0.55625
112 0.26 0.0 0.55625
113 0.26 0.0 0.55625
114 0.26 0.0 0.5625
115 0.26 0.0 0.5625
116 0.26 0.0 0.5625
117 0.26 0.0 0.5625
118 0.26 0.0 0.5625
119 0.26 0.0 0.56875
120 0.26 0.0 0.5625
121 0.26 0.0 0.56875
122 0.26 0.0 0.56875
123 0.26 0.0 0.56875
124 0.26 0.0 0.56875
125 0.26 0.0 0.56875
126 0.26 0.0 0.575
127 0.26 0.0 0.56875
128 0.26 0.0 0.575
129 0.26 0.0 0.575
130 0.26 0.0 0.575
131 0.26 0.0 0.575
132 0.26 0.0 0.575
133 0.26 0.0 0.58125
134 0.26 0.0 0.58125
135 0.26 0.0 0.58125
136 0.26 0.0 0.58125
137 0.26 0.0 0.58125
138 0.26 0.0 0.58125
139 0.26 0.0 0.58125
140 0.26 0.0 0.5875
141 0.26 0.0 0.5875
142 0.26 0.0 0.5875
143 0.26 0.0 0.5875
144 0.26 0.0 0.5875
145 0.26 0.0 0.59375
146 0.26 0.0 0.591833333333
147 0.26 0.0 0.59375
148 0.26 0.0 0.59375
149 0.26 0.0 0.59375
150 0.26 0.0 0.59375
151 0.26 0.0 0.59375
152 0.26 0.0 0.59375
153 0.26 0.0 0.6
154 0.26 0.0 0.6
155 0.26 0.0 0.6
156 0.26 0.0 0.6
157 0.26 0.0 0.6
158 0.26 0.0 0.6
159 0.26 0.0 0.60625
160 0.26 0.0 0.60625
161 0.26 0.0 0.60625
162 0.26 0.0 0.60625
163 0.26 0.0 0.60625
164 0.26 0.0 0.60625
165 0.26 0.0 0.6125
166 0.26 0.0 0.6105
167 0.26 0.0 0.6125
168 0.26 0.0 0.6125
169 0.26 0.0 0.6125
170 0.26 0.0 0.614916666667
171 0.26 0.0 0.6125
172 0.26 0.0 0.61875
173 0.26 0.0 0.61875
174 0.26 0.0 0.61875
175 0.26 0.0 0.61875
176 0.26 0.0 0.61875
177 0.26 0.0 0.625
178 0.26 0.0 0.625
179 0.26 0.0 0.625
180 0.26 0.0 0.625
181 0.26 0.0 0.625
182 0.26 0.0 0.63125
183 0.26 0.0 0.63125
184 0.26 0.0 0.6375
185 0.26 0.0 0.643
186 0.26 0.0 0.64375
187 0.26 0.0 0.65
188 0.26 0.0 0.65625
189 0.26 0.0 0.65625
190 0.26 0.0 0.6625
191 0.26 0.0 0.66875
192 0.26 0.0 0.66875
193 0.26 0.0 0.675
194 0.26 0.0 0.68125
195 0.26 0.0 0.68125
196 0.26 0.0 0.6875
197 0.26 0.0 0.69375
198 0.26 0.0 0.7
199 0.26 0.0 0.7
200 0.26 0.0 0.70625
201 0.26 0.0 0.7125
202 0.26 0.0 0.71875
203 0.26 0.0 0.725
204 0.26 0.0 0.73125
205 0.26 0.0 0.73125
206 0.26 0.0 0.7375
207 0.26 0.0 0.74375
208 0.26 0.0 0.75
209 0.26 0.0 0.75
210 0.26 0.0 0.75
211 0.26 0.0 0.75
