0 0.12 0.0 0.272083333333
1 0.14 0.0 0.27175
2 0.165 0.0 0.2705
3 0.19 0.0 0.271083333333
4 0.215 0.0 0.271083333333
5 0.235 0.0 0.270333333333
6 0.26 0.0 0.269833333333
7 0.26 0.0 0.2695
8 0.26 0.0 0.269166666667
9 0.26 0.0 0.268166666667
10 0.26 0.0 0.267166666667
11 0.26 0.0 0.26375
12 0.26 0.0 0.263666666667
13 0.26 0.0 0.262833333333
14 0.26 0.0 0.263083333333
15 0.26 0.0 0.262583333333
16 0.26 0.0 0.262916666667
17 0.26 0.0 0.262833333333
18 0.26 0.0 0.262083333333
19 0.26 0.0 0.262583333333
20 0.26 0.0 0.262416666667
21 0.26 0.0 0.262416666667
22 0.26 0.0 0.263
23 0.26 0.0 0.26275
24 0.26 0.0 0.263333333333
25 0.26 0.0 0.26325
26 0.26 0.0 0.262833333333
27 0.26 0.0 0.263166666667
28 0.26 0.0 0.26275
29 0.26 0.0 0.263083333333
30 0.26 0.0 0.263583333333
31 0.26 0.0 0.263083333333
32 0.26 0.0 0.26375
33 0.26 0.0 0.262916666667
34 0.26 0.0 0.262833333333
35 0.26 0.0 0.262583333333
36 0.26 0.0 0.260916666667
37 0.26 0.0 0.260666666667
38 0.26 0.0 0.259916666667
39 0.26 0.0 0.258583333333
40 0.26 0.0 0.257416666667
41 0.26 0.0 0.257166666667
42 0.26 0.0 0.254833333333
43 0.26 0.0 0.253166666667
44 0.26 0.0 0.25225
45 0.26 0.0 0.250166666667
46 0.26 0.0 0.2505
47 0.26 0.0 0.247666666667
48 0.26 0.0 0.246833333333
49 0.26 0.0 0.246333333333
50 0.26 0.0 0.245833333333
51 0.26 0.0 0.247666666667
52 0.26 0.05 0.248083333333
53 0.26 0.1 0.250583333333
54 0.26 0.15 0.248583333333
55 0.26 0.2 0.24575
56 0.26 0.3 0.242666666667
57 0.26 0.35 0.2395
58 0.26 0.4 0.2395
59 0.26 0.4 0.239583333333
60 0.26 0.4 0.24575
61 0.26 0.45 0.250583333333
62 0.26 0.5 0.26075
63 0.26 0.5 0.2635
64 0.26 0.5 0.263666666667
65 0.26 0.5 0.2635
66 0.26 0.5 0.263833333333
67 0.26 0.5 0.273333333333
68 0.26 0.5 0.275833333333
69 0.26 0.5 0.27925
70 0.26 0.5 0.2905
71 0.26 0.5 0.291666666667
72 0.26 0.5 0.291666666667
73 0.26 0.5 0.291666666667
74 0.26 0.5 0.291666666667
75 0.26 0.5 0.291666666667
76 0.26 0.5 0.291666666667
77 0.26 0.5 0.291666666667
78 0.26 0.5 0.291666666667
79 0.26 0.5 0.291666666667
80 0.26 0.5 0.291666666667
81 0.26 0.5 0.291666666667
82 0.26 0.5 0.291666666667
83 0.26 0.5 0.291666666667
84 0.26 0.5 0.291666666667
85 0.26 0.5 0.291666666667
86 0.26 0.5 0.291666666667
87 0.26 0.5 0.291666666667
88 0.26 0.45 0.291666666667
89 0.26 0.4 0.291666666667
90 0.26 0.35 0.291666666667
91 0.26 0.3 0.291666666667
92 0.26 0.25 0.291666666667
93 0.26 0.15 0.291666666667
94 0.26 0.1 0.291666666667
95 0.26 0.05 0.291666666667
96 0.26 2.77555756156e-17 0.291666666667
97 0.26 2.77555756156e-17 0.291666666667
98 0.26 2.77555756156e-17 0.291666666667
99 0.26 2.77555756156e-17 0.291666666667
100 0.26 2.77555756156e-17 0.291666666667
101 0.26 2.77555756156e-17 0.291666666667
102 0.26 2.77555756156e-17 0.291666666667
103 0.26 2.77555756156e-17 0.291666666667
104 0.26 2.77555756156e-17 0.291666666667
105 0.26 2.77555756156e-17 0.291666666667
106 0.26 2.77555756156e-17 0.291666666667
107 0.26 2.77555756156e-17 0.291666666667
108 0.26 2.77555756156e-17 0.291666666667
109 0.26 2.77555756156e-17 0.291666666667
110 0.26 2.77555756156e-17 0.291666666667
111 0.26 2.77555756156e-17 0.291666666667
112 0.26 2.77555756156e-17 0.291666666667
113 0.26 2.77555756156e-17 0.291666666667
114 0.26 2.77555756156e-17 0.291666666667
115 0.26 2.77555756156e-17 0.291666666667
116 0.26 2.77555756156e-17 0.291666666667
117 0.26 2.77555756156e-17 0.291666666667
118 0.26 2.77555756156e-17 0.291666666667
119 0.26 2.77555756156e-17 0.291666666667
120 0.26 2.77555756156e-17 0.291666666667
121 0.26 2.77555756156e-17 0.291666666667
122 0.26 2.77555756156e-17 0.291666666667
123 0.26 2.77555756156e-17 0.291666666667
124 0.26 2.77555756156e-17 0.291666666667
125 0.26 2.77555756156e-17 0.291666666667
126 0.26 2.77555756156e-17 0.291666666667
127 0.26 2.77555756156e-17 0.291666666667
128 0.26 2.77555756156e-17 0.291666666667
129 0.26 2.77555756156e-17 0.291666666667
130 0.26 2.77555756156e-17 0.291666666667
131 0.26 2.77555756156e-17 0.291666666667
132 0.26 2.77555756156e-17 0.291666666667
133 0.26 2.77555756156e-17 0.291666666667
134 0.26 2.77555756156e-17 0.291666666667
135 0.26 2.77555756156e-17 0.291666666667
136 0.26 2.77555756156e-17 0.291666666667
137 0.26 2.77555756156e-17 0.291666666667
138 0.26 2.77555756156e-17 0.291666666667
139 0.26 2.77555756156e-17 0.291666666667
140 0.26 2.77555756156e-17 0.291666666667
141 0.26 2.77555756156e-17 0.291666666667
142 0.26 2.77555756156e-17 0.291666666667
143 0.26 2.77555756156e-17 0.291666666667
144 0.26 2.77555756156e-17 0.291666666667
145 0.26 2.77555756156e-17 0.291666666667
146 0.26 2.77555756156e-17 0.291666666667
147 0.26 2.77555756156e-17 0.291666666667
148 0.26 2.77555756156e-17 0.291666666667
149 0.26 2.77555756156e-17 0.291666666667
150 0.26 2.77555756156e-17 0.291666666667
151 0.26 2.77555756156e-17 0.291666666667
152 0.26 2.77555756156e-17 0.291666666667
153 0.26 2.77555756156e-17 0.291666666667
154 0.26 2.77555756156e-17 0.291666666667
155 0.26 2.77555756156e-17 0.291666666667
156 0.26 2.77555756156e-17 0.291666666667
157 0.26 2.77555756156e-17 0.291666666667
158 0.26 2.77555756156e-17 0.291666666667
159 0.26 2.77555756156e-17 0.291666666667
160 0.26 2.77555756156e-17 0.291666666667
161 0.26 2.77555756156e-17 0.285916666667
162 0.26 2.77555756156e-17 0.282083333333
163 0.26 2.77555756156e-17 0.276333333333
164 0.26 2.77555756156e-17 0.27125
165 0.26 2.77555756156e-17 0.26675
166 0.26 2.77555756156e-17 0.261
167 0.26 2.77555756156e-17 0.25525
168 0.26 2.77555756156e-17 0.251416666667
169 0.26 2.77555756156e-17 0.245083333333
170 0.26 2.77555756156e-17 0.239916666667
171 0.26 2.77555756156e-17 0.234166666667
172 0.26 2.77555756156e-17 0.229083333333
173 0.26 2.77555756156e-17 0.224583333333
174 0.26 -0.1 0.2195
175 0.26 -0.1 0.214916666667
176 0.26 -0.15 0.211166666667
177 0.26 -0.2 0.2075
178 0.26 -0.2 0.205416666667
179 0.26 -0.3 0.2035
180 0.26 -0.3 0.201583333333
181 0.26 -0.35 0.2035
182 0.26 -0.4 0.205416666667
183 0.26 -0.45 0.207333333333
184 0.26 -0.5 0.211166666667
185 0.26 -0.5 0.216916666667
186 0.26 -0.5 0.222666666667
187 0.26 -0.5 0.228416666667
188 0.26 -0.5 0.236083333333
189 0.26 -0.5 0.24375
190 0.26 -0.5 0.253333333333
191 0.26 -0.5 0.262916666667
192 0.26 -0.5 0.270583333333
193 0.26 -0.5 0.280166666667
194 0.26 -0.5 0.287833333333
195 0.26 -0.5 0.291666666667
196 0.26 -0.5 0.291666666667
197 0.26 -0.5 0.291666666667
198 0.26 -0.5 0.291666666667
199 0.26 -0.5 0.291666666667
200 0.26 -0.5 0.291666666667
201 0.26 -0.5 0.291666666667
202 0.26 -0.5 0.287333333333
203 0.26 -0.5 0.281416666667
204 0.26 -0.5 0.280666666667
205 0.26 -0.45 0.275166666667
206 0.26 -0.4 0.269166666667
207 0.26 -0.4 0.256916666667
208 0.26 -0.35 0.25475
209 0.26 -0.3 0.251916666667
210 0.26 -0.3 0.248666666667
211 0.26 -0.25 0.248416666667
212 0.26 -0.2 0.238833333333
213 0.26 -0.2 0.233833333333
214 0.26 -0.1 0.23325
215 0.26 -0.1 0.233583333333
216 0.26 -2.77555756156e-17 0.231666666667
217 0.26 -2.77555756156e-17 0.232416666667
218 0.26 -2.77555756156e-17 0.232166666667
219 0.26 -2.77555756156e-17 0.2325
220 0.26 -2.77555756156e-17 0.231583333333
221 0.26 -2.77555756156e-17 0.23325
222 0.26 -2.77555756156e-17 0.234666666667
223 0.26 -2.77555756156e-17 0.233416666667
224 0.26 -2.77555756156e-17 0.233166666667
225 0.26 -2.77555756156e-17 0.235
226 0.26 -2.77555756156e-17 0.235666666667
227 0.26 -2.77555756156e-17 0.2355
228 0.26 -2.77555756156e-17 0.236916666667
229 0.26 -2.77555756156e-17 0.237833333333
230 0.26 -2.77555756156e-17 0.236833333333
231 0.26 -2.77555756156e-17 0.236916666667
232 0.26 -2.77555756156e-17 0.2375
233 0.26 -2.77555756156e-17 0.237333333333
234 0.26 -2.77555756156e-17 0.237916666667
235 0.26 -2.77555756156e-17 0.23725
236 0.26 -2.77555756156e-17 0.236666666667
237 0.26 -2.77555756156e-17 0.2365
238 0.26 -2.77555756156e-17 0.23775
239 0.26 -2.77555756156e-17 0.237416666667
240 0.26 -2.77555756156e-17 0.23725
241 0.26 -0.1 0.237583333333
242 0.26 -0.1 0.236666666667
243 0.26 -0.15 0.236416666667
244 0.26 -0.2 0.23625
245 0.26 -0.2 0.23575
246 0.26 -0.3 0.24175
247 0.26 -0.3 0.249333333333
248 0.26 -0.35 0.249666666667
249 0.26 -0.4 0.248416666667
250 0.26 -0.4 0.256666666667
251 0.26 -0.45 0.262
252 0.26 -0.5 0.2525
253 0.26 -0.5 0.239833333333
254 0.26 -0.5 0.249833333333
255 0.26 -0.5 0.248583333333
256 0.26 -0.5 0.257666666667
257 0.26 -0.5 0.263583333333
258 0.26 -0.5 0.263916666667
259 0.26 -0.5 0.26275
260 0.26 -0.5 0.262333333333
261 0.26 -0.5 0.244666666667
262 0.26 -0.5 0.249333333333
263 0.26 -0.45 0.2605
264 0.26 -0.4 0.272916666667
265 0.26 -0.35 0.27225
266 0.26 -0.3 0.271083333333
267 0.26 -0.25 0.27075
268 0.26 -0.2 0.269083333333
269 0.26 -0.15 0.268583333333
270 0.26 -0.1 0.266916666667
271 0.26 -0.1 0.265333333333
272 0.26 -0.1 0.26375
273 0.26 -0.1 0.262
274 0.26 -0.1 0.259833333333
275 0.26 -0.1 0.258166666667
276 0.26 -0.1 0.257166666667
277 0.26 -0.1 0.256166666667
278 0.26 -0.2 0.254666666667
279 0.26 -0.2 0.256583333333
280 0.26 -0.2 0.262833333333
281 0.26 -0.2 0.272916666667
282 0.26 -0.2 0.276083333333
283 0.26 -0.2 0.284
284 0.26 -0.2 0.29075
285 0.26 -0.2 0.291666666667
286 0.26 -0.2 0.291666666667
287 0.26 -0.2 0.291666666667
288 0.26 -0.2 0.291666666667
289 0.26 -0.2 0.291666666667
290 0.26 -0.2 0.291583333333
291 0.26 -0.2 0.28775
292 0.26 -0.2 0.28275
293 0.26 -0.2 0.28325
294 0.26 -0.2 0.287333333333
295 0.26 -0.2 0.2915
296 0.26 -0.2 0.291666666667
297 0.26 -0.2 0.291666666667
298 0.26 -0.2 0.291666666667
299 0.26 -0.2 0.291666666667
300 0.26 -0.2 0.291666666667
301 0.26 -0.2 0.291666666667
302 0.26 -0.2 0.291666666667
303 0.26 -0.2 0.291666666667
304 0.26 -0.15 0.291666666667
305 0.26 -0.1 0.291666666667
306 0.26 -0.1 0.291666666667
307 0.26 -2.77555756156e-17 0.291666666667
308 0.26 -2.77555756156e-17 0.291666666667
309 0.26 -2.77555756156e-17 0.291666666667
310 0.26 -2.77555756156e-17 0.291666666667
311 0.26 -2.77555756156e-17 0.291666666667
312 0.26 -2.77555756156e-17 0.291666666667
313 0.26 -2.77555756156e-17 0.291666666667
314 0.26 -2.77555756156e-17 0.291666666667
315 0.26 -2.77555756156e-17 0.291666666667
316 0.26 -2.77555756156e-17 0.291583333333
317 0.26 -2.77555756156e-17 0.2915
318 0.26 -2.77555756156e-17 0.291333333333
319 0.26 -2.77555756156e-17 0.291
320 0.26 -2.77555756156e-17 0.29075
321 0.26 -2.77555756156e-17 0.290666666667
322 0.26 -2.77555756156e-17 0.290333333333
323 0.26 -2.77555756156e-17 0.28725
324 0.26 -2.77555756156e-17 0.283166666667
325 0.26 -2.77555756156e-17 0.282666666667
326 0.26 -2.77555756156e-17 0.28225
327 0.26 -2.77555756156e-17 0.282
328 0.26 -2.77555756156e-17 0.282166666667
329 0.26 -2.77555756156e-17 0.281916666667
330 0.26 -2.77555756156e-17 0.281166666667
331 0.26 -2.77555756156e-17 0.280416666667
332 0.26 -2.77555756156e-17 0.27975
333 0.26 -2.77555756156e-17 0.278333333333
334 0.26 -2.77555756156e-17 0.278666666667
335 0.26 -2.77555756156e-17 0.276083333333
336 0.26 -2.77555756156e-17 0.2735
337 0.26 -2.77555756156e-17 0.273583333333
338 0.26 -2.77555756156e-17 0.273583333333
339 0.26 -2.77555756156e-17 0.27425
340 0.26 -2.77555756156e-17 0.273833333333
341 0.26 -2.77555756156e-17 0.2735
342 0.26 -2.77555756156e-17 0.273416666667
343 0.26 -2.77555756156e-17 0.273416666667
344 0.26 -2.77555756156e-17 0.273833333333
345 0.26 -2.77555756156e-17 0.273666666667
346 0.26 -2.77555756156e-17 0.27375
347 0.26 -2.77555756156e-17 0.273916666667
348 0.26 -2.77555756156e-17 0.273166666667
349 0.26 -2.77555756156e-17 0.272916666667
350 0.26 -2.77555756156e-17 0.272916666667
351 0.26 -2.77555756156e-17 0.2725
352 0.26 -2.77555756156e-17 0.271833333333
353 0.26 -2.77555756156e-17 0.272083333333
354 0.26 -2.77555756156e-17 0.2715
355 0.26 -2.77555756156e-17 0.2715
356 0.26 -2.77555756156e-17 0.271333333333
357 0.26 -2.77555756156e-17 0.27125
358 0.26 -2.77555756156e-17 0.271166666667
359 0.26 -2.77555756156e-17 0.271583333333
360 0.26 -2.77555756156e-17 0.27275
361 0.26 -2.77555756156e-17 0.274
362 0.26 -2.77555756156e-17 0.2755
363 0.26 -2.77555756156e-17 0.27625
364 0.26 -2.77555756156e-17 0.27575
365 0.26 -2.77555756156e-17 0.27675
366 0.26 -2.77555756156e-17 0.277416666667
367 0.26 -2.77555756156e-17 0.276833333333
368 0.26 0.05 0.27525
369 0.26 0.1 0.273333333333
370 0.26 0.1 0.27175
371 0.26 0.1 0.271666666667
372 0.26 0.1 0.270083333333
373 0.26 0.2 0.269083333333
374 0.26 0.2 0.269416666667
375 0.26 0.25 0.268416666667
376 0.26 0.3 0.267833333333
377 0.26 0.3 0.267583333333
378 0.26 0.35 0.266666666667
379 0.26 0.4 0.264416666667
380 0.26 0.4 0.2535
381 0.26 0.45 0.243833333333
382 0.26 0.5 0.2445
383 0.26 0.5 0.244083333333
384 0.26 0.5 0.251916666667
385 0.26 0.5 0.26175
386 0.26 0.5 0.270416666667
387 0.26 0.5 0.254916666667
388 0.26 0.5 0.254416666667
389 0.26 0.5 0.255916666667
390 0.26 0.5 0.257916666667
391 0.26 0.5 0.268083333333
392 0.26 0.5 0.274
393 0.26 0.5 0.274333333333
394 0.26 0.5 0.26425
395 0.26 0.5 0.251416666667
396 0.26 0.5 0.245416666667
397 0.26 0.5 0.247833333333
398 0.26 0.5 0.262083333333
399 0.26 0.5 0.26325
400 0.26 0.5 0.264333333333
401 0.26 0.5 0.264
402 0.26 0.5 0.248916666667
403 0.26 0.5 0.248333333333
404 0.26 0.5 0.247416666667
405 0.26 0.5 0.243083333333
406 0.26 0.5 0.242916666667
407 0.26 0.5 0.258833333333
408 0.26 0.5 0.259333333333
409 0.26 0.5 0.26025
410 0.26 0.5 0.260583333333
411 0.26 0.5 0.261
412 0.26 0.5 0.26125
413 0.26 0.5 0.27375
414 0.26 0.5 0.275666666667
415 0.26 0.5 0.275666666667
416 0.26 0.5 0.287333333333
417 0.26 0.5 0.291666666667
418 0.26 0.5 0.291666666667
419 0.26 0.5 0.291666666667
420 0.26 0.5 0.291666666667
421 0.26 0.5 0.291666666667
422 0.26 0.5 0.291666666667
423 0.26 0.5 0.291666666667
424 0.26 0.5 0.291666666667
425 0.26 0.5 0.291666666667
426 0.26 0.5 0.291666666667
427 0.26 0.5 0.291666666667
428 0.26 0.45 0.291666666667
429 0.26 0.4 0.291666666667
430 0.26 0.4 0.291666666667
431 0.26 0.3 0.291666666667
432 0.26 0.3 0.291666666667
433 0.26 0.3 0.291666666667
434 0.26 0.2 0.291666666667
435 0.26 0.2 0.291666666667
436 0.26 0.15 0.291666666667
437 0.26 0.1 0.291666666667
438 0.26 0.1 0.291666666667
439 0.26 2.77555756156e-17 0.291666666667
440 0.26 2.77555756156e-17 0.291666666667
441 0.26 2.77555756156e-17 0.291666666667
442 0.26 2.77555756156e-17 0.291666666667
443 0.26 2.77555756156e-17 0.291666666667
444 0.26 2.77555756156e-17 0.291666666667
445 0.26 2.77555756156e-17 0.291666666667
446 0.26 2.77555756156e-17 0.291666666667
447 0.26 2.77555756156e-17 0.291666666667
448 0.26 2.77555756156e-17 0.291666666667
449 0.26 2.77555756156e-17 0.291666666667
450 0.26 2.77555756156e-17 0.291666666667
451 0.26 2.77555756156e-17 0.291666666667
452 0.26 2.77555756156e-17 0.291666666667
453 0.26 2.77555756156e-17 0.291666666667
454 0.26 2.77555756156e-17 0.291666666667
455 0.26 2.77555756156e-17 0.291666666667
456 0.26 2.77555756156e-17 0.291666666667
457 0.26 2.77555756156e-17 0.291666666667
458 0.26 2.77555756156e-17 0.291666666667
459 0.26 2.77555756156e-17 0.291666666667
460 0.26 2.77555756156e-17 0.291666666667
461 0.26 2.77555756156e-17 0.291666666667
462 0.26 2.77555756156e-17 0.291666666667
463 0.26 2.77555756156e-17 0.291666666667
464 0.26 2.77555756156e-17 0.291666666667
465 0.26 2.77555756156e-17 0.291666666667
466 0.26 2.77555756156e-17 0.291666666667
467 0.26 2.77555756156e-17 0.291666666667
468 0.26 2.77555756156e-17 0.291666666667
469 0.26 2.77555756156e-17 0.291666666667
470 0.26 2.77555756156e-17 0.291666666667
471 0.26 2.77555756156e-17 0.291666666667
472 0.26 2.77555756156e-17 0.291666666667
473 0.26 2.77555756156e-17 0.291666666667
474 0.26 2.77555756156e-17 0.291666666667
475 0.26 2.77555756156e-17 0.291666666667
476 0.26 2.77555756156e-17 0.291666666667
477 0.26 2.77555756156e-17 0.291666666667
478 0.26 2.77555756156e-17 0.291666666667
479 0.26 2.77555756156e-17 0.291666666667
480 0.26 2.77555756156e-17 0.291666666667
481 0.26 2.77555756156e-17 0.291666666667
482 0.26 2.77555756156e-17 0.291666666667
483 0.26 2.77555756156e-17 0.291666666667
484 0.26 2.77555756156e-17 0.291666666667
485 0.26 2.77555756156e-17 0.291666666667
486 0.26 2.77555756156e-17 0.291666666667
487 0.26 2.77555756156e-17 0.291666666667
488 0.26 2.77555756156e-17 0.291666666667
489 0.26 2.77555756156e-17 0.28975
490 0.26 2.77555756156e-17 0.285916666667
491 0.26 2.77555756156e-17 0.284
492 0.26 2.77555756156e-17 0.282083333333
493 0.26 2.77555756156e-17 0.27825
494 0.26 2.77555756156e-17 0.276333333333
495 0.26 2.77555756156e-17 0.274416666667
496 0.26 2.77555756156e-17 0.270583333333
497 0.26 2.77555756156e-17 0.268666666667
498 0.26 2.77555756156e-17 0.26675
499 0.26 2.77555756156e-17 0.262916666667
500 0.26 2.77555756156e-17 0.261
501 0.26 2.77555756156e-17 0.259083333333
502 0.26 2.77555756156e-17 0.25625
503 0.26 2.77555756156e-17 0.253333333333
504 0.26 2.77555756156e-17 0.2495
505 0.26 2.77555756156e-17 0.247583333333
506 0.26 2.77555756156e-17 0.245666666667
507 0.26 2.77555756156e-17 0.24375
508 0.26 2.77555756156e-17 0.239916666667
509 0.26 2.77555756156e-17 0.238
510 0.26 2.77555756156e-17 0.235333333333
511 0.26 2.77555756156e-17 0.23225
512 0.26 2.77555756156e-17 0.230333333333
513 0.26 2.77555756156e-17 0.228416666667
514 0.26 2.77555756156e-17 0.225416666667
515 0.26 2.77555756156e-17 0.222666666667
516 0.26 2.77555756156e-17 0.22075
517 0.26 2.77555756156e-17 0.216916666667
518 0.26 2.77555756156e-17 0.215
519 0.26 2.77555756156e-17 0.213083333333
520 0.26 2.77555756156e-17 0.20925
521 0.26 2.77555756156e-17 0.207333333333
522 0.26 2.77555756156e-17 0.205416666667
523 0.26 2.77555756156e-17 0.202666666667
524 0.26 -0.05 0.199666666667
525 0.26 -0.1 0.19775
526 0.26 -0.15 0.19775
527 0.26 -0.2 0.19775
528 0.26 -0.2 0.199666666667
529 0.26 -0.3 0.201583333333
530 0.26 -0.3 0.2035
531 0.26 -0.4 0.20925
532 0.26 -0.4 0.216916666667
533 0.26 -0.4 0.224583333333
534 0.26 -0.4 0.230333333333
535 0.26 -0.4 0.238
536 0.26 -0.4 0.245666666667
537 0.26 -0.4 0.251416666667
538 0.26 -0.4 0.262916666667
539 0.26 -0.4 0.270583333333
540 0.26 -0.4 0.280166666667
541 0.26 -0.4 0.285916666667
542 0.26 -0.4 0.291666666667
543 0.26 -0.4 0.291666666667
544 0.26 -0.4 0.291666666667
545 0.26 -0.4 0.291666666667
546 0.26 -0.4 0.291666666667
547 0.26 -0.4 0.291666666667
548 0.26 -0.4 0.291666666667
549 0.26 -0.4 0.291666666667
550 0.26 -0.4 0.291666666667
551 0.26 -0.4 0.291666666667
552 0.26 -0.4 0.291666666667
553 0.26 -0.4 0.291666666667
554 0.26 -0.4 0.291666666667
555 0.26 -0.4 0.291666666667
556 0.26 -0.4 0.291666666667
557 0.26 -0.4 0.291666666667
558 0.26 -0.4 0.291666666667
559 0.26 -0.35 0.291666666667
560 0.26 -0.3 0.291666666667
561 0.26 -0.25 0.291666666667
562 0.26 -0.2 0.291666666667
563 0.26 -0.15 0.291666666667
564 0.26 -0.1 0.291666666667
565 0.26 -0.05 0.291666666667
566 0.26 -2.77555756156e-17 0.291666666667
567 0.26 -2.77555756156e-17 0.291666666667
568 0.26 -2.77555756156e-17 0.291666666667
569 0.26 -2.77555756156e-17 0.291666666667
570 0.26 -2.77555756156e-17 0.291666666667
571 0.26 -2.77555756156e-17 0.291666666667
572 0.26 -2.77555756156e-17 0.291666666667
573 0.26 -2.77555756156e-17 0.291666666667
574 0.26 -2.77555756156e-17 0.291666666667
575 0.26 -2.77555756156e-17 0.291666666667
576 0.26 -2.77555756156e-17 0.291666666667
577 0.26 -2.77555756156e-17 0.291666666667
578 0.26 -2.77555756156e-17 0.291666666667
579 0.26 -2.77555756156e-17 0.291666666667
580 0.26 -2.77555756156e-17 0.291666666667
581 0.26 -2.77555756156e-17 0.291666666667
582 0.26 -2.77555756156e-17 0.291666666667
583 0.26 -2.77555756156e-17 0.291666666667
584 0.26 -2.77555756156e-17 0.291666666667
585 0.26 -2.77555756156e-17 0.291666666667
586 0.26 -2.77555756156e-17 0.291666666667
587 0.26 -2.77555756156e-17 0.291666666667
588 0.26 -2.77555756156e-17 0.291666666667
589 0.26 -2.77555756156e-17 0.291666666667
590 0.26 -2.77555756156e-17 0.291666666667
591 0.26 -2.77555756156e-17 0.291666666667
592 0.26 -2.77555756156e-17 0.291666666667
593 0.26 -2.77555756156e-17 0.291666666667
594 0.26 -2.77555756156e-17 0.291666666667
595 0.26 -2.77555756156e-17 0.291666666667
596 0.26 -2.77555756156e-17 0.291666666667
597 0.26 -2.77555756156e-17 0.291666666667
598 0.26 -2.77555756156e-17 0.291666666667
599 0.26 -2.77555756156e-17 0.291666666667
600 0.26 -2.77555756156e-17 0.291666666667
601 0.26 -2.77555756156e-17 0.291666666667
602 0.26 -2.77555756156e-17 0.291666666667
603 0.26 -2.77555756156e-17 0.291666666667
604 0.26 -2.77555756156e-17 0.291666666667
605 0.26 -2.77555756156e-17 0.291666666667
606 0.26 -2.77555756156e-17 0.291666666667
607 0.26 -2.77555756156e-17 0.291666666667
608 0.26 -2.77555756156e-17 0.291666666667
609 0.26 -2.77555756156e-17 0.291666666667
610 0.26 -2.77555756156e-17 0.291666666667
611 0.26 -2.77555756156e-17 0.291666666667
612 0.26 -2.77555756156e-17 0.291666666667
613 0.26 -2.77555756156e-17 0.291666666667
614 0.26 -2.77555756156e-17 0.291666666667
615 0.26 -2.77555756156e-17 0.291666666667
616 0.26 -2.77555756156e-17 0.291666666667
