0 0.26 0.0 0.75
1 0.26 0.0 0.019
2 0.26 0.0 0.0
3 0.26 0.0 0.0
4 0.26 0.0 0.0
5 0.26 0.0 0.0
6 0.26 0.0 0.0
7 0.26 0.0 0.0
8 0.26 0.0 0.0
9 0.26 0.0 0.0
10 0.26 0.0 0.0
11 0.26 0.0 0.0
12 0.26 0.0 0.0
13 0.26 0.0 0.0
14 0.26 0.0 0.0
15 0.26 0.0 0.0
16 0.26 0.0 0.0
17 0.26 0.0 0.0
18 0.26 0.0 0.0
19 0.26 0.0 0.0
20 0.26 0.0 0.0
21 0.26 0.0 0.0
22 0.26 0.0 0.0
23 0.26 -0.05 0.0
24 0.26 -0.1 0.0
25 0.26 -0.15 0.0
26 0.26 -0.2 0.0
27 0.26 -0.2 0.0
28 0.26 -0.25 0.0
29 0.26 -0.3 0.0
30 0.26 -0.35 0.00625
31 0.26 -0.4 0.05625
32 0.26 -0.4 0.11875
33 0.26 -0.4 0.181833333333
34 0.26 -0.4 0.1875
35 0.26 -0.4 0.19125
36 0.26 -0.4 0.19375
37 0.26 -0.4 0.2
38 0.26 -0.4 0.2
39 0.26 -0.4 0.2125
40 0.26 -0.4 0.225
41 0.26 -0.4 0.1875
42 0.26 -0.4 0.10625
43 0.26 -0.4 0.0236666666667
44 0.26 -0.4 0.0
45 0.26 -0.4 0.0
46 0.0 0.0 0.0
47 0.0 0.0 0.0
48 0.0 0.0 0.0
49 0.0 0.0 0.0
50 0.0 0.0 0.0
51 0.0 0.0 0.0
52 0.005 0.0 0.04375
53 0.01 0.0 0.0644166666667
54 0.01 0.0 0.0625
55 0.01 0.0 0.0625
56 0.01 0.0 0.0625
57 0.02 0.0 0.0625
58 0.035 0.0 0.05625
59 0.055 0.0 0.05625
60 0.07 0.0 0.05625
61 0.085 0.0 0.05
62 0.1 0.0 0.05
63 0.115 0.0 0.04375
64 0.13 0.0 0.04375
65 0.145 0.0 0.04375
66 0.16 0.0 0.05
67 0.18 0.0 0.05
68 0.195 0.0 0.04375
69 0.21 0.0 0.03125
70 0.225 0.0 0.025
71 0.24 0.0 0.025
72 0.255 0.0 0.025
73 0.26 0.0 0.01875
74 0.26 0.0 0.00625
75 0.26 0.0 0.0
76 0.26 0.0 0.0
77 0.26 0.0 0.0
78 0.26 0.0 0.0
79 0.26 0.0 0.0
80 0.26 0.0 0.0
81 0.26 0.0 0.0
82 0.26 0.0 0.0
83 0.26 0.0 0.0
84 0.26 0.0 0.0
85 0.26 0.0 0.0
86 0.26 0.0 0.0
87 0.26 0.0 0.0
88 0.26 0.0 0.0
89 0.26 0.0 0.0
90 0.26 0.0 0.0
91 0.26 0.0 0.0
92 0.26 0.0 0.0
93 0.26 0.0 0.0
94 0.26 0.0 0.0
95 0.26 0.0 0.0
96 0.26 0.05 0.0
97 0.26 0.1 0.0
98 0.26 0.1 0.0
99 0.26 0.15 0.0
100 0.26 0.2 0.0
101 0.26 0.25 0.0
102 0.26 0.3 0.0
103 0.26 0.35 0.00625
104 0.26 0.4 0.075
105 0.26 0.4 0.13125
106 0.26 0.4 0.19375
107 0.26 0.4 0.25625
108 0.26 0.4 0.325
109 0.26 0.4 0.3875
110 0.26 0.4 0.45
111 0.26 0.4 0.5125
112 0.26 0.4 0.575
113 0.26 0.4 0.6375
114 0.26 0.4 0.7
115 0.26 0.4 0.75
116 0.26 0.4 0.75
117 0.0 0.0 0.75
118 0.0 0.0 0.75
119 0.0 0.0 0.75
120 0.0 0.0 0.75
121 0.0 0.0 0.75
122 0.005 0.0 0.75
123 0.01 0.0 0.75
124 0.01 0.0 0.75
125 0.01 0.0 0.75
126 0.01 0.0 0.75
127 0.015 0.0 0.75
128 0.035 0.0 0.75
129 0.05 0.0 0.75
130 0.065 0.0 0.75
131 0.085 0.0 0.75
132 0.1 0.0 0.75
133 0.115 0.0 0.75
134 0.135 0.0 0.75
135 0.15 0.0 0.75
136 0.165 0.0 0.75
137 0.185 0.0 0.75
138 0.2 0.0 0.75
139 0.215 0.0 0.75
140 0.23 0.0 0.75
141 0.25 0.0 0.75
142 0.26 0.0 0.75
143 0.26 0.0 0.75
144 0.26 0.0 0.75
145 0.26 0.0 0.75
146 0.26 0.0 0.75
147 0.26 0.0 0.75
148 0.26 0.0 0.75
149 0.26 0.0 0.75
150 0.26 0.0 0.75
151 0.26 0.0 0.75
152 0.26 0.0 0.75
