0 0.1 0.0 0.0
1 0.125 0.0 0.0
2 0.15 0.0 0.0
3 0.16 0.0 0.0
4 0.165 0.0 0.0
5 0.175 0.0 0.0
6 0.185 0.0 0.0
7 0.19 0.0 0.0
8 0.2 0.0 0.0
9 0.21 0.0 0.0
10 0.215 0.0 0.0
11 0.225 0.0 0.0
12 0.235 0.0 0.0
13 0.245 -0.1 0.0
14 0.255 -0.1 0.0
15 0.26 -0.2 0.0
16 0.26 -0.2 0.0
17 0.26 -0.25 0.0
18 0.26 -0.3 0.0
19 0.26 -0.35 0.0
20 0.26 -0.4 0.0
21 0.26 -0.4 0.0
22 0.26 -0.4 0.0
23 0.26 -0.4 0.1
24 0.26 -0.4 0.13125
25 0.26 -0.4 0.1375
26 0.26 -0.4 0.15
27 0.26 -0.4 0.16875
28 0.26 -0.4 0.15625
29 0.26 -0.4 0.0125
30 0.0 0.0 0.0
31 0.0 0.0 0.0
32 0.0 0.0 0.0
33 0.01 0.0 0.0
34 0.01 0.0 0.0
35 0.01 0.0 0.0
36 0.035 0.0 0.0
37 0.065 0.0 0.0
38 0.09 0.0 0.0
39 0.12 0.0 0.0
40 0.15 0.0 0.0
41 0.165 0.1 0.0
42 0.175 0.1 0.0
43 0.18 0.1 0.0
44 0.19 0.15 0.0
45 0.2 0.2 0.0
46 0.205 0.2 0.0
47 0.215 0.2 0.0
48 0.225 0.2 0.0
49 0.23 0.2 0.0
50 0.245 0.3 0.0
51 0.25 0.3 0.0
52 0.26 0.3 0.0
53 0.26 0.3 0.0
54 0.26 0.3 0.0
55 0.26 0.3 0.0
56 0.26 0.3 0.0
57 0.26 0.3 0.0
58 0.26 0.3 0.0
59 0.26 0.3 0.0
60 0.26 0.3 0.0
61 0.26 0.3 0.0
62 0.26 0.3 0.0
63 0.26 0.3 0.0
64 0.26 0.3 0.0
65 0.26 0.4 0.0
66 0.26 0.4 0.0
67 0.26 0.4 0.00625
68 0.26 0.4 0.1125
69 0.26 0.4 0.25
70 0.26 0.4 0.34375
71 0.26 0.4 0.3375
72 0.26 0.4 0.329333333333
73 0.26 0.4 0.33125
74 0.26 0.4 0.3125
75 0.26 0.4 0.1875
76 0.26 0.4 0.08125
77 0.0 0.0 0.0
78 0.0 0.0 0.06875
79 0.0 0.0 0.15625
80 0.005 0.0 0.1625
81 0.01 0.0 0.1625
82 0.01 0.0 0.1625
83 0.02 0.0 0.1625
84 0.045 0.0 0.1625
85 0.075 0.0 0.1625
86 0.105 0.0 0.1625
87 0.135 0.0 0.1625
88 0.16 0.0 0.15
89 0.19 0.0 0.1625
90 0.215 0.0 0.15625
91 0.24 0.0 0.1625
92 0.26 0.0 0.1625
93 0.26 0.0 0.1625
94 0.26 0.0 0.15625
95 0.26 0.0 0.15625
96 0.26 0.0 0.15
97 0.26 0.0 0.14375
98 0.26 0.0 0.14375
99 0.26 0.0 0.1375
100 0.26 0.0 0.13125
101 0.26 0.0 0.125
102 0.26 0.0 0.11875
103 0.26 0.0 0.11875
104 0.26 0.0 0.10625
105 0.26 0.0 0.103333333333
106 0.26 0.0 0.1
107 0.26 0.0 0.09375
108 0.26 0.0 0.0848333333333
109 0.26 0.0 0.08125
110 0.26 0.0 0.075
111 0.26 0.0 0.0625
112 0.26 0.0 0.05625
113 0.26 0.0 0.05
114 0.26 0.0 0.04375
115 0.26 0.0 0.0375
116 0.26 0.0 0.025
117 0.26 0.0 0.01875
118 0.26 0.0 0.0125
119 0.26 0.0 0.0
120 0.26 0.0 0.0
121 0.26 0.0 0.0
122 0.26 0.0 0.0
123 0.26 0.0 0.0
124 0.26 0.0 0.0
125 0.26 0.0 0.0
126 0.26 0.0 0.0
127 0.26 0.0 0.0
128 0.26 0.0 0.0
129 0.26 0.0 0.0
130 0.26 0.0 0.0
131 0.26 0.0 0.0
132 0.26 0.0 0.0
133 0.26 0.0 0.0
134 0.26 0.0 0.0
135 0.26 0.1 0.0
136 0.26 0.1 0.0
137 0.26 0.1 0.0
138 0.26 0.15 0.0
139 0.26 0.2 0.0
140 0.26 0.2 0.0
141 0.26 0.25 0.0
142 0.26 0.3 0.0
143 0.26 0.3 0.0
144 0.26 0.4 0.0
145 0.26 0.45 0.0
146 0.26 0.5 0.0
147 0.26 0.5 0.0
148 0.26 0.5 0.0
149 0.26 0.5 0.0
150 0.26 0.5 0.0
151 0.0 0.0 0.0
152 0.0 0.0 0.0
153 0.0 0.0 0.0
154 0.01 0.0 0.0
155 0.01 0.0 0.0
156 0.01 0.0 0.0
157 0.03 0.0 0.0
158 0.06 0.0 0.0
159 0.085 0.0 0.0
160 0.11 0.0 0.0
161 0.14 0.0 0.0
162 0.17 0.0 0.0
163 0.195 0.0 0.0
164 0.225 0.0 0.0
165 0.245 0.0 0.0
166 0.255 0.0 0.0
167 0.26 0.0 0.0
168 0.26 0.0 0.0
169 0.26 0.0 0.0
170 0.26 0.0 0.0
171 0.26 0.0 0.0
172 0.26 0.0 0.0
173 0.26 0.0 0.0
174 0.26 0.0 0.0
175 0.26 0.0 0.0
176 0.26 0.0 0.0
177 0.26 0.0 0.0
178 0.26 0.0 0.0
179 0.26 0.0 0.0
180 0.26 0.0 0.0
181 0.26 -0.1 0.0
182 0.26 -0.1 0.0
183 0.26 -0.1 0.0
184 0.26 -0.1 0.0
185 0.26 -0.1 0.0
186 0.26 -0.1 0.0
187 0.26 -0.1 0.0
188 0.26 -0.1 0.0
189 0.26 -0.1 0.0
190 0.26 -0.1 0.0
191 0.26 -0.1 0.0
192 0.26 -0.1 0.0
193 0.26 -0.1 0.0
194 0.26 -0.1 0.0
195 0.26 -0.1 0.0
196 0.26 -0.1 0.0
197 0.26 -0.1 0.0
198 0.26 -0.1 0.0
199 0.26 -0.1 0.0
200 0.26 -0.1 0.0
201 0.26 -0.1 0.0
202 0.26 -0.2 0.0
203 0.26 -0.2 0.0
204 0.26 -0.2 0.0
205 0.26 -0.2 0.0
206 0.26 -0.2 0.0
207 0.26 -0.2 0.05
208 0.26 -0.2 0.1
209 0.26 -0.2 0.15625
