0 0.26 0.0 0.0
1 0.26 0.0 0.0
2 0.26 0.0 0.0
3 0.26 0.0 0.0
4 0.26 0.0 0.0
5 0.26 0.0 0.0
6 0.26 0.0 0.0
7 0.26 0.0 0.0
8 0.26 -0.05 0.0
9 0.26 -0.1 0.0
10 0.26 -0.15 0.0
11 0.26 -0.2 0.0
12 0.26 -0.25 0.0
13 0.26 -0.3 0.0
14 0.26 -0.3 0.0
15 0.26 -0.4 0.0
16 0.26 -0.4 0.0
17 0.26 -0.4 0.075
18 0.26 -0.4 0.1875
19 0.26 -0.4 0.24375
20 0.26 -0.4 0.25625
21 0.26 -0.4 0.275
22 0.26 -0.4 0.298416666667
23 0.0 0.0 0.2
24 0.0 0.0 0.05625
25 0.0 0.0 0.0
26 0.0 0.0 0.0
27 0.01 0.0 0.0
28 0.01 0.0 0.0
29 0.01 0.0 0.0
30 0.035 0.0 0.0
31 0.06 0.0 0.0
32 0.085 0.0 0.0
33 0.115 0.0 0.0
34 0.145 0.0 0.0
35 0.17 0.0 0.0
36 0.2 0.0 0.0
37 0.23 0.0 0.0
38 0.26 0.0 0.0
39 0.26 0.0 0.0
40 0.26 0.0 0.0
41 0.26 0.0 0.0
42 0.26 0.0 0.0
43 0.26 0.0 0.0
44 0.26 0.0 0.0
45 0.26 0.0 0.0
46 0.26 0.0 0.0
47 0.26 0.0 0.0
48 0.26 0.0 0.0
49 0.26 0.0 0.0
50 0.26 0.0 0.0
51 0.26 0.05 0.0
52 0.26 0.1 0.0
53 0.26 0.1 0.0
54 0.26 0.1 0.0
55 0.26 0.2 0.0
56 0.26 0.2 0.0
57 0.26 0.2 0.0
58 0.26 0.25 0.0
59 0.26 0.3 0.025
60 0.26 0.3 0.12725
61 0.26 0.35 0.210583333333
62 0.26 0.4 0.29375
63 0.26 0.4 0.3
64 0.26 0.4 0.29375
65 0.26 0.4 0.2875
66 0.0 0.0 0.28125
67 0.0 0.0 0.28125
68 0.0 0.0 0.2875
69 0.0 0.0 0.289416666667
70 0.0 0.05 0.18125
71 0.0 0.1 0.125
72 0.0 0.1 0.140333333333
73 0.0 0.25 0.16875
74 0.0 0.45 0.2125
75 0.0 0.55 0.2875
76 0.0 0.6 0.2875
77 0.0 0.7 0.28125
78 0.0 0.8 0.2625
79 0.0 0.0 0.0375
80 0.0 0.0 0.0125
81 0.005 0.0 0.0125
82 0.01 0.0 0.0125
83 0.01 0.0 0.0125
84 0.02 0.0 0.0125
85 0.045 0.0 0.0125
86 0.075 0.0 0.0125
87 0.105 0.0 0.0125
88 0.13 0.0 0.00625
89 0.16 0.0 0.00625
90 0.19 0.0 0.0125
91 0.22 0.0 0.00625
92 0.245 0.0 0.00625
93 0.255 0.0 0.00625
94 0.26 0.0 0.00625
95 0.26 0.0 0.0
96 0.26 0.0 0.0
97 0.26 0.0 0.0
98 0.26 0.0 0.0
99 0.26 0.0 0.0
100 0.26 0.0 0.0
101 0.26 0.0 0.0
102 0.26 0.0 0.0
103 0.26 0.0 0.0
104 0.26 0.0 0.0
105 0.26 0.0 0.0
106 0.26 0.0 0.0
107 0.26 0.0 0.0
108 0.26 0.0 0.0
109 0.26 0.05 0.0
110 0.26 0.1 0.0
111 0.26 0.1 0.0
112 0.26 0.1 0.0
113 0.26 0.15 0.0
114 0.26 0.2 0.0
115 0.26 0.2 0.0
116 0.26 0.2 0.0
117 0.26 0.3 0.0
118 0.26 0.3 0.0
119 0.26 0.3 0.05625
120 0.26 0.3 0.1125
121 0.26 0.3 0.1125
122 0.26 0.3 0.1125
123 0.26 0.3 0.1125
124 0.26 0.3 0.10625
125 0.0 0.0 0.10625
126 0.0 0.0 0.1
127 0.0 0.0 0.08125
128 0.0 0.0 0.05
129 0.0 0.05 0.0
130 0.0 0.1 0.0
131 0.0 0.1 0.0
132 0.0 0.1 0.0
133 0.0 0.35 0.0
134 0.0 0.65 0.0
135 0.0 0.8 0.0
136 0.0 0.9 0.0
137 0.0 0.95 0.0498333333333
138 0.0 0.0 0.06875
139 0.0 0.0 0.0658333333333
140 0.0 0.0 0.06875
141 0.01 0.0 0.06875
142 0.01 0.0 0.0731666666667
143 0.01 0.0 0.06875
144 0.035 0.0 0.06875
145 0.06 0.0 0.0625
146 0.09 0.0 0.06875
147 0.12 0.0 0.0625
148 0.145 0.0 0.0625
149 0.17 0.0 0.05625
150 0.2 0.0 0.05625
151 0.225 0.0 0.04725
152 0.25 0.0 0.0491666666667
153 0.26 0.0 0.0375
154 0.26 0.0 0.0375
155 0.26 0.0 0.025
156 0.26 0.0 0.01875
157 0.26 0.0 0.0125
158 0.26 0.0 0.00625
159 0.26 0.0 0.00625
160 0.26 0.0 0.0
161 0.26 0.0 0.0
162 0.26 0.0 0.0
163 0.26 0.0 0.0
164 0.26 0.0 0.0
165 0.26 0.0 0.0
166 0.26 0.0 0.0
167 0.26 0.0 0.0
168 0.26 0.0 0.0
169 0.26 0.0 0.0
170 0.26 0.0 0.0
171 0.26 0.1 0.0
172 0.26 0.1 0.0
173 0.26 0.1 0.0
174 0.26 0.1 0.0
175 0.26 0.1 0.0
176 0.26 0.1 0.0
177 0.26 0.1 0.0
178 0.26 0.1 0.0
179 0.26 0.1 0.0
180 0.26 0.1 0.0
181 0.26 0.1 0.0
182 0.26 0.1 0.0
183 0.26 0.0 0.0
184 0.26 0.0 0.0
185 0.26 0.0 0.0
186 0.26 0.0 0.0
187 0.26 -0.05 0.0
188 0.26 -0.1 0.0
189 0.26 -0.1 0.0
190 0.26 -0.1 0.0
191 0.26 -0.1 0.0
192 0.26 -0.1 0.0
193 0.26 -0.1 0.0
194 0.26 -0.1 0.0
195 0.26 -0.1 0.0
196 0.26 -0.1 0.0
197 0.26 -0.1 0.0
198 0.26 -0.1 0.0
199 0.26 -0.1 0.0
200 0.26 -0.1 0.0
201 0.26 -0.1 0.0
202 0.26 -0.1 0.0
203 0.26 -0.1 0.0
204 0.26 -0.1 0.0
205 0.26 -0.1 0.0
206 0.26 -0.1 0.0
207 0.26 -0.1 0.025
208 0.26 -0.1 0.05625
