0 0.26 0.0 0.0705833333333
1 0.26 0.0 0.08125
2 0.26 0.0 0.05625
3 0.26 0.0 0.05625
4 0.26 0.0 0.04375
5 0.26 0.0 0.03125
6 0.26 0.0 0.02025
7 0.26 0.0 0.0125
8 0.26 0.0 0.0
9 0.26 0.0 0.0
10 0.26 0.0 0.0
11 0.26 0.0 0.0
12 0.26 0.0 0.0
13 0.26 -0.05 0.0
14 0.26 -0.1 0.0
15 0.26 -0.2 0.0
16 0.26 -0.25 0.0
17 0.26 -0.3 0.0
18 0.26 -0.35 0.0
19 0.26 -0.4 0.0
20 0.26 -0.5 0.01875
21 0.26 -0.5 0.15
22 0.26 -0.5 0.29375
23 0.26 -0.5 0.4375
24 0.26 -0.5 0.5375
25 0.26 -0.5 0.55625
26 0.26 -0.5 0.41875
27 0.26 -0.5 0.2875
28 0.0 0.0 0.14375
29 0.0 0.0 0.0375
30 0.0 0.0 0.00625
31 0.005 0.0 0.00625
32 0.01 0.0 0.00625
33 0.01 0.0 0.00625
34 0.015 0.0 0.00625
35 0.04 0.0 0.00408333333333
36 0.065 0.0 0.0
37 0.09 0.0 0.0
38 0.12 0.0 0.0
39 0.145 0.0 0.0
40 0.17 0.0 0.00625
41 0.195 0.0 0.0
42 0.225 0.0 0.0
43 0.25 0.0 0.0
44 0.255 0.0 0.0
45 0.26 0.0 0.0
46 0.26 0.0 0.0
47 0.26 0.0 0.0
48 0.26 0.0 0.0
49 0.26 0.05 0.0
50 0.26 0.1 0.0
51 0.26 0.1 0.0
52 0.26 0.15 0.0
53 0.26 0.2 0.0
54 0.26 0.2 0.0
55 0.26 0.3 0.05
56 0.26 0.3 0.11875
57 0.26 0.3 0.19375
58 0.26 0.3 0.273416666667
59 0.26 0.3 0.35
60 0.26 0.3 0.43125
61 0.26 0.3 0.5125
62 0.26 0.3 0.59375
63 0.26 0.3 0.6875
64 0.26 0.3 0.75
65 0.0 0.0 0.75
66 0.0 0.0 0.75
67 0.0 0.0 0.6875
68 0.0 0.0 0.53125
69 0.0 0.05 0.41875
70 0.0 0.1 0.352083333333
71 0.0 0.1 0.33125
72 0.0 0.2 0.3375
73 0.0 0.5 0.3625
74 0.0 0.75 0.43125
75 0.0 0.9 0.59425
76 0.0 1.0 0.75
77 0.0 0.0 0.75
78 0.0 0.0 0.75
79 0.005 0.0 0.75
80 0.01 0.0 0.75
81 0.01 0.0 0.75
82 0.02 0.0 0.75
83 0.045 0.0 0.75
84 0.07 0.0 0.75
85 0.1 0.0 0.75
86 0.125 0.0 0.75
87 0.155 0.0 0.75
88 0.18 0.0 0.75
89 0.205 0.0 0.75
90 0.23 0.0 0.75
91 0.235 0.0 0.75
92 0.245 0.0 0.75
93 0.255 0.0 0.75
94 0.26 0.0 0.75
95 0.26 0.0 0.75
96 0.26 0.0 0.75
97 0.26 0.0 0.75
98 0.26 0.0 0.75
99 0.26 0.0 0.75
100 0.26 0.0 0.75
101 0.26 0.0 0.75
102 0.26 0.0 0.75
103 0.26 0.0 0.75
104 0.26 0.0 0.75
105 0.26 0.0 0.75
106 0.26 0.0 0.75
107 0.26 0.0 0.75
108 0.26 0.0 0.75
109 0.26 0.0 0.75
110 0.26 0.0 0.75
