0 0.12 0.0 0.254583333333
1 0.145 0.0 0.253333333333
2 0.17 0.0 0.252916666667
3 0.19 0.0 0.253166666667
4 0.205 0.0 0.253583333333
5 0.215 0.1 0.253
6 0.22 0.1 0.252333333333
7 0.23 0.2 0.252083333333
8 0.24 0.25 0.25275
9 0.245 0.3 0.253583333333
10 0.25 0.3 0.253416666667
11 0.26 0.3 0.252833333333
12 0.26 0.3 0.25325
13 0.26 0.3 0.251333333333
14 0.26 0.3 0.257583333333
15 0.26 0.3 0.249833333333
16 0.26 0.3 0.245166666667
17 0.26 0.3 0.245166666667
18 0.26 0.3 0.245833333333
19 0.26 0.3 0.24575
20 0.26 0.3 0.245416666667
21 0.26 0.3 0.246583333333
22 0.26 0.3 0.24925
23 0.26 0.3 0.245833333333
24 0.26 0.3 0.255333333333
25 0.26 0.3 0.256083333333
26 0.26 0.3 0.250916666667
27 0.26 0.3 0.244
28 0.26 0.3 0.242333333333
29 0.26 0.3 0.241833333333
30 0.26 0.3 0.241333333333
31 0.26 0.3 0.24975
32 0.26 0.3 0.253083333333
33 0.26 0.3 0.253166666667
34 0.26 0.35 0.262916666667
35 0.26 0.4 0.26625
36 0.26 0.5 0.2665
37 0.26 0.5 0.26675
38 0.26 0.5 0.266833333333
39 0.26 0.5 0.278583333333
40 0.26 0.5 0.279
41 0.26 0.5 0.286333333333
42 0.26 0.5 0.291666666667
43 0.26 0.5 0.291666666667
44 0.26 0.5 0.291666666667
45 0.26 0.5 0.291666666667
46 0.26 0.5 0.291666666667
47 0.26 0.5 0.291666666667
48 0.26 0.5 0.291666666667
49 0.26 0.5 0.291666666667
50 0.26 0.5 0.291666666667
51 0.26 0.5 0.291666666667
52 0.26 0.5 0.291666666667
53 0.26 0.5 0.291666666667
54 0.26 0.5 0.291666666667
55 0.26 0.45 0.291666666667
56 0.26 0.4 0.291666666667
57 0.26 0.35 0.291666666667
58 0.26 0.3 0.291666666667
59 0.26 0.2 0.291666666667
60 0.26 0.15 0.291666666667
61 0.26 0.05 0.291666666667
62 0.26 2.77555756156e-17 0.291666666667
63 0.26 2.77555756156e-17 0.291666666667
64 0.26 2.77555756156e-17 0.291666666667
65 0.26 2.77555756156e-17 0.291666666667
66 0.26 2.77555756156e-17 0.291666666667
67 0.26 2.77555756156e-17 0.291666666667
68 0.26 2.77555756156e-17 0.291666666667
69 0.26 2.77555756156e-17 0.291666666667
70 0.26 2.77555756156e-17 0.291666666667
71 0.26 2.77555756156e-17 0.291666666667
72 0.26 2.77555756156e-17 0.291666666667
73 0.26 2.77555756156e-17 0.291666666667
74 0.26 2.77555756156e-17 0.291666666667
75 0.26 2.77555756156e-17 0.291666666667
76 0.26 2.77555756156e-17 0.291666666667
77 0.26 2.77555756156e-17 0.291666666667
78 0.26 2.77555756156e-17 0.291666666667
79 0.26 2.77555756156e-17 0.291666666667
80 0.26 2.77555756156e-17 0.291666666667
81 0.26 2.77555756156e-17 0.291666666667
82 0.26 2.77555756156e-17 0.291666666667
83 0.26 2.77555756156e-17 0.291666666667
84 0.26 2.77555756156e-17 0.291666666667
85 0.26 2.77555756156e-17 0.291666666667
86 0.26 2.77555756156e-17 0.291666666667
87 0.26 2.77555756156e-17 0.291666666667
88 0.26 2.77555756156e-17 0.291666666667
89 0.26 2.77555756156e-17 0.291666666667
90 0.26 2.77555756156e-17 0.291666666667
91 0.26 2.77555756156e-17 0.291666666667
92 0.26 2.77555756156e-17 0.291666666667
93 0.26 2.77555756156e-17 0.291666666667
94 0.26 2.77555756156e-17 0.291666666667
95 0.26 2.77555756156e-17 0.291666666667
96 0.26 2.77555756156e-17 0.291666666667
97 0.26 2.77555756156e-17 0.291666666667
98 0.26 2.77555756156e-17 0.291666666667
99 0.26 2.77555756156e-17 0.291666666667
100 0.26 2.77555756156e-17 0.291666666667
101 0.26 2.77555756156e-17 0.291666666667
102 0.26 2.77555756156e-17 0.291666666667
103 0.26 2.77555756156e-17 0.291666666667
104 0.26 2.77555756156e-17 0.291666666667
105 0.26 2.77555756156e-17 0.291666666667
106 0.26 2.77555756156e-17 0.291666666667
107 0.26 2.77555756156e-17 0.291666666667
108 0.26 2.77555756156e-17 0.291666666667
109 0.26 2.77555756156e-17 0.291666666667
110 0.26 2.77555756156e-17 0.291666666667
111 0.26 2.77555756156e-17 0.291666666667
112 0.26 2.77555756156e-17 0.291666666667
113 0.26 2.77555756156e-17 0.291666666667
114 0.26 2.77555756156e-17 0.291666666667
115 0.26 2.77555756156e-17 0.291666666667
116 0.26 2.77555756156e-17 0.291666666667
117 0.26 2.77555756156e-17 0.291666666667
118 0.26 2.77555756156e-17 0.291666666667
119 0.26 2.77555756156e-17 0.291666666667
120 0.26 2.77555756156e-17 0.291666666667
121 0.26 2.77555756156e-17 0.291666666667
122 0.26 2.77555756156e-17 0.291666666667
123 0.26 2.77555756156e-17 0.291666666667
124 0.26 2.77555756156e-17 0.291666666667
125 0.26 2.77555756156e-17 0.291666666667
126 0.26 2.77555756156e-17 0.291666666667
127 0.26 2.77555756156e-17 0.291666666667
128 0.26 2.77555756156e-17 0.291666666667
129 0.26 2.77555756156e-17 0.291666666667
130 0.26 2.77555756156e-17 0.291666666667
131 0.26 2.77555756156e-17 0.291666666667
132 0.26 2.77555756156e-17 0.291666666667
133 0.26 2.77555756156e-17 0.291666666667
134 0.26 2.77555756156e-17 0.291666666667
135 0.26 2.77555756156e-17 0.291666666667
136 0.26 2.77555756156e-17 0.291666666667
137 0.26 2.77555756156e-17 0.291666666667
138 0.26 2.77555756156e-17 0.291666666667
139 0.26 2.77555756156e-17 0.291666666667
140 0.26 2.77555756156e-17 0.291666666667
141 0.26 2.77555756156e-17 0.291666666667
142 0.26 2.77555756156e-17 0.291666666667
143 0.26 2.77555756156e-17 0.291666666667
144 0.26 2.77555756156e-17 0.291666666667
145 0.26 2.77555756156e-17 0.291666666667
146 0.26 2.77555756156e-17 0.291666666667
147 0.26 2.77555756156e-17 0.291666666667
148 0.26 2.77555756156e-17 0.291666666667
149 0.26 2.77555756156e-17 0.291666666667
150 0.26 2.77555756156e-17 0.291666666667
151 0.26 2.77555756156e-17 0.291666666667
152 0.26 2.77555756156e-17 0.291666666667
153 0.26 2.77555756156e-17 0.291666666667
154 0.26 2.77555756156e-17 0.291666666667
155 0.26 2.77555756156e-17 0.291666666667
156 0.26 2.77555756156e-17 0.28975
157 0.26 2.77555756156e-17 0.285916666667
158 0.26 2.77555756156e-17 0.282083333333
159 0.26 2.77555756156e-17 0.280166666667
160 0.26 2.77555756156e-17 0.276333333333
161 0.26 2.77555756156e-17 0.274416666667
162 0.26 2.77555756156e-17 0.2715
163 0.26 2.77555756156e-17 0.268666666667
164 0.26 2.77555756156e-17 0.26675
165 0.26 2.77555756156e-17 0.262916666667
166 0.26 2.77555756156e-17 0.259083333333
167 0.26 2.77555756156e-17 0.257166666667
168 0.26 2.77555756156e-17 0.253333333333
169 0.26 2.77555756156e-17 0.251416666667
170 0.26 2.77555756156e-17 0.247583333333
171 0.26 2.77555756156e-17 0.245666666667
172 0.26 2.77555756156e-17 0.241833333333
173 0.26 2.77555756156e-17 0.239916666667
174 0.26 2.77555756156e-17 0.236166666667
175 0.26 2.77555756156e-17 0.234166666667
176 0.26 2.77555756156e-17 0.23125
177 0.26 -0.05 0.228416666667
178 0.26 -0.1 0.225
179 0.26 -0.1 0.224583333333
180 0.26 -0.2 0.223416666667
181 0.26 -0.2 0.224583333333
182 0.26 -0.25 0.224583333333
183 0.26 -0.3 0.2265
184 0.26 -0.35 0.230333333333
185 0.26 -0.4 0.236083333333
186 0.26 -0.4 0.239916666667
187 0.26 -0.4 0.247583333333
188 0.26 -0.4 0.253333333333
189 0.26 -0.4 0.261
190 0.26 -0.4 0.264916666667
191 0.26 -0.4 0.274416666667
192 0.26 -0.4 0.282083333333
193 0.26 -0.4 0.28975
194 0.26 -0.4 0.291666666667
195 0.26 -0.4 0.291666666667
196 0.26 -0.4 0.291666666667
197 0.26 -0.4 0.291666666667
198 0.26 -0.4 0.291666666667
199 0.26 -0.4 0.289333333333
200 0.26 -0.4 0.2795
201 0.26 -0.4 0.274333333333
202 0.26 -0.4 0.26825
203 0.26 -0.4 0.26825
204 0.26 -0.4 0.267583333333
205 0.26 -0.4 0.265666666667
206 0.26 -0.4 0.253583333333
207 0.26 -0.4 0.245333333333
208 0.26 -0.4 0.244416666667
209 0.26 -0.4 0.244333333333
210 0.26 -0.4 0.243916666667
211 0.26 -0.4 0.246416666667
212 0.26 -0.4 0.255333333333
213 0.26 -0.4 0.24275
214 0.26 -0.4 0.2525
215 0.26 -0.4 0.253
216 0.26 -0.4 0.253583333333
217 0.26 -0.4 0.254416666667
218 0.26 -0.4 0.262833333333
219 0.26 -0.4 0.275
220 0.26 -0.4 0.275083333333
221 0.26 -0.4 0.261583333333
222 0.26 -0.4 0.252916666667
223 0.26 -0.4 0.252083333333
224 0.26 -0.4 0.253333333333
225 0.26 -0.4 0.265833333333
226 0.26 -0.4 0.26925
227 0.26 -0.4 0.269
228 0.26 -0.4 0.26875
229 0.26 -0.4 0.263
230 0.26 -0.4 0.25525
231 0.26 -0.4 0.245833333333
232 0.26 -0.4 0.24475
233 0.26 -0.35 0.246416666667
234 0.26 -0.3 0.261333333333
235 0.26 -0.3 0.267583333333
236 0.26 -0.3 0.26725
237 0.26 -0.3 0.266083333333
238 0.26 -0.25 0.265083333333
239 0.26 -0.2 0.264333333333
240 0.26 -0.2 0.2635
241 0.26 -0.2 0.263083333333
242 0.26 -0.2 0.262
243 0.26 -0.2 0.2625
244 0.26 -0.2 0.26175
245 0.26 -0.1 0.261166666667
246 0.26 -0.1 0.261166666667
247 0.26 -0.1 0.263416666667
248 0.26 -0.1 0.267083333333
249 0.26 -0.1 0.272583333333
250 0.26 -0.1 0.2765
251 0.26 -0.1 0.282166666667
252 0.26 -0.1 0.28875
253 0.26 -0.1 0.291333333333
254 0.26 -0.1 0.291666666667
255 0.26 -0.1 0.291666666667
256 0.26 -0.1 0.291666666667
257 0.26 -0.1 0.291666666667
258 0.26 -0.1 0.291666666667
259 0.26 -0.1 0.291666666667
260 0.26 -0.1 0.291666666667
261 0.26 -0.1 0.291666666667
262 0.26 -0.1 0.291416666667
263 0.26 -0.1 0.290833333333
264 0.26 -0.1 0.29025
265 0.26 -0.1 0.289583333333
266 0.26 -0.1 0.283
267 0.26 -0.1 0.282666666667
268 0.26 -0.1 0.28225
269 0.26 -0.1 0.281666666667
270 0.26 -0.1 0.282083333333
271 0.26 -0.1 0.284333333333
272 0.26 -0.1 0.287416666667
273 0.26 -0.1 0.290916666667
274 0.26 -0.1 0.291666666667
275 0.26 -0.1 0.291666666667
276 0.26 -0.1 0.291666666667
277 0.26 -0.1 0.291666666667
278 0.26 -0.1 0.291666666667
279 0.26 -0.1 0.291666666667
280 0.26 -0.1 0.291666666667
281 0.26 -0.1 0.291166666667
282 0.26 -0.1 0.2905
283 0.26 -0.1 0.290083333333
284 0.26 -0.1 0.289833333333
285 0.26 -0.1 0.282916666667
286 0.26 -0.1 0.281416666667
287 0.26 -0.1 0.282166666667
288 0.26 -0.1 0.28475
289 0.26 -0.1 0.2885
290 0.26 -0.1 0.290833333333
291 0.26 -0.1 0.291583333333
292 0.26 -0.1 0.291666666667
293 0.26 -0.1 0.291666666667
294 0.26 -0.1 0.291666666667
295 0.26 -0.1 0.291666666667
296 0.26 -0.1 0.291666666667
297 0.26 -0.1 0.291666666667
298 0.26 -0.1 0.291666666667
299 0.26 -0.05 0.291666666667
300 0.26 -2.77555756156e-17 0.288833333333
301 0.26 -2.77555756156e-17 0.28575
302 0.26 -2.77555756156e-17 0.283416666667
303 0.26 -2.77555756156e-17 0.280833333333
304 0.26 -2.77555756156e-17 0.28025
305 0.26 -2.77555756156e-17 0.28075
306 0.26 -2.77555756156e-17 0.28075
307 0.26 -2.77555756156e-17 0.27975
308 0.26 -2.77555756156e-17 0.279166666667
309 0.26 -2.77555756156e-17 0.278166666667
310 0.26 -2.77555756156e-17 0.277416666667
311 0.26 -2.77555756156e-17 0.275666666667
312 0.26 -2.77555756156e-17 0.274
313 0.26 -2.77555756156e-17 0.2725
314 0.26 -2.77555756156e-17 0.272416666667
315 0.26 -2.77555756156e-17 0.27175
316 0.26 -2.77555756156e-17 0.271416666667
317 0.26 -2.77555756156e-17 0.271166666667
318 0.26 -2.77555756156e-17 0.27075
319 0.26 -2.77555756156e-17 0.2705
320 0.26 -2.77555756156e-17 0.270333333333
321 0.26 -2.77555756156e-17 0.27025
322 0.26 -2.77555756156e-17 0.2695
323 0.26 -2.77555756156e-17 0.269666666667
324 0.26 -2.77555756156e-17 0.269583333333
325 0.26 -2.77555756156e-17 0.26925
326 0.26 -2.77555756156e-17 0.269416666667
327 0.26 -2.77555756156e-17 0.26975
328 0.26 -2.77555756156e-17 0.268916666667
329 0.26 -2.77555756156e-17 0.268416666667
330 0.26 -2.77555756156e-17 0.269
331 0.26 -2.77555756156e-17 0.26825
332 0.26 -2.77555756156e-17 0.26825
333 0.26 -2.77555756156e-17 0.26875
334 0.26 -2.77555756156e-17 0.26775
335 0.26 -2.77555756156e-17 0.267916666667
336 0.26 -2.77555756156e-17 0.26775
337 0.26 -2.77555756156e-17 0.2675
338 0.26 -2.77555756156e-17 0.267666666667
339 0.26 0.05 0.266416666667
340 0.26 0.1 0.266416666667
341 0.26 0.15 0.267916666667
342 0.26 0.2 0.267333333333
343 0.26 0.2 0.266833333333
344 0.26 0.25 0.26775
345 0.26 0.3 0.267083333333
346 0.26 0.3 0.267
347 0.26 0.35 0.2675
348 0.26 0.4 0.266666666667
349 0.26 0.4 0.25625
350 0.26 0.4 0.24675
351 0.26 0.4 0.244083333333
352 0.26 0.4 0.24375
353 0.26 0.4 0.246583333333
354 0.26 0.4 0.256333333333
355 0.26 0.4 0.24875
356 0.26 0.4 0.241333333333
357 0.26 0.4 0.249083333333
358 0.26 0.4 0.240333333333
359 0.26 0.4 0.239916666667
360 0.26 0.4 0.24075
361 0.26 0.4 0.245083333333
362 0.26 0.4 0.252666666667
363 0.26 0.4 0.25375
364 0.26 0.4 0.26425
365 0.26 0.4 0.25675
366 0.26 0.4 0.243
367 0.26 0.4 0.24325
368 0.26 0.4 0.242916666667
369 0.26 0.4 0.254
370 0.26 0.4 0.258833333333
371 0.26 0.4 0.264833333333
372 0.26 0.4 0.2715
373 0.26 0.4 0.272083333333
374 0.26 0.4 0.272166666667
375 0.26 0.4 0.263083333333
376 0.26 0.4 0.2505
377 0.26 0.4 0.24375
378 0.26 0.4 0.244666666667
379 0.26 0.4 0.252333333333
380 0.26 0.4 0.262666666667
381 0.26 0.4 0.264083333333
382 0.26 0.4 0.264333333333
383 0.26 0.4 0.264916666667
384 0.26 0.4 0.266
385 0.26 0.4 0.265083333333
386 0.26 0.4 0.26675
387 0.26 0.4 0.26675
388 0.26 0.4 0.267916666667
389 0.26 0.4 0.27125
390 0.26 0.4 0.286083333333
391 0.26 0.4 0.291666666667
392 0.26 0.35 0.291666666667
393 0.26 0.3 0.291666666667
394 0.26 0.3 0.291666666667
395 0.26 0.25 0.291666666667
396 0.26 0.2 0.291666666667
397 0.26 0.2 0.291666666667
398 0.26 0.1 0.291666666667
399 0.26 0.1 0.291666666667
400 0.26 2.77555756156e-17 0.291666666667
401 0.26 2.77555756156e-17 0.291666666667
402 0.26 2.77555756156e-17 0.291666666667
403 0.26 2.77555756156e-17 0.291666666667
404 0.26 2.77555756156e-17 0.291666666667
405 0.26 2.77555756156e-17 0.291666666667
406 0.26 2.77555756156e-17 0.291666666667
407 0.26 2.77555756156e-17 0.291666666667
408 0.26 2.77555756156e-17 0.291666666667
409 0.26 0.05 0.291666666667
410 0.26 0.1 0.291666666667
411 0.26 0.2 0.291666666667
412 0.26 0.25 0.291666666667
413 0.26 0.3 0.291666666667
414 0.26 0.3 0.291666666667
415 0.26 0.3 0.291666666667
416 0.26 0.3 0.291666666667
417 0.26 0.3 0.291666666667
418 0.26 0.3 0.291666666667
419 0.26 0.3 0.291666666667
420 0.26 0.3 0.291666666667
421 0.26 0.3 0.291666666667
422 0.26 0.3 0.291666666667
423 0.26 0.3 0.291666666667
424 0.26 0.3 0.291666666667
425 0.26 0.3 0.291666666667
426 0.26 0.3 0.291666666667
427 0.26 0.3 0.291666666667
428 0.26 0.3 0.291666666667
429 0.26 0.2 0.291666666667
430 0.26 0.2 0.291666666667
431 0.26 0.15 0.291666666667
432 0.26 0.1 0.291666666667
433 0.26 0.05 0.291666666667
434 0.26 2.77555756156e-17 0.291666666667
435 0.26 2.77555756156e-17 0.291666666667
436 0.26 2.77555756156e-17 0.291666666667
437 0.26 2.77555756156e-17 0.291666666667
438 0.26 2.77555756156e-17 0.291666666667
439 0.26 2.77555756156e-17 0.291666666667
440 0.26 2.77555756156e-17 0.291666666667
441 0.26 2.77555756156e-17 0.291666666667
442 0.26 2.77555756156e-17 0.291666666667
443 0.26 2.77555756156e-17 0.291666666667
444 0.26 2.77555756156e-17 0.291666666667
445 0.26 2.77555756156e-17 0.291666666667
446 0.26 2.77555756156e-17 0.291666666667
447 0.26 2.77555756156e-17 0.291666666667
448 0.26 2.77555756156e-17 0.291666666667
449 0.26 2.77555756156e-17 0.291666666667
450 0.26 2.77555756156e-17 0.291666666667
451 0.26 2.77555756156e-17 0.291666666667
452 0.26 2.77555756156e-17 0.291666666667
453 0.26 2.77555756156e-17 0.291666666667
454 0.26 2.77555756156e-17 0.291666666667
455 0.26 2.77555756156e-17 0.291666666667
456 0.26 2.77555756156e-17 0.291666666667
457 0.26 2.77555756156e-17 0.291666666667
458 0.26 2.77555756156e-17 0.291666666667
459 0.26 2.77555756156e-17 0.291666666667
460 0.26 2.77555756156e-17 0.291666666667
461 0.26 2.77555756156e-17 0.291666666667
462 0.26 2.77555756156e-17 0.291666666667
463 0.26 2.77555756156e-17 0.291666666667
464 0.26 2.77555756156e-17 0.291666666667
465 0.26 2.77555756156e-17 0.291666666667
466 0.26 2.77555756156e-17 0.291666666667
467 0.26 2.77555756156e-17 0.291666666667
468 0.26 2.77555756156e-17 0.291666666667
469 0.26 2.77555756156e-17 0.291666666667
470 0.26 2.77555756156e-17 0.291666666667
471 0.26 2.77555756156e-17 0.291666666667
472 0.26 2.77555756156e-17 0.291666666667
473 0.26 2.77555756156e-17 0.291666666667
474 0.26 2.77555756156e-17 0.291666666667
475 0.26 2.77555756156e-17 0.291666666667
476 0.26 2.77555756156e-17 0.291666666667
477 0.26 2.77555756156e-17 0.291666666667
478 0.26 2.77555756156e-17 0.291666666667
479 0.26 2.77555756156e-17 0.291666666667
480 0.26 2.77555756156e-17 0.291666666667
481 0.26 2.77555756156e-17 0.291666666667
482 0.26 2.77555756156e-17 0.291666666667
483 0.26 2.77555756156e-17 0.291666666667
484 0.26 2.77555756156e-17 0.291666666667
485 0.26 2.77555756156e-17 0.28975
486 0.26 2.77555756156e-17 0.285916666667
487 0.26 2.77555756156e-17 0.284
488 0.26 2.77555756156e-17 0.282083333333
489 0.26 2.77555756156e-17 0.280166666667
490 0.26 2.77555756156e-17 0.27825
491 0.26 2.77555756156e-17 0.276333333333
492 0.26 2.77555756156e-17 0.274416666667
493 0.26 2.77555756156e-17 0.2725
494 0.26 2.77555756156e-17 0.270583333333
495 0.26 2.77555756156e-17 0.268666666667
496 0.26 2.77555756156e-17 0.26675
497 0.26 2.77555756156e-17 0.262916666667
498 0.26 2.77555756156e-17 0.261833333333
499 0.26 2.77555756156e-17 0.259083333333
500 0.26 2.77555756156e-17 0.257166666667
501 0.26 2.77555756156e-17 0.25525
502 0.26 2.77555756156e-17 0.253333333333
503 0.26 2.77555756156e-17 0.251416666667
504 0.26 2.77555756156e-17 0.247583333333
505 0.26 2.77555756156e-17 0.247583333333
506 0.26 2.77555756156e-17 0.24375
507 0.26 2.77555756156e-17 0.241833333333
508 0.26 2.77555756156e-17 0.239916666667
509 0.26 2.77555756156e-17 0.238
510 0.26 2.77555756156e-17 0.236083333333
511 0.26 2.77555756156e-17 0.23225
512 0.26 2.77555756156e-17 0.23225
513 0.26 2.77555756156e-17 0.228416666667
514 0.26 2.77555756156e-17 0.227333333333
515 0.26 2.77555756156e-17 0.224583333333
516 0.26 2.77555756156e-17 0.222666666667
517 0.26 2.77555756156e-17 0.22075
518 0.26 2.77555756156e-17 0.218833333333
519 0.26 2.77555756156e-17 0.216916666667
520 0.26 -0.05 0.215
521 0.26 -0.1 0.213083333333
522 0.26 -0.15 0.213083333333
523 0.26 -0.2 0.215
524 0.26 -0.25 0.216916666667
525 0.26 -0.3 0.22075
526 0.26 -0.35 0.224583333333
527 0.26 -0.4 0.23225
528 0.26 -0.4 0.236083333333
529 0.26 -0.4 0.245666666667
530 0.26 -0.4 0.253333333333
531 0.26 -0.4 0.262916666667
532 0.26 -0.4 0.268666666667
533 0.26 -0.4 0.27825
534 0.26 -0.4 0.2875
535 0.26 -0.4 0.291666666667
536 0.26 -0.4 0.291666666667
537 0.26 -0.4 0.291666666667
538 0.26 -0.4 0.291666666667
539 0.26 -0.4 0.291666666667
540 0.26 -0.3 0.291666666667
541 0.26 -0.3 0.291666666667
542 0.26 -0.2 0.291666666667
543 0.26 -0.15 0.291666666667
544 0.26 -0.1 0.291666666667
545 0.26 -0.05 0.291666666667
546 0.26 -2.77555756156e-17 0.291666666667
547 0.26 -2.77555756156e-17 0.291666666667
548 0.26 -2.77555756156e-17 0.291666666667
549 0.26 -2.77555756156e-17 0.291666666667
550 0.26 -2.77555756156e-17 0.291666666667
551 0.26 -2.77555756156e-17 0.291666666667
552 0.26 -2.77555756156e-17 0.291666666667
553 0.26 -2.77555756156e-17 0.291666666667
554 0.26 -2.77555756156e-17 0.291666666667
555 0.26 -2.77555756156e-17 0.291666666667
556 0.26 -2.77555756156e-17 0.291666666667
557 0.26 -2.77555756156e-17 0.291666666667
558 0.26 -2.77555756156e-17 0.291666666667
559 0.26 -2.77555756156e-17 0.291666666667
560 0.26 -2.77555756156e-17 0.291666666667
561 0.26 -2.77555756156e-17 0.291666666667
562 0.26 -2.77555756156e-17 0.291666666667
563 0.26 -2.77555756156e-17 0.291666666667
564 0.26 -2.77555756156e-17 0.291666666667
565 0.26 -2.77555756156e-17 0.291666666667
566 0.26 -2.77555756156e-17 0.291666666667
567 0.26 -2.77555756156e-17 0.291666666667
568 0.26 -2.77555756156e-17 0.291666666667
569 0.26 -2.77555756156e-17 0.291666666667
570 0.26 -2.77555756156e-17 0.291666666667
571 0.26 -2.77555756156e-17 0.291666666667
572 0.26 -2.77555756156e-17 0.291666666667
573 0.26 -2.77555756156e-17 0.291666666667
574 0.26 -2.77555756156e-17 0.291666666667
575 0.26 -2.77555756156e-17 0.291666666667
576 0.26 -2.77555756156e-17 0.291666666667
577 0.26 -2.77555756156e-17 0.291666666667
578 0.26 -2.77555756156e-17 0.291666666667
579 0.26 -2.77555756156e-17 0.291666666667
580 0.26 -2.77555756156e-17 0.291666666667
581 0.26 -2.77555756156e-17 0.291666666667
582 0.26 -2.77555756156e-17 0.291666666667
583 0.26 -2.77555756156e-17 0.291666666667
584 0.26 -2.77555756156e-17 0.291666666667
585 0.26 -2.77555756156e-17 0.291666666667
586 0.26 -2.77555756156e-17 0.291666666667
587 0.26 -2.77555756156e-17 0.291666666667
588 0.26 -2.77555756156e-17 0.291666666667
589 0.26 -2.77555756156e-17 0.291666666667
590 0.26 -2.77555756156e-17 0.291666666667
591 0.26 -2.77555756156e-17 0.291666666667
592 0.26 -2.77555756156e-17 0.291666666667
593 0.26 -2.77555756156e-17 0.291666666667
594 0.26 -2.77555756156e-17 0.291666666667
595 0.26 -2.77555756156e-17 0.291666666667
596 0.26 -2.77555756156e-17 0.291666666667
597 0.26 -2.77555756156e-17 0.291666666667
598 0.26 -2.77555756156e-17 0.291666666667
599 0.26 -2.77555756156e-17 0.291666666667
600 0.26 -2.77555756156e-17 0.291666666667
601 0.26 -2.77555756156e-17 0.291666666667
602 0.26 -2.77555756156e-17 0.291666666667
603 0.26 -2.77555756156e-17 0.291666666667
604 0.26 -2.77555756156e-17 0.291666666667
605 0.26 -2.77555756156e-17 0.291666666667
606 0.26 -2.77555756156e-17 0.291666666667
607 0.26 -2.77555756156e-17 0.291666666667
608 0.26 -2.77555756156e-17 0.291666666667
609 0.26 -2.77555756156e-17 0.291666666667
610 0.26 -2.77555756156e-17 0.291666666667
611 0.26 -2.77555756156e-17 0.291666666667
612 0.26 -2.77555756156e-17 0.291666666667
