0 0.26 0.0 0.0
1 0.26 0.0 0.0
2 0.26 0.0 0.0
3 0.26 0.05 0.0
4 0.26 0.1 0.0
5 0.26 0.2 0.0
6 0.26 0.3 0.0
7 0.26 0.35 0.0
8 0.26 0.45 0.0
9 0.26 0.5 0.0375
10 0.26 0.5 0.2
11 0.26 0.5 0.3375
12 0.26 0.5 0.44375
13 0.26 0.5 0.6
14 0.26 0.5 0.681666666667
15 0.26 0.5 0.564916666667
16 0.26 0.5 0.43125
17 0.26 0.5 0.2935
18 0.26 0.5 0.133416666667
19 0.0 0.0 0.0
20 0.0 0.0 0.0
21 0.0 0.0 0.0
22 0.01 0.0 0.0
23 0.01 0.0 0.0
24 0.01 0.0 0.0
25 0.035 0.0 0.0
26 0.065 0.0 0.0
27 0.095 0.0 0.0
28 0.12 0.0 0.0
29 0.15 0.0 0.0
30 0.18 0.0 0.0
31 0.205 0.0 0.0
32 0.235 0.0 0.0
33 0.26 0.0 0.0
34 0.26 0.0 0.0
35 0.26 0.0 0.0
36 0.26 0.0 0.0
37 0.26 0.0 0.0
38 0.26 0.0 0.0
39 0.26 0.0 0.0
40 0.26 0.0 0.0
41 0.26 0.0 0.0
42 0.26 0.0 0.0
43 0.26 0.0 0.0
44 0.26 0.0 0.0
45 0.26 0.0 0.0
46 0.26 0.0 0.0
47 0.26 0.0 0.0
48 0.26 0.0 0.0
49 0.26 0.0 0.0
50 0.26 0.0 0.0
51 0.26 0.0 0.0
52 0.26 0.0 0.0
53 0.26 0.0 0.0
54 0.26 -0.05 0.0
55 0.26 -0.1 0.0
56 0.26 -0.1 0.0
57 0.26 -0.1 0.0
58 0.26 -0.1 0.0
59 0.26 -0.15 0.0
60 0.26 -0.2 0.0
61 0.26 -0.2 0.0
62 0.26 -0.2 0.0
63 0.26 -0.2 0.0
64 0.26 -0.2 0.0
65 0.26 -0.2 0.0
66 0.26 -0.2 0.0
67 0.26 -0.2 0.0
68 0.26 -0.2 0.0
69 0.26 -0.2 0.0
70 0.26 -0.2 0.0
71 0.26 -0.2 0.0
72 0.26 -0.2 0.0
73 0.26 -0.2 0.0
74 0.26 -0.2 0.0
75 0.26 -0.2 0.0
76 0.26 -0.2 0.0
77 0.26 -0.2 0.0
78 0.26 -0.2 0.0
79 0.26 -0.2 0.0
80 0.26 -0.2 0.0
81 0.26 -0.2 0.0
82 0.26 -0.2 0.0125
83 0.26 -0.2 0.08125
84 0.26 -0.2 0.13125
85 0.26 -0.2 0.18125
86 0.26 -0.2 0.2375
87 0.26 -0.2 0.29375
88 0.0 0.0 0.35625
89 0.0 0.0 0.375
90 0.0 0.0 0.46875
91 0.005 0.0 0.567833333333
92 0.01 0.0 0.225333333333
93 0.01 0.0 0.0563333333333
94 0.025 0.0 0.0371666666667
95 0.05 0.0 0.0290833333333
96 0.06 0.1 0.026
97 0.065 0.1 0.026
98 0.075 0.1 0.0258333333333
99 0.09 0.35 0.0261666666667
100 0.09 0.6 0.02825
101 0.09 0.65 0.03025
102 0.0 0.0 0.0215
103 0.0 0.0 0.0
104 0.005 0.0 0.0
105 0.01 0.0 0.0
106 0.01 0.0 0.0
107 0.025 0.0 0.0
108 0.05 0.0 0.0
109 0.08 0.0 0.0
110 0.11 0.0 0.0
111 0.13 0.0 0.0
112 0.14 0.0 0.0
113 0.145 0.0 0.0
114 0.155 0.0 0.0
115 0.165 0.0 0.0
116 0.17 0.0 0.0
117 0.18 0.0 0.0
118 0.19 0.0 0.0
119 0.2 0.0 0.0
120 0.205 0.0 0.0
121 0.215 0.0 0.0
122 0.225 0.0 0.0
123 0.235 0.0 0.0
124 0.245 0.0 0.0
125 0.255 0.0 0.0
126 0.26 0.0 0.0
127 0.26 0.0 0.0
128 0.26 0.0 0.0
129 0.26 0.0 0.0
130 0.26 0.0 0.0
131 0.26 0.0 0.0
132 0.26 0.0 0.0
133 0.26 0.0 0.0
134 0.26 0.0 0.0
135 0.26 0.0 0.0
136 0.26 0.0 0.0
137 0.26 0.0 0.0
138 0.26 0.0 0.0
139 0.26 0.0 0.0
140 0.26 0.0 0.0
141 0.26 0.0 0.0
142 0.26 0.0 0.0
143 0.26 0.0 0.0
144 0.26 0.0 0.0
145 0.26 0.0 0.0
146 0.26 0.0 0.0
147 0.26 0.0 0.0
148 0.26 0.0 0.0
149 0.26 0.0 0.0
150 0.26 0.0 0.0
151 0.26 0.0 0.0
152 0.26 0.0 0.0
153 0.26 0.0 0.0
154 0.26 0.0 0.0
155 0.26 -0.1 0.0
156 0.26 -0.1 0.0
157 0.26 -0.1 0.0
158 0.26 -0.1 0.0
159 0.26 -0.15 0.0
160 0.26 -0.2 0.0
161 0.26 -0.2 0.0
162 0.26 -0.25 0.0
163 0.26 -0.3 0.0
164 0.26 -0.3 0.0
165 0.26 -0.35 0.0
166 0.26 -0.4 0.0
167 0.26 -0.4 0.0
168 0.26 -0.4 0.0
169 0.26 -0.4 0.0
170 0.26 -0.4 0.0
171 0.26 -0.4 0.0
172 0.26 -0.4 0.0
173 0.26 -0.4 0.0
174 0.26 -0.4 0.08125
175 0.26 -0.4 0.111916666667
176 0.26 -0.4 0.122916666667
177 0.26 -0.4 0.1285
178 0.26 -0.4 0.123666666667
179 0.26 -0.4 0.117916666667
180 0.26 -0.4 0.170333333333
181 0.26 -0.4 0.235416666667
182 0.0 0.0 0.28125
183 0.0 0.0 0.207
184 0.0 0.0 0.127
185 0.005 0.0 0.311916666667
186 0.01 0.0 0.273916666667
187 0.01 0.0 0.237333333333
188 0.025 0.0 0.23525
189 0.05 0.0 0.233
190 0.075 0.0 0.229583333333
191 0.105 0.0 0.219166666667
192 0.135 0.0 0.206083333333
193 0.165 0.0 0.180416666667
194 0.19 0.0 0.15275
195 0.22 0.0 0.1225
196 0.25 0.0 0.098
197 0.26 0.0 0.0571666666667
198 0.26 0.0 0.03225
199 0.26 0.0 0.02425
200 0.26 0.0 0.0169166666667
201 0.26 0.0 0.012
202 0.26 0.0 0.00758333333333
203 0.26 0.0 0.00408333333333
204 0.26 0.0 0.00166666666667
205 0.26 0.0 0.0
206 0.26 0.0 0.0
207 0.26 0.0 0.0
208 0.26 0.0 0.0
209 0.26 0.0 0.0
210 0.26 0.1 0.0
211 0.26 0.1 0.0
212 0.26 0.1 0.0
213 0.26 0.1 0.0
214 0.26 0.1 0.0
215 0.26 0.1 0.0
216 0.26 0.1 0.0
217 0.26 0.1 0.0
218 0.26 0.0 0.0
219 0.26 0.0 0.0
220 0.26 0.0 0.0
221 0.26 0.0 0.0
222 0.26 0.0 0.0
223 0.26 0.0 0.0
224 0.26 0.0 0.0
225 0.26 0.0 0.0
226 0.26 0.0 0.0
227 0.26 0.0 0.0
228 0.26 0.0 0.0
229 0.26 0.0 0.0
230 0.26 0.0 0.0
231 0.26 0.0 0.0
232 0.26 0.0 0.0
233 0.26 0.0 0.0
234 0.26 0.0 0.0
235 0.26 0.0 0.0
236 0.26 0.0 0.0
237 0.26 0.0 0.0
238 0.26 0.0 0.0
239 0.26 0.0 0.0
240 0.26 0.0 0.0
241 0.26 0.0 0.0
242 0.26 -0.05 0.0
243 0.26 -0.1 0.0
244 0.26 -0.1 0.0
245 0.26 -0.1 0.0
246 0.26 -0.1 0.0
247 0.26 -0.2 0.0
248 0.26 -0.2 0.0
249 0.26 -0.25 0.0
250 0.26 -0.3 0.0
251 0.26 -0.3 0.0
252 0.26 -0.4 0.0
253 0.26 -0.4 0.0
254 0.26 -0.45 0.0
255 0.26 -0.5 0.0
256 0.26 -0.5 0.0
257 0.26 -0.5 0.0
258 0.26 -0.5 0.00625
259 0.26 -0.5 0.14375
260 0.26 -0.5 0.18825
261 0.26 -0.5 0.213
262 0.26 -0.5 0.34
263 0.26 -0.5 0.469833333333
264 0.0 0.0 0.541916666667
265 0.0 0.0 0.580416666667
266 0.0 0.0 0.594583333333
267 0.005 0.0 0.6085
268 0.01 0.0 0.605
269 0.01 0.0 0.605
270 0.02 0.0 0.605
271 0.05 0.0 0.605
272 0.08 0.0 0.60975
273 0.11 0.0 0.604583333333
274 0.14 0.0 0.609083333333
275 0.165 0.0 0.609
276 0.195 0.0 0.609833333333
277 0.225 0.0 0.614583333333
278 0.25 0.0 0.608333333333
279 0.26 0.0 0.607416666667
280 0.26 0.0 0.605916666667
281 0.26 0.0 0.604666666667
282 0.26 0.0 0.599166666667
283 0.26 0.0 0.596916666667
284 0.26 0.0 0.59675
285 0.26 0.0 0.594583333333
286 0.26 0.0 0.594416666667
287 0.26 0.0 0.592083333333
288 0.26 0.0 0.590666666667
289 0.26 0.0 0.58975
290 0.26 0.0 0.5875
291 0.26 0.0 0.586166666667
292 0.26 0.0 0.585
293 0.26 0.0 0.583
294 0.26 0.0 0.5805
295 0.26 0.0 0.57975
296 0.26 0.0 0.5785
297 0.26 0.0 0.576
298 0.26 0.0 0.443166666667
299 0.26 0.0 0.134333333333
300 0.26 0.0 0.0
301 0.26 0.0 0.0
302 0.26 0.0 0.0
303 0.26 0.0 0.0
304 0.26 0.0 0.0
305 0.26 0.0 0.0
306 0.26 0.0 0.0
307 0.26 0.0 0.0
308 0.26 0.0 0.0
309 0.26 0.0 0.0
310 0.26 0.0 0.0
311 0.26 0.0 0.0
312 0.26 0.0 0.0
313 0.26 0.0 0.0
314 0.26 0.0 0.0
315 0.26 0.0 0.0
316 0.26 0.0 0.0
317 0.26 0.0 0.0
318 0.26 0.0 0.0
319 0.26 0.0 0.0
320 0.26 0.0 0.0
321 0.26 0.0 0.0
322 0.26 0.0 0.0
323 0.26 0.0 0.0
324 0.26 0.0 0.0
325 0.26 0.0 0.0
326 0.26 0.0 0.0
327 0.26 0.0 0.0
328 0.26 0.0 0.0
329 0.26 0.0 0.0
330 0.26 0.0 0.0
331 0.26 0.0 0.0
332 0.26 0.0 0.0
333 0.26 0.0 0.0
334 0.26 0.0 0.0
335 0.26 0.0 0.0
336 0.26 0.0 0.0
337 0.26 0.0 0.0
338 0.26 0.0 0.0
339 0.26 0.0 0.0
340 0.26 0.0 0.0
341 0.26 0.0 0.0
342 0.26 0.0 0.0
343 0.26 0.0 0.0
344 0.26 0.0 0.0
345 0.26 0.0 0.0
346 0.26 0.0 0.0
347 0.26 0.0 0.0
348 0.26 0.0 0.0
349 0.26 0.0 0.0
350 0.26 0.0 0.0
351 0.26 0.0 0.0
352 0.26 0.0 0.0
