0 0.26 0.0 0.0
1 0.26 0.0 0.0
2 0.26 0.0 0.0
3 0.26 0.0 0.0
4 0.26 0.0 0.0
5 0.26 0.0 0.0
6 0.26 0.0 0.0
7 0.26 0.0 0.0
8 0.26 0.0 0.0
9 0.26 0.0 0.0
10 0.26 0.0 0.0
11 0.26 0.0 0.0
12 0.26 0.0 0.0
13 0.26 0.0 0.0
14 0.26 -0.05 0.0
15 0.26 -0.1 0.0
16 0.26 -0.2 0.0
17 0.26 -0.2 0.0
18 0.26 -0.2 0.0
19 0.26 -0.5 0.0
20 0.26 -0.8 0.0
21 0.26 -0.95 0.0
22 0.26 -1.0 0.0
23 0.26 -1.1 0.0
24 0.26 -1.2 0.0
25 0.0 0.0 0.0
26 0.0 0.0 0.0
27 0.0 0.0 0.0
28 0.0 0.0 0.0
29 0.005 0.0 0.0
30 0.01 0.0 0.0
31 0.01 0.0 0.0
32 0.035 0.0 0.0
33 0.06 0.0 0.0
34 0.09 0.0 0.0
35 0.12 0.0 0.0
36 0.145 0.0 0.0
37 0.175 0.0 0.0
38 0.2 0.0 0.0
39 0.225 0.0 0.0
40 0.25 0.0 0.0
41 0.26 0.0 0.0
42 0.26 0.0 0.0
43 0.26 0.0 0.0
44 0.26 0.0 0.0
45 0.26 0.1 0.0
46 0.26 0.15 0.0
47 0.26 0.2 0.0
48 0.26 0.3 0.0
49 0.26 0.35 0.0
50 0.26 0.4 0.0
51 0.26 0.5 0.0
52 0.26 0.5 0.0
53 0.26 0.5 0.0
54 0.26 0.5 0.0
55 0.26 0.5 0.0
56 0.26 0.5 0.0375
57 0.26 0.5 0.18125
58 0.26 0.5 0.31875
59 0.26 0.5 0.31875
60 0.26 0.5 0.3125
61 0.0 0.0 0.30625
62 0.0 0.0 0.2875
63 0.0 0.0 0.29375
64 0.0 0.0 0.3
65 0.0 0.1 0.3
66 0.0 0.1 0.28125
67 0.0 0.1 0.25625
68 0.0 0.25 0.23125
69 0.0 0.5 0.175
70 0.0 0.0 0.10625
71 0.0 0.0 0.00625
72 0.005 0.0 0.00625
73 0.01 0.0 0.00625
74 0.01 0.0 0.00625
75 0.025 0.0 0.00625
76 0.055 0.0 0.00625
77 0.085 0.0 0.00625
78 0.115 0.0 0.00625
79 0.14 0.0 0.0
80 0.17 0.0 0.0
81 0.2 0.0 0.01875
82 0.23 0.0 0.01875
83 0.26 0.0 0.00625
84 0.26 0.0 0.012
85 0.26 0.0 0.00625
86 0.26 0.0 0.0
87 0.26 0.0 0.0
88 0.26 0.0 0.0
89 0.26 0.0 0.0
90 0.26 0.0 0.0
91 0.26 0.0 0.0
92 0.26 0.0 0.0
93 0.26 0.0 0.0
94 0.26 0.0 0.0
95 0.26 0.0 0.0
96 0.26 0.0 0.0
97 0.26 0.0 0.0
98 0.26 0.0 0.0
99 0.26 0.0 0.0
100 0.26 0.0 0.0
101 0.26 0.0 0.0
102 0.26 0.0 0.0
103 0.26 0.0 0.0
104 0.26 0.0 0.0
105 0.26 0.0 0.0
106 0.26 0.0 0.0
107 0.26 0.0 0.0
108 0.26 0.0 0.0
109 0.26 0.0 0.0
110 0.26 0.0 0.0
111 0.26 0.0 0.0
112 0.26 0.0 0.0
113 0.26 0.0 0.0
114 0.26 0.0 0.0
115 0.26 0.0 0.0
116 0.26 0.0 0.0
117 0.26 0.0 0.0
118 0.26 0.0 0.0
119 0.26 0.0 0.0
120 0.26 0.0 0.0
121 0.26 0.0 0.0
122 0.26 0.0 0.0
123 0.26 0.0 0.0
124 0.26 0.0 0.0
125 0.26 0.0 0.0
126 0.26 0.0 0.0
127 0.26 0.0 0.0
128 0.26 0.0 0.0
129 0.26 0.0 0.0
130 0.26 0.0 0.0
131 0.26 0.0 0.0
132 0.26 0.0 0.0
133 0.26 0.0 0.0
134 0.26 0.0 0.0
135 0.26 0.1 0.0
136 0.26 0.15 0.0
137 0.26 0.2 0.0
138 0.26 0.3 0.0
139 0.26 0.4 0.0
140 0.26 0.5 0.0
141 0.26 0.5 0.0
142 0.26 0.5 0.398166666667
143 0.26 0.5 0.658333333333
144 0.26 0.5 0.758333333333
145 0.26 0.5 0.75
146 0.26 0.5 0.716666666667
147 0.26 0.5 0.658333333333
148 0.26 0.5 0.525
149 0.26 0.5 0.375
150 0.0 0.0 0.208333333333
151 0.0 0.0 0.0166666666667
152 0.0 0.0 0.0
153 0.0 0.0 0.0
154 0.0 0.05 0.0
155 0.0 0.1 0.0
156 0.0 0.1 0.0
157 0.0 0.2 0.0
158 0.0 0.5 0.0
159 0.0 0.0 0.0
160 0.0 0.0 0.0
161 0.005 0.0 0.0
162 0.01 0.0 0.0
163 0.01 0.0 0.0
164 0.015 0.0 0.0
165 0.04 0.0 0.0
166 0.07 0.0 0.0
167 0.095 0.0 0.0
168 0.125 0.0 0.0
169 0.155 0.0 0.0
170 0.185 0.0 0.0
171 0.215 0.0 0.0
172 0.245 0.0 0.0
173 0.26 0.0 0.0
174 0.26 0.0 0.0
175 0.26 0.0 0.0
176 0.26 -0.05 0.0
177 0.26 -0.1 0.0
178 0.26 -0.1 0.0
179 0.26 -0.1 0.0
180 0.26 -0.2 0.0
181 0.26 -0.2 0.0
182 0.26 -0.25 0.0
183 0.26 -0.35 0.0
184 0.26 -0.4 0.0
185 0.26 -0.4 0.0
186 0.26 -0.5 0.0
187 0.26 -0.55 0.0
188 0.26 -0.6 0.0
189 0.26 -0.6 0.0
190 0.26 -0.6 0.0
191 0.26 -0.6 0.0
192 0.0 0.0 0.0
193 0.0 0.0 0.0
194 0.0 0.0 0.1375
195 0.0 0.0 0.25
196 0.005 0.0 0.342916666667
197 0.01 0.0 0.4125
198 0.01 0.0 0.45625
199 0.025 0.0 0.4875
200 0.05 0.0 0.5
201 0.08 0.0 0.5
202 0.11 0.0 0.496333333333
203 0.14 0.0 0.49375
204 0.17 0.0 0.49375
